1
3
4
5
8
9
10
11
13
14
15
16
17
18
19
21
25
27
30
31
32
33
38
39
42
43
44
45
46
47
48
49
51
52
53
54
55
59
60
61
62
63
64
65
66
67
69
70
72
73
74
75
76
78
80
81
82
83
84
85
86
87
90
91
92
93
95
96
97
98
99
100
101
102
103
105
106
107
108
109
110
111
113
114
115
116
117
118
119
123
125
126
132
133
134
135
139
141
142
143
145
146
147
148
149
150
152
153
154
157
158
160
161
162
163
164
167
169
170
171
172
173
174
175
176
177
178
179
180
181
182
183
184
185
187
190
191
192
194
195
196
197
198
199
201
202
204
205
206
207
208
209
210
211
212
214
216
217
218
219
220
222
224
225
226
227
228
229
230
231
232
233
235
236
237
238
239
241
243
244
245
246
248
249
250
251
252
254
256
257
258
259
260
261
262
263
264
266
267
269
270
274
275
276
277
278
279
280
283
288
289
292
293
294
295
297
299
300
301
302
303
304
306
307
308
309
310
311
313
315
318
319
320
321
322
323
324
325
327
328
329
330
331
332
333
334
336
337
339
344
345
346
347
348
349
351
352
353
354
355
357
358
359
360
362
363
365
366
367
368
369
371
372
373
374
375
376
377
378
379
380
381
382
383
384
385
386
387
389
390
392
393
394
395
396
397
398
399
400
402
404
405
406
407
408
409
411
412
415
416
417
418
420
421
422
423
424
425
427
428
430
431
432
433
434
435
436
437
438
439
440
441
442
444
445
446
447
451
452
453
454
455
456
460
462
463
464
465
466
467
468
472
473
474
476
477
480
483
484
485
486
487
488
489
490
492
493
494
495
496
499
500
501
503
504
505
506
507
508
509
510
511
514
515
516
517
518
519
521
524
529
530
531
532
533
534
536
538
539
541
542
543
546
549
550
551
552
553
554
555
556
559
560
563
564
565
566
568
569
570
571
573
575
576
579
581
582
583
584
585
591
593
594
595
596
597
598
599
600
603
605
606
607
609
611
612
613
614
615
616
618
620
621
622
626
627
628
629
630
632
633
634
635
636
638
639
641
642
643
644
645
646
649
650
651
653
654
655
657
659
660
661
662
663
665
667
668
669
670
671
672
675
676
677
678
679
680
681
682
685
688
689
693
695
696
698
699
701
702
703
704
705
706
708
709
710
711
712
713
715
718
720
721
722
723
724
725
726
727
728
729
731
732
733
734
735
738
739
740
741
742
745
746
750
751
752
753
754
755
756
757
760
761
762
763
765
767
768
769
770
771
772
773
774
775
776
777
778
779
780
781
782
783
784
786
787
789
792
795
797
799
800
801
802
804
805
807
808
809
811
812
815
816
817
818
819
820
822
824
826
827
829
830
831
833
834
837
838
840
843
844
845
848
849
851
852
854
856
857
858
860
862
863
864
865
866
867
868
869
870
871
873
874
875
876
877
880
882
883
884
885
886
887
888
889
891
892
894
895
896
897
898
899
901
903
904
905
906
907
908
909
910
912
913
914
915
916
918
920
921
925
926
927
928
929
930
931
932
933
935
936
937
939
940
941
942
943
944
945
946
947
948
949
950
951
953
954
955
956
957
958
959
960
963
965
967
968
970
971
972
973
974
977
978
979
980
981
983
984
985
986
987
988
991
994
995
997
998
999
1000
1002
1003
1004
1006
1008
1009
1011
1012
1013
1014
1016
1017
1018
1019
1020
1021
1022
1024
1026
1027
1028
1031
1032
1034
1036
1037
1039
1040
1041
1042
1043
1044
1045
1046
1047
1049
1050
1052
1053
1055
1057
1058
1059
1060
1061
1062
1063
1066
1067
1069
1070
1071
1072
1073
1074
1076
1077
1079
1080
1081
1083
1084
1085
1086
1089
1092
1093
1094
1095
1097
1098
1099
1100
1101
1102
1103
1105
1107
1108
1110
1112
1113
1115
1117
1118
1120
1121
1122
1123
1125
1126
1127
1128
1129
1130
1132
1133
1134
1136
1140
1141
1142
1145
1146
1148
1149
1150
1153
1154
1155
1156
1157
1158
1159
1160
1163
1164
1166
1167
1168
1169
1170
1171
1172
1174
1175
1176
1177
1178
1179
1181
1182
1183
1184
1185
1186
1187
1188
1191
1195
1196
1197
1199
1200
1201
1202
1203
1204
1206
1208
1209
1212
1213
1214
1215
1216
1217
1218
1220
1222
1223
1224
1225
1226
1227
1228
1229
1231
1233
1234
1235
1236
1238
1239
1240
1242
1243
1244
1245
1246
1247
1248
1250
1251
1252
1254
1255
1258
1259
1260
1261
1262
1263
1264
1266
1268
1269
1270
1272
1273
1274
1275
1276
1277
1279
1280
1281
1282
1283
1284
1285
1286
1289
1290
1291
1292
1293
1294
1298
1300
1301
1302
1303
1304
1305
1306
1307
1308
1309
1310
1311
1313
1314
1315
1318
1319
1321
1322
1323
1324
1325
1328
1330
1331
1332
1334
1335
1337
1338
1339
1340
1341
1342
1343
1344
1345
1347
1348
1349
1350
1352
1353
1354
1355
1356
1357
1358
1361
1366
1367
1368
1369
1370
1372
1374
1375
1376
1377
1378
1379
1380
1382
1387
1388
1389
1390
1391
1393
1395
1396
1398
1399
1400
1401
1402
1403
1404
1406
1407
1408
1409
1410
1411
1412
1413
1414
1415
1416
1417
1420
1421
1422
1423
1424
1426
1427
1429
1430
1431
1432
1433
1434
1435
1436
1437
1438
1439
1442
1443
1444
1445
1446
1447
1448
1450
1451
1452
1455
1456
1460
1461
1463
1464
1465
1469
1470
1471
1472
1474
1475
1476
1477
1478
1479
1480
1482
1483
1484
1485
1487
1489
1490
1491
1492
1493
1494
1495
1497
1501
1502
1503
1504
1505
1506
1507
1508
1509
1510
1512
1513
1514
1516
1517
1518
1522
1525
1526
1527
1528
1529
1530
1531
1532
1533
1534
1535
1536
1537
1538
1539
1541
1542
1543
1544
1546
1548
1549
1551
1552
1553
1554
1555
1557
1560
1561
1562
1563
1564
1565
1566
1567
1568
1569
1570
1574
1577
1578
1579
1580
1581
1582
1583
1584
1585
1586
1587
1588
1591
1592
1594
1595
1596
1597
1598
1599
1601
1604
1605
1606
1608
1609
1610
1612
1614
1616
1618
1619
1622
1623
1624
1626
1628
1629
1630
1631
1632
1633
1636
1638
1639
1640
1641
1642
1643
1644
1645
1646
1648
1649
1650
1651
1652
1653
1655
1656
1657
1659
1660
1661
1663
1664
1665
1666
1667
1668
1669
1670
1671
1672
1673
1674
1675
1676
1678
1679
1680
1681
1683
1684
1685
1686
1687
1688
1692
1693
1694
1695
1696
1697
1699
1700
1701
1702
1703
1704
1705
1706
1707
1710
1712
1713
1714
1715
1717
1718
1719
1720
1721
1722
1724
1726
1727
1728
1730
1732
1733
1734
1735
1736
1737
1738
1739
1740
1741
1742
1743
1744
1745
1746
1747
1749
1750
1751
1752
1754
1756
1761
1763
1764
1765
1767
1770
1775
1776
1777
1779
1780
1781
1782
1783
1784
1785
1787
1789
1790
1791
1792
1794
1795
1797
1798
1799
1800
1802
1803
1804
1805
1806
1807
1808
1811
1812
1814
1815
1816
1817
1819
1820
1821
1822
1823
1824
1828
1829
1830
1831
1832
1834
1836
1837
1838
1839
1840
1841
1842
1843
1844
1846
1847
1848
1851
1852
1854
1856
1857
1858
1861
1862
1864
1866
1867
1868
1869
1870
1871
1872
1873
1874
1875
1876
1877
1878
1879
1880
1882
1883
1884
1886
1887
1888
1889
1891
1892
1893
1894
1895
1896
1897
1898
1901
1902
1904
1905
1906
1908
1909
1911
1912
1913
1914
1915
1916
1917
1918
1919
1920
1921
1922
1923
1925
1926
1927
1928
1930
1932
1933
1934
1935
1936
1937
1938
1939
1940
1941
1942
1943
1944
1946
1947
1948
1949
1950
1951
1953
1954
1956
1957
1958
1959
1960
1961
1962
1963
1965
1966
1967
1968
1969
1970
1971
1972
1973
1974
1975
1978
1979
1980
1981
1982
1983
1984
1985
1986
1987
1988
1989
1990
1993
1994
1995
1996
1997
1998
1999
2000
2001
2002
2003
2004
2005
2006
2007
2008
2009
2010
2011
2012
2013
2014
2015
2016
2017
2018
2019
2020
2021
2022
2023
2024
2025
2026
2027
2028
2029
2031
2032
2033
2034
2035
2037
2038
2039
2040
2041
2042
2043
2044
2045
2046
2047
2048
2049
2050
2051
2052
2053
2054
2055
2056
2057
2058
2059
2061
2063
2064
2065
2066
2067
2068
2069
2070
2071
2072
2074
2076
2077
2078
2079
2080
2081
2082
2083
2084
