0
1
3
4
5
8
10
12
13
14
15
16
17
18
19
21
22
24
25
26
27
28
30
31
32
35
37
38
40
41
42
44
46
47
48
51
52
53
54
55
56
57
59
60
61
62
63
64
65
66
67
68
69
70
71
72
73
74
75
77
78
79
80
81
82
83
85
86
87
89
91
92
93
94
96
97
98
99
100
101
102
103
104
105
106
107
109
110
111
112
115
116
117
119
122
123
124
126
127
128
131
132
134
138
139
140
142
144
145
148
149
150
151
152
153
156
157
158
159
160
161
163
164
166
169
170
171
172
173
174
175
176
177
178
179
180
181
182
183
184
186
187
188
190
191
192
194
195
196
197
198
199
200
201
202
204
206
208
209
210
215
218
219
220
221
222
223
224
225
227
229
231
232
236
238
240
241
242
243
249
250
251
252
253
254
255
257
258
259
260
261
264
265
266
268
270
273
274
275
276
277
278
281
283
284
286
287
288
290
291
292
294
295
296
297
300
301
302
303
304
306
308
310
311
312
313
315
316
317
318
320
321
322
323
324
325
326
329
330
331
332
333
334
335
336
338
339
340
342
343
344
345
346
348
349
350
351
352
353
354
356
357
358
359
361
364
365
366
367
368
369
371
372
373
374
375
376
377
379
381
382
383
384
386
387
390
391
392
393
395
396
399
400
401
402
404
405
406
408
409
412
413
414
416
417
418
419
420
421
422
426
427
428
429
430
431
433
434
435
437
438
439
440
441
442
443
444
445
446
447
448
451
452
453
454
455
456
457
459
460
461
462
463
465
466
467
468
470
472
473
474
475
477
479
480
482
483
484
485
486
489
490
491
493
494
495
496
497
498
499
501
505
506
507
508
509
510
511
512
515
516
517
518
519
521
522
524
526
528
529
530
531
532
533
534
535
536
537
538
541
542
543
544
545
546
547
548
549
550
551
552
553
554
555
556
558
559
560
561
562
563
564
565
566
571
573
574
575
576
577
578
579
580
581
586
588
591
593
594
595
596
598
599
600
604
607
608
609
610
611
612
613
614
615
617
618
620
621
622
623
625
626
627
628
629
630
631
634
636
637
638
640
641
642
643
646
648
649
651
652
653
655
656
657
658
660
663
665
666
667
668
669
670
672
673
674
675
676
678
679
681
682
684
685
686
687
688
689
692
693
694
695
696
697
698
699
700
701
702
703
704
705
706
707
708
709
713
714
715
716
717
719
720
723
725
727
728
729
731
732
733
734
735
736
737
738
741
742
743
744
745
746
747
750
752
753
754
755
756
757
758
759
760
761
762
763
764
765
766
767
768
769
771
772
773
774
775
776
777
778
779
780
781
782
783
784
786
788
789
790
791
792
793
794
795
796
800
801
803
804
806
807
808
809
810
812
813
814
816
818
819
821
822
823
825
826
827
829
830
831
833
834
836
837
838
839
840
841
842
844
845
846
848
849
851
852
853
854
856
857
858
859
860
862
863
864
865
867
869
870
871
872
873
874
875
876
877
878
879
880
881
882
883
885
887
888
890
894
895
896
897
898
899
901
902
903
905
907
908
909
910
911
913
914
917
918
919
920
921
923
924
926
928
929
931
932
933
934
935
936
938
939
940
941
943
944
945
946
947
950
951
952
954
955
956
957
958
959
960
961
962
963
964
965
967
968
971
972
974
975
979
980
981
983
984
985
986
990
991
992
993
994
996
997
998
999
1000
1001
1002
1003
1004
1006
1011
1013
1014
1015
1017
1018
1019
1020
1021
1023
1024
1026
1027
1028
1029
1030
1031
1032
1033
1034
1035
1037
1039
1041
1044
1046
1048
1049
1051
1052
1054
1055
1056
1057
1058
1059
1060
1061
1062
1063
1064
1065
1066
1067
1070
1071
1072
1074
1075
1076
1077
1078
1079
1081
1082
1083
1085
1086
1087
1088
1089
1091
1092
1094
1095
1096
1097
1099
1100
1101
1103
1106
1107
1108
1109
1111
1112
1113
1115
1117
1118
1119
1120
1122
1123
1124
1125
1127
1128
1129
1132
1133
1134
1135
1136
1137
1138
1140
1141
1142
1143
1144
1145
1146
1147
1148
1149
1151
1153
1154
1158
1159
1161
1162
1163
1166
1167
1168
1169
1170
1171
1172
1173
1174
1175
1176
1178
1179
1180
1181
1182
1183
1184
1185
1186
1187
1188
1190
1191
1192
1193
1194
1195
1196
1198
1199
1200
1201
1204
1206
1208
1212
1213
1214
1216
1217
1218
1219
1220
1221
1222
1224
1225
1227
1228
1229
1231
1233
1235
1237
1239
1240
1241
1242
1244
1246
1247
1248
1249
1250
1251
1252
1254
1255
1257
1259
1260
1261
1262
1263
1264
1265
1267
1268
1269
1270
1271
1273
1274
1275
1277
1278
1279
1280
1281
1282
1283
1284
1285
1288
1290
1291
1294
1295
1296
1297
1298
1300
1301
1302
1303
1304
1305
1306
1307
1308
1309
1310
1313
1314
1318
1320
1321
1322
1323
1324
1325
1327
1329
1330
1331
1332
1333
1335
1336
1338
1339
1340
1341
1342
1343
1344
1345
1347
1348
1349
1350
1351
1352
1353
1354
1355
1356
1357
1358
1359
1360
1362
1363
1365
1367
1368
1369
1370
1373
1374
1375
1376
1380
1381
1382
1385
1386
1387
1388
1389
1390
1392
1393
1394
1395
1396
1397
1398
1399
1400
1401
1403
1405
1407
1410
1411
1412
1415
1416
1418
1419
1421
1423
1424
1425
1426
1427
1429
1430
1431
1432
1433
1434
1435
1436
1439
1440
1441
1442
1444
1445
1446
1447
1448
1449
1450
1451
1452
1453
1454
1455
1456
1457
1458
1459
1460
1461
1462
1464
1466
1467
1468
1471
1472
1474
1476
1477
1478
1480
1481
1482
1484
1485
1487
1489
1490
1491
1492
1494
1495
1497
1499
1500
1501
1502
1503
1504
1505
1506
1507
1509
1512
1513
1514
1516
1517
1518
1520
1521
1523
1524
1527
1528
1530
1531
1533
1535
1536
1537
1538
1539
1540
1542
1543
1544
1545
1546
1547
1548
1550
1551
1552
1554
1555
1556
1557
1558
1560
1561
1563
1564
1566
1567
1568
1569
1570
1573
1574
1578
1579
1580
1581
1583
1584
1587
1588
1589
1590
1591
1592
1593
1594
1595
1598
1600
1601
1602
1603
1605
1606
1608
1609
1610
1611
1614
1616
1618
1619
1620
1621
1622
1623
1624
1626
1627
1629
1631
1632
1633
1634
1635
1636
1637
1638
1639
1642
1643
1644
1645
1647
1650
1651
1653
1656
1658
1662
1663
1665
1666
1667
1668
1669
1672
1673
1676
1677
1678
1679
1680
1681
1683
1684
1685
1686
1687
1688
1689
1690
1691
1693
1694
1695
1696
1697
1699
1700
1701
1702
1703
1704
1705
1706
1707
1710
1711
1715
1716
1717
1718
1719
1721
1722
1723
1725
1726
1727
1728
1729
1730
1731
1732
1735
1737
1738
1741
1742
1744
1745
1746
1748
1749
1750
1752
1753
1755
1756
1757
1758
1759
1760
1761
1762
1763
1764
1765
1766
1768
1769
1771
1772
1773
1774
1775
1776
1777
1778
1779
1784
1786
1787
1788
1789
1790
1792
1793
1794
1795
1796
1797
1798
1800
1801
1802
1804
1805
1806
1807
1808
1811
1812
1814
1815
1816
1818
1819
1820
1821
1822
1823
1824
1825
1826
1831
1832
1833
1834
1835
1836
1838
1839
1841
1842
1843
1848
1850
1852
1854
1855
1856
1858
1859
1861
1863
1864
1865
1866
1867
1868
1869
1870
1872
1873
1874
1875
1876
1877
1879
1880
1881
1882
1883
1884
1885
1886
1888
1889
1892
1893
1895
1896
1897
1898
1900
1901
1902
1903
1904
1908
1909
1910
1911
1912
1913
1914
1915
1916
1917
1920
1922
1923
1925
1926
1927
1928
1929
1931
1932
1933
1934
1936
1938
1939
1940
1941
1943
1945
1947
1949
1950
1952
1953
1954
1955
1958
1960
1961
1962
1963
1964
1965
1966
1968
1969
1970
1971
1972
1973
1974
1975
1977
1978
1981
1982
1983
1984
1985
1987
1988
1989
1990
1991
1992
1998
2000
2001
2002
2003
2004
2005
2006
2007
2008
2009
2010
2011
2012
2013
2014
2015
2016
2017
2018
2019
2020
2021
2022
2023
2024
2025
2026
2027
2028
2029
2030
2031
2032
2033
2034
2035
2036
2037
2038
2039
2040
2041
2042
2044
2045
2046
2047
2048
2049
2050
2051
2052
2053
2054
2055
2056
2057
2058
2059
2060
2061
2062
2063
2064
2065
2066
2067
2068
2069
2071
2072
2073
2074
2075
2076
2077
2078
2079
2080
2082
2083
2084
