4
5
9
11
13
38
58
80
83
87
123
139
150
190
216
227
326
336
346
368
379
383
385
404
422
430
435
505
513
544
560
564
598
611
622
625
635
670
680
684
714
733
743
746
752
760
761
778
783
784
823
836
838
878
885
886
971
980
993
1008
1011
1016
1044
1049
1066
1103
1127
1128
1129
1140
1143
1180
1185
1190
1203
1220
1221
1249
1292
1301
1316
1343
1345
1370
1380
1406
1417
1421
1432
1443
1454
1475
1480
1494
1500
1521
1529
1551
1559
1565
1583
1585
1602
1610
1619
1631
1653
1678
1693
1713
1719
1720
1726
1734
1741
1746
1752
1767
1790
1822
1845
1864
1867
1882
1886
1887
1895
1909
1925
1933
1934
1941
1945
1964
1982
1988
1990
1994
1998
2001
2003
2004
2005
2007
2008
2010
2011
2012
2013
2014
2015
2016
2017
2018
2019
2020
2021
2022
2023
2025
2027
2028
2029
2030
2031
2033
2034
2035
2036
2037
2038
2039
2040
2041
2042
2043
2044
2046
2048
2049
2050
2051
2052
2055
2059
2061
2062
2063
2064
2065
2066
2067
2068
2069
2070
2071
2072
2073
2074
2075
2077
2078
2079
2080
2081
2082
2083
2084
