1
3
4
5
8
10
15
16
18
26
29
35
38
40
51
61
62
72
76
83
86
93
97
103
112
116
121
123
129
131
135
138
139
142
147
150
151
157
160
170
177
179
186
188
190
191
192
202
211
221
225
234
236
237
242
244
247
250
251
253
264
265
268
277
294
295
300
301
303
304
308
309
312
317
325
326
327
328
330
331
338
343
345
353
358
362
363
364
365
367
377
378
381
387
400
409
410
417
420
426
430
431
434
442
451
453
459
462
470
479
481
482
483
491
492
495
501
503
512
515
517
523
525
526
533
542
547
554
555
557
558
559
561
564
565
574
579
583
586
590
595
596
598
599
600
602
606
607
615
622
624
629
641
645
650
652
655
660
666
667
668
669
678
693
695
701
703
705
706
710
718
722
724
728
733
737
746
747
759
771
774
776
777
780
781
793
800
802
813
814
824
826
827
833
838
839
856
858
864
869
872
873
875
878
885
895
901
904
905
908
909
920
924
930
936
941
943
947
956
957
958
960
967
970
972
974
975
976
986
993
1002
1006
1007
1012
1013
1018
1019
1029
1035
1037
1038
1049
1054
1058
1061
1066
1071
1072
1074
1081
1091
1095
1099
1101
1103
1106
1107
1110
1113
1117
1121
1129
1134
1135
1140
1141
1144
1145
1149
1151
1157
1161
1166
1174
1175
1177
1179
1183
1195
1197
1198
1200
1204
1208
1211
1212
1220
1223
1228
1231
1232
1236
1242
1247
1249
1254
1264
1270
1278
1286
1289
1290
1299
1301
1303
1305
1316
1324
1325
1326
1329
1330
1331
1332
1345
1349
1354
1355
1361
1365
1382
1386
1394
1398
1399
1409
1417
1420
1423
1431
1438
1446
1456
1458
1459
1460
1463
1468
1472
1475
1479
1484
1492
1493
1496
1507
1511
1516
1522
1528
1535
1537
1540
1541
1544
1550
1556
1557
1558
1567
1572
1574
1588
1591
1592
1593
1594
1603
1604
1609
1610
1613
1619
1620
1623
1624
1628
1634
1645
1650
1654
1664
1670
1673
1677
1678
1682
1692
1694
1697
1701
1702
1703
1708
1710
1726
1734
1738
1739
1746
1752
1755
1765
1767
1772
1773
1784
1787
1791
1795
1796
1798
1808
1811
1817
1819
1820
1823
1826
1833
1835
1839
1843
1852
1854
1866
1867
1868
1871
1879
1882
1883
1884
1896
1897
1900
1901
1904
1905
1909
1913
1914
1917
1918
1919
1925
1927
1930
1945
1947
1949
1953
1955
1959
1961
1967
1969
1976
1989
1993
1998
2000
2001
2003
2004
2005
2007
2008
2009
2010
2013
2014
2015
2016
2017
2018
2019
2020
2021
2023
2024
2025
2026
2027
2028
2030
2031
2033
2036
2037
2038
2040
2041
2042
2043
2046
2047
2048
2049
2051
2054
2055
2058
2061
2065
2066
2067
2068
2069
2071
2072
2073
2074
2075
2076
2077
2078
2080
2081
2082
2084
