0
3
4
5
7
8
9
10
11
13
21
22
23
25
28
30
34
38
42
47
52
55
56
58
60
61
64
67
68
69
70
72
75
76
78
79
80
82
83
86
87
88
89
91
93
95
97
98
101
103
104
106
107
111
112
117
121
123
126
131
132
136
137
138
139
142
147
148
150
151
153
155
156
161
163
167
170
172
173
174
176
177
188
190
195
198
201
202
206
207
209
211
215
216
220
221
223
225
227
232
235
236
238
239
242
244
250
251
253
256
257
259
260
261
263
264
265
268
269
270
273
274
275
276
279
281
282
286
287
288
289
290
294
295
300
301
306
309
313
314
316
317
318
319
321
322
323
324
326
328
329
330
331
332
333
336
337
338
342
345
346
352
353
354
355
356
357
358
359
360
363
364
366
367
368
371
374
376
377
379
383
384
385
387
388
391
395
396
397
399
400
402
404
406
407
408
409
414
415
416
418
422
425
428
430
431
434
435
437
438
439
442
452
454
459
460
462
470
472
473
474
477
480
483
484
487
488
490
491
494
497
498
499
501
504
505
508
509
510
513
515
518
522
523
525
526
527
528
529
530
531
534
536
537
538
539
541
542
543
544
545
548
552
554
555
558
559
560
564
565
567
568
571
573
578
579
583
584
586
591
593
594
598
601
603
604
606
609
611
613
614
615
617
621
622
625
626
627
628
629
631
633
634
635
642
651
656
658
662
663
668
670
675
680
681
682
683
684
685
686
691
692
693
699
700
702
703
704
705
706
707
713
714
715
716
720
722
728
729
730
732
733
734
740
743
745
746
747
749
750
751
752
756
757
760
761
762
763
765
766
769
771
773
774
775
776
777
778
779
780
783
784
786
790
792
794
797
801
802
804
807
808
810
811
813
816
818
820
821
823
832
833
834
835
836
838
840
844
847
849
850
851
854
860
864
865
867
869
874
878
879
880
881
883
885
886
888
889
890
891
892
896
899
902
905
913
914
915
916
918
920
922
929
930
937
939
941
943
949
955
959
961
962
964
966
968
971
972
977
979
980
981
982
984
985
987
993
994
995
999
1000
1001
1002
1003
1006
1007
1008
1010
1011
1013
1016
1020
1023
1026
1029
1034
1036
1037
1039
1043
1044
1047
1048
1049
1051
1057
1058
1059
1061
1062
1063
1066
1068
1070
1071
1074
1077
1078
1079
1081
1083
1087
1089
1090
1093
1095
1098
1101
1102
1103
1104
1105
1106
1109
1111
1119
1122
1124
1126
1127
1128
1129
1132
1135
1136
1138
1139
1140
1143
1144
1145
1146
1147
1155
1160
1163
1164
1165
1166
1167
1168
1171
1174
1178
1180
1185
1187
1190
1191
1194
1195
1196
1197
1202
1203
1207
1208
1212
1214
1217
1218
1219
1220
1221
1222
1228
1231
1232
1233
1236
1237
1238
1240
1247
1248
1249
1254
1255
1257
1258
1259
1261
1262
1264
1266
1268
1269
1270
1273
1275
1276
1277
1278
1279
1280
1282
1285
1286
1288
1289
1290
1291
1292
1294
1295
1299
1301
1304
1306
1309
1316
1317
1324
1325
1328
1330
1331
1334
1337
1338
1339
1341
1342
1343
1345
1346
1347
1351
1355
1356
1357
1358
1360
1361
1367
1370
1375
1377
1378
1380
1381
1382
1387
1388
1389
1392
1395
1397
1398
1402
1404
1406
1410
1411
1413
1414
1415
1417
1419
1421
1429
1432
1435
1437
1441
1442
1443
1444
1446
1447
1450
1452
1453
1454
1456
1460
1462
1464
1467
1468
1469
1470
1471
1475
1477
1478
1480
1483
1485
1486
1488
1489
1490
1492
1493
1494
1495
1496
1500
1501
1505
1506
1509
1511
1513
1516
1517
1518
1520
1521
1522
1523
1527
1528
1529
1530
1531
1534
1537
1538
1540
1541
1543
1544
1549
1551
1556
1557
1559
1561
1562
1563
1564
1565
1566
1567
1568
1571
1572
1575
1576
1577
1578
1582
1583
1585
1586
1587
1589
1590
1592
1593
1597
1600
1601
1602
1603
1604
1605
1606
1610
1611
1612
1614
1615
1616
1619
1620
1623
1624
1628
1631
1634
1635
1636
1638
1639
1640
1642
1643
1646
1647
1649
1650
1653
1654
1656
1659
1662
1664
1665
1666
1667
1672
1674
1677
1678
1685
1686
1688
1689
1692
1693
1694
1702
1705
1707
1709
1711
1712
1713
1714
1718
1719
1720
1724
1726
1727
1734
1735
1737
1740
1741
1742
1744
1745
1746
1748
1750
1752
1753
1754
1755
1761
1763
1767
1768
1773
1774
1775
1776
1777
1778
1779
1781
1784
1786
1789
1790
1795
1796
1797
1798
1803
1805
1806
1810
1812
1814
1815
1818
1819
1820
1821
1822
1824
1825
1827
1828
1829
1832
1833
1834
1836
1837
1838
1839
1841
1843
1844
1845
1847
1849
1850
1851
1852
1855
1864
1866
1867
1868
1871
1873
1875
1876
1877
1881
1882
1884
1885
1886
1887
1889
1891
1893
1894
1895
1896
1900
1901
1902
1905
1906
1907
1909
1914
1915
1917
1924
1925
1931
1933
1934
1939
1940
1941
1942
1943
1944
1945
1947
1949
1951
1952
1955
1956
1958
1959
1960
1962
1964
1967
1969
1970
1971
1974
1975
1976
1981
1982
1983
1984
1987
1988
1989
1990
1991
1992
1993
1994
1998
2000
2001
2002
2003
2004
2005
2007
2008
2009
2010
2011
2012
2013
2014
2015
2016
2017
2018
2019
2020
2021
2022
2023
2024
2025
2027
2028
2029
2030
2031
2032
2033
2034
2035
2036
2037
2038
2039
2040
2041
2042
2043
2044
2045
2046
2047
2048
2049
2050
2051
2052
2053
2054
2055
2057
2058
2059
2061
2062
2063
2064
2065
2066
2067
2068
2069
2070
2071
2072
2073
2074
2075
2076
2077
2078
2079
2080
2081
2082
2083
2084
