19
28
42
92
107
131
143
157
179
181
201
222
235
236
262
269
285
314
324
346
348
353
392
399
400
401
420
453
463
465
529
538
546
547
564
591
598
602
614
617
630
633
643
655
656
666
672
699
711
723
725
728
742
777
781
783
791
795
818
833
838
851
859
864
878
880
903
920
929
962
968
981
1012
1013
1035
1047
1055
1061
1064
1072
1101
1112
1120
1122
1126
1135
1157
1167
1207
1220
1254
1291
1301
1305
1307
1310
1323
1324
1339
1341
1343
1365
1396
1404
1452
1460
1468
1471
1474
1477
1502
1507
1516
1566
1573
1578
1596
1619
1627
1665
1667
1677
1678
1706
1727
1730
1756
1768
1783
1794
1806
1819
1822
1840
1842
1847
1883
1920
1922
1927
1935
1942
1945
1969
1989
2000
2001
2003
2005
2007
2008
2009
2010
2011
2012
2014
2016
2019
2021
2022
2023
2025
2027
2028
2031
2032
2033
2034
2035
2036
2037
2038
2039
2040
2041
2042
2043
2044
2047
2048
2049
2051
2052
2054
2055
2056
2057
2058
2061
2062
2065
2067
2068
2069
2070
2071
2072
2073
2074
2075
2076
2078
2079
2080
2081
2082
2083
2084
