0
1
2
3
4
6
8
10
11
13
14
15
16
19
20
23
26
30
34
38
41
42
43
46
48
51
53
54
55
58
59
62
64
65
66
69
70
71
73
75
77
78
79
81
83
86
87
89
91
92
94
102
104
106
107
111
115
117
121
123
126
128
129
134
143
146
147
148
151
152
153
154
155
156
161
162
166
168
173
174
175
176
178
185
188
189
191
195
196
199
204
206
208
209
211
214
219
221
223
225
228
229
230
231
232
235
236
238
239
240
243
249
250
251
252
253
255
256
257
258
259
261
262
264
265
268
269
273
274
275
276
283
284
285
287
288
291
292
293
294
296
297
298
300
301
302
303
305
306
309
310
312
315
317
318
319
320
322
327
333
334
335
336
337
341
342
343
344
345
346
349
350
353
357
363
365
366
376
379
380
381
385
387
388
390
391
394
395
399
400
404
407
409
411
415
420
421
422
425
426
427
428
430
432
433
434
436
437
438
441
444
445
446
447
448
451
452
455
463
464
465
466
474
476
477
479
484
485
486
487
488
491
492
493
495
496
499
502
503
507
508
510
512
513
517
518
519
521
523
524
525
526
528
530
532
533
534
535
536
539
540
542
544
545
546
547
549
551
552
553
554
555
556
564
565
567
568
569
570
573
574
579
581
583
585
590
591
593
595
598
603
605
606
608
612
613
614
615
618
622
623
625
626
632
633
638
640
643
645
646
648
650
652
656
657
662
663
666
667
668
669
670
671
674
676
677
678
681
683
685
687
688
689
690
694
695
696
697
699
701
702
703
709
713
714
715
716
722
723
725
728
730
731
733
734
735
736
737
738
739
740
742
743
746
747
748
749
755
757
758
760
761
762
766
768
771
774
779
780
781
782
784
785
787
791
794
799
801
804
808
809
813
814
815
817
820
822
823
825
827
831
832
833
835
838
839
840
843
844
848
849
851
853
854
855
856
857
858
862
863
866
867
872
873
876
878
880
881
883
884
886
890
891
893
895
896
897
899
900
902
904
907
908
910
911
913
915
916
917
920
921
922
923
924
926
927
929
931
933
934
936
939
945
946
950
951
952
956
958
959
961
962
967
968
971
977
981
983
984
985
986
988
990
992
993
996
998
1001
1003
1005
1006
1012
1014
1015
1017
1019
1020
1021
1024
1027
1028
1029
1031
1034
1039
1040
1045
1046
1049
1052
1054
1056
1057
1058
1061
1062
1065
1066
1070
1071
1072
1076
1077
1078
1081
1083
1086
1091
1093
1094
1095
1098
1100
1102
1103
1104
1106
1108
1109
1112
1113
1114
1115
1118
1121
1123
1124
1127
1128
1129
1134
1136
1139
1140
1141
1142
1147
1148
1149
1156
1157
1158
1162
1163
1164
1165
1166
1168
1170
1172
1174
1175
1178
1180
1184
1185
1186
1187
1190
1192
1193
1197
1198
1203
1204
1205
1208
1209
1210
1211
1214
1216
1217
1218
1220
1222
1228
1239
1243
1246
1247
1249
1251
1254
1256
1258
1259
1261
1262
1263
1264
1265
1266
1267
1268
1270
1273
1275
1276
1280
1283
1285
1286
1287
1294
1295
1296
1297
1300
1303
1304
1306
1307
1308
1309
1310
1312
1318
1319
1322
1326
1330
1331
1333
1339
1342
1345
1346
1347
1349
1352
1355
1357
1358
1361
1366
1367
1368
1369
1370
1373
1374
1375
1376
1378
1380
1382
1383
1385
1388
1390
1391
1392
1393
1394
1395
1397
1401
1402
1403
1406
1408
1409
1410
1411
1414
1417
1420
1421
1423
1429
1430
1433
1434
1435
1438
1441
1443
1444
1445
1446
1450
1451
1452
1453
1455
1456
1459
1460
1463
1464
1465
1467
1468
1471
1475
1476
1477
1483
1484
1487
1489
1490
1491
1492
1496
1497
1498
1499
1501
1502
1506
1508
1510
1511
1512
1513
1516
1519
1520
1523
1524
1525
1529
1534
1535
1536
1538
1539
1540
1547
1550
1551
1554
1555
1556
1557
1562
1563
1564
1566
1567
1568
1569
1570
1572
1574
1576
1578
1580
1581
1582
1584
1585
1586
1587
1588
1589
1591
1592
1595
1596
1597
1598
1602
1606
1607
1610
1612
1615
1616
1618
1619
1621
1623
1625
1626
1627
1634
1635
1636
1638
1640
1642
1643
1644
1646
1651
1653
1656
1658
1662
1663
1664
1666
1667
1669
1670
1672
1674
1677
1678
1683
1684
1685
1686
1688
1690
1692
1693
1696
1697
1698
1704
1705
1706
1708
1711
1712
1713
1714
1715
1716
1721
1723
1724
1726
1728
1729
1730
1731
1733
1734
1736
1737
1739
1741
1742
1746
1748
1750
1751
1754
1758
1761
1764
1765
1769
1773
1774
1775
1778
1780
1783
1786
1788
1790
1791
1794
1801
1806
1807
1808
1809
1812
1814
1816
1818
1819
1820
1821
1822
1829
1830
1831
1836
1837
1838
1840
1843
1845
1846
1849
1853
1855
1856
1857
1863
1864
1866
1867
1873
1879
1882
1884
1885
1887
1889
1890
1893
1894
1897
1898
1901
1904
1905
1908
1909
1910
1911
1913
1916
1917
1920
1921
1924
1929
1930
1931
1932
1933
1934
1935
1936
1937
1938
1939
1942
1943
1945
1947
1948
1951
1956
1958
1960
1964
1967
1969
1970
1971
1972
1973
1975
1976
1978
1979
1982
1984
1985
1989
1990
1991
1994
1996
1997
1998
2000
2001
2003
2005
2006
2007
2008
2009
2010
2011
2014
2015
2016
2018
2019
2020
2022
2023
2024
2027
2028
2029
2031
2032
2033
2034
2035
2036
2038
2040
2041
2042
2043
2044
2045
2046
2047
2048
2049
2050
2051
2052
2054
2056
2059
2063
2064
2066
2067
2068
2069
2070
2071
2072
2073
2074
2075
2076
2078
2079
2080
2081
2082
2083
2084
