22
24
29
35
45
48
51
54
57
59
61
62
69
74
83
94
98
101
107
109
114
124
127
128
137
139
148
150
152
162
170
171
177
206
221
227
229
232
235
236
237
252
253
260
262
265
269
274
276
277
278
292
293
294
295
301
308
311
315
317
318
321
324
325
328
329
331
335
340
343
346
348
355
368
369
379
381
393
394
395
396
397
399
400
406
409
419
422
426
430
433
434
437
442
445
450
454
460
462
465
466
472
477
478
486
490
491
495
496
498
501
503
505
514
517
526
529
535
542
547
548
555
560
561
568
570
582
596
600
604
609
613
617
629
632
634
635
638
649
656
658
659
660
665
667
674
679
682
683
708
713
714
715
716
722
724
729
732
733
743
745
747
755
765
766
767
768
776
778
780
781
782
784
785
800
802
804
809
815
826
827
834
838
839
840
853
856
858
859
863
864
865
868
869
870
871
878
887
888
893
895
905
910
914
916
917
919
923
925
926
928
934
935
938
945
947
949
954
957
958
962
969
970
974
977
980
983
987
990
1000
1003
1005
1009
1011
1012
1015
1016
1018
1019
1020
1021
1024
1029
1039
1044
1047
1049
1051
1052
1055
1060
1065
1066
1075
1079
1087
1121
1122
1128
1130
1131
1132
1133
1148
1151
1157
1161
1163
1166
1169
1175
1182
1183
1190
1199
1201
1211
1216
1217
1220
1222
1224
1225
1226
1234
1237
1243
1244
1251
1254
1267
1275
1283
1285
1295
1301
1306
1308
1309
1322
1323
1325
1328
1342
1345
1349
1352
1355
1358
1359
1366
1380
1391
1400
1403
1404
1406
1411
1417
1420
1422
1424
1427
1436
1438
1443
1444
1448
1450
1454
1455
1457
1460
1469
1475
1480
1481
1482
1483
1491
1493
1494
1496
1499
1501
1508
1522
1523
1529
1530
1539
1540
1549
1550
1552
1553
1558
1559
1562
1563
1575
1583
1587
1588
1590
1591
1592
1602
1609
1610
1618
1620
1623
1624
1634
1639
1642
1645
1650
1651
1653
1665
1668
1673
1680
1692
1703
1705
1706
1710
1715
1724
1739
1742
1745
1746
1747
1756
1774
1777
1778
1782
1784
1785
1786
1787
1789
1803
1807
1808
1811
1812
1818
1821
1822
1829
1835
1845
1854
1855
1859
1861
1867
1869
1870
1881
1885
1887
1895
1897
1900
1901
1902
1905
1907
1918
1928
1932
1937
1938
1941
1943
1956
1959
1962
1964
1967
1969
1978
1981
1991
1995
1996
1998
2000
2001
2002
2003
2004
2005
2007
2008
2009
2010
2011
2012
2013
2014
2015
2016
2017
2018
2019
2020
2026
2027
2028
2029
2031
2032
2033
2036
2037
2039
2040
2041
2042
2043
2044
2045
2046
2047
2048
2049
2050
2051
2052
2053
2056
2057
2058
2059
2060
2061
2062
2063
2064
2065
2068
2070
2071
2072
2073
2075
2076
2077
2079
2080
2081
2082
2083
