1
2
11
15
16
32
33
35
40
45
48
51
62
66
70
77
81
87
92
97
98
105
106
111
114
117
124
131
135
139
144
147
151
157
165
168
169
174
177
208
212
218
225
237
243
249
252
256
262
266
269
274
276
281
293
294
295
305
311
317
328
329
331
333
334
340
342
347
348
351
359
363
364
366
373
376
379
381
384
388
400
411
413
418
419
422
430
434
436
437
442
445
452
463
468
469
471
473
474
475
482
483
484
487
489
497
500
504
505
513
514
515
516
533
535
536
539
543
545
547
555
559
574
580
582
588
591
612
619
620
622
623
626
627
629
630
631
634
638
644
646
649
652
656
658
663
666
674
680
682
685
688
693
701
705
713
715
716
720
723
725
730
732
735
741
742
743
746
748
751
752
755
756
759
765
766
773
775
780
782
783
784
789
794
796
797
803
806
808
812
813
815
820
821
822
824
837
842
848
851
852
859
862
869
875
880
886
887
891
899
915
928
939
943
947
974
977
982
985
988
990
993
994
1005
1006
1007
1010
1014
1015
1020
1037
1039
1052
1060
1061
1064
1065
1070
1071
1072
1082
1089
1091
1092
1096
1102
1110
1113
1127
1137
1138
1140
1142
1147
1151
1161
1166
1169
1170
1171
1176
1177
1182
1187
1190
1195
1197
1199
1201
1202
1203
1208
1209
1211
1212
1220
1222
1227
1231
1232
1234
1235
1240
1243
1254
1257
1269
1273
1286
1287
1288
1291
1293
1294
1298
1300
1301
1303
1305
1311
1313
1314
1322
1323
1327
1328
1335
1338
1341
1343
1350
1352
1360
1370
1386
1388
1389
1395
1403
1406
1409
1410
1411
1414
1415
1416
1426
1427
1429
1436
1438
1444
1454
1457
1463
1470
1475
1477
1479
1481
1486
1487
1492
1493
1496
1505
1507
1509
1512
1515
1518
1521
1533
1537
1539
1541
1547
1556
1558
1564
1568
1571
1574
1579
1583
1584
1585
1587
1588
1593
1594
1595
1605
1606
1607
1611
1614
1618
1620
1625
1632
1647
1651
1661
1663
1668
1669
1671
1680
1681
1682
1683
1684
1692
1700
1703
1719
1728
1731
1732
1733
1740
1743
1744
1746
1754
1756
1762
1763
1764
1765
1770
1772
1774
1782
1784
1786
1789
1802
1804
1809
1833
1835
1839
1840
1841
1844
1846
1851
1858
1869
1871
1872
1874
1877
1879
1880
1885
1888
1898
1900
1905
1918
1924
1934
1954
1956
1959
1962
1965
1969
1971
1978
1981
1985
1989
2000
2002
2003
2004
2005
2007
2008
2009
2011
2012
2013
2014
2016
2018
2020
2021
2022
2024
2025
2026
2027
2028
2029
2031
2032
2033
2036
2038
2040
2041
2043
2044
2045
2046
2047
2048
2049
2050
2051
2052
2053
2055
2058
2059
2060
2061
2062
2064
2065
2067
2070
2071
2072
2073
2074
2075
2076
2077
2078
2079
2080
2081
2082
2083
2084
