5
17
18
23
41
42
66
72
79
83
88
93
106
128
143
156
177
196
201
221
238
241
259
269
285
330
331
362
364
381
400
420
422
430
434
451
484
485
486
501
534
554
564
582
583
593
642
652
655
670
688
701
709
710
719
733
735
776
802
808
833
856
858
884
885
897
912
915
920
924
925
930
931
938
951
972
976
1012
1013
1015
1017
1020
1031
1061
1074
1102
1103
1125
1127
1129
1145
1148
1174
1175
1195
1197
1198
1242
1244
1260
1284
1294
1301
1304
1305
1310
1322
1323
1331
1336
1342
1345
1375
1385
1403
1446
1460
1463
1469
1496
1505
1508
1510
1516
1520
1529
1563
1574
1591
1596
1619
1642
1644
1669
1675
1707
1712
1765
1779
1847
1866
1867
1882
1889
1904
1918
1969
1978
1982
1993
2000
2002
2004
2005
2007
2008
2009
2011
2012
2013
2015
2016
2017
2018
2019
2021
2024
2025
2027
2028
2029
2031
2033
2035
2036
2037
2041
2042
2043
2044
2047
2048
2051
2052
2053
2054
2055
2058
2061
2062
2063
2064
2065
2067
2068
2069
2072
2073
2075
2076
2077
2078
2079
2080
2081
2082
2083
2084
