1
5
12
14
17
18
23
24
29
33
41
46
48
52
59
60
67
72
77
79
83
87
99
107
109
110
111
115
116
126
127
128
130
132
133
139
142
145
146
148
150
166
171
175
177
179
180
183
186
191
196
204
206
208
211
213
217
220
221
222
225
226
229
231
233
238
243
249
250
257
259
263
265
266
267
269
270
274
276
277
278
285
287
288
291
300
301
305
306
308
324
329
331
335
336
347
350
351
357
358
359
362
368
369
379
381
389
392
396
399
401
407
409
422
427
430
433
448
450
451
457
463
470
483
485
486
489
490
492
497
501
504
512
513
522
526
531
537
540
546
557
561
565
574
579
583
584
585
591
600
607
608
625
627
628
630
631
634
636
638
642
650
655
657
661
662
666
668
674
680
685
694
695
696
720
722
725
729
731
733
736
742
747
749
754
774
776
778
782
784
788
795
797
804
807
813
814
816
822
825
827
833
838
839
843
844
849
852
854
856
858
862
863
864
866
874
876
878
880
881
882
885
887
889
898
905
909
912
918
923
926
927
929
934
935
936
937
938
941
951
957
968
972
979
981
982
990
992
996
997
998
1008
1013
1017
1018
1019
1021
1024
1031
1032
1036
1037
1044
1048
1052
1053
1061
1066
1068
1074
1078
1085
1090
1093
1096
1101
1103
1110
1121
1133
1134
1153
1154
1156
1166
1167
1168
1172
1175
1181
1183
1185
1197
1198
1199
1205
1206
1228
1231
1238
1244
1248
1252
1260
1265
1272
1276
1278
1279
1282
1284
1289
1298
1301
1302
1304
1307
1309
1311
1316
1326
1328
1342
1344
1345
1351
1353
1355
1361
1370
1373
1374
1380
1391
1393
1402
1405
1408
1411
1414
1423
1425
1429
1430
1431
1433
1444
1459
1463
1467
1475
1482
1490
1491
1498
1503
1511
1523
1526
1529
1530
1532
1534
1544
1555
1563
1572
1576
1577
1580
1582
1589
1591
1604
1609
1610
1614
1618
1619
1620
1624
1629
1630
1631
1634
1639
1644
1648
1656
1657
1661
1667
1669
1680
1682
1688
1691
1692
1697
1701
1705
1709
1716
1730
1731
1747
1755
1758
1762
1765
1769
1795
1798
1803
1806
1814
1817
1820
1821
1823
1828
1829
1833
1834
1843
1865
1866
1867
1875
1879
1882
1885
1890
1896
1897
1900
1903
1909
1926
1927
1930
1932
1938
1948
1949
1955
1958
1960
1963
1967
1969
1973
1976
1984
1993
1997
2000
2001
2002
2003
2004
2005
2006
2007
2008
2009
2010
2012
2013
2014
2015
2016
2018
2019
2021
2023
2024
2025
2026
2028
2029
2030
2031
2034
2036
2037
2039
2040
2041
2042
2043
2044
2045
2047
2048
2049
2050
2052
2053
2054
2056
2057
2059
2061
2062
2064
2065
2067
2068
2069
2070
2071
2073
2075
2076
2077
2078
2081
2082
2083
2084
