1
3
5
9
10
12
13
14
15
19
23
25
29
31
32
33
35
39
41
42
43
44
45
46
50
51
52
55
56
61
62
63
65
67
69
71
72
76
79
80
81
82
85
86
87
88
91
96
97
98
99
100
101
103
105
106
107
108
115
116
120
121
123
124
130
138
139
143
145
153
155
156
161
162
163
166
167
171
175
177
178
179
181
182
183
184
188
192
197
199
202
206
207
209
214
218
221
226
227
228
230
232
235
243
246
247
249
250
251
257
258
261
262
265
267
268
269
273
274
275
276
279
280
283
285
288
289
293
295
296
297
300
301
302
303
304
305
306
308
310
316
317
318
321
323
324
325
329
330
331
337
342
343
345
346
347
357
359
360
361
364
366
368
370
373
374
375
377
378
383
387
389
391
392
393
398
400
401
402
406
408
409
411
419
420
422
430
431
432
434
437
438
439
447
451
461
463
466
470
471
472
479
481
484
485
489
490
491
492
493
494
495
501
503
504
506
507
508
509
511
512
518
519
520
521
524
526
527
529
530
533
534
537
539
543
544
545
546
547
548
551
552
554
558
560
561
563
565
566
567
570
571
573
575
579
589
590
593
596
598
599
601
604
605
606
607
613
614
615
616
617
620
621
622
625
627
628
630
631
632
633
634
635
636
637
639
642
645
646
650
654
655
657
659
662
663
665
667
672
673
674
676
679
681
682
683
685
686
692
693
696
700
701
704
705
706
708
709
710
711
718
720
721
722
723
724
725
727
730
733
734
737
739
742
744
745
746
747
748
751
753
754
755
756
757
758
759
765
767
769
770
771
772
773
774
775
776
778
780
781
786
788
791
792
793
797
801
803
804
805
806
810
813
815
819
824
825
826
827
829
830
832
833
835
836
838
839
840
841
843
844
850
852
856
862
863
864
865
868
870
875
878
884
885
886
887
889
893
894
901
902
906
907
909
910
911
912
913
915
917
919
920
922
923
924
925
927
929
931
933
936
938
943
947
951
952
953
958
962
964
965
966
967
968
972
974
976
977
981
984
987
993
998
999
1000
1001
1004
1006
1007
1009
1012
1013
1014
1016
1019
1021
1022
1023
1028
1029
1031
1032
1033
1034
1037
1038
1039
1040
1041
1042
1044
1047
1048
1049
1051
1052
1053
1055
1057
1058
1059
1061
1063
1066
1067
1068
1069
1077
1079
1080
1081
1084
1086
1090
1091
1092
1094
1095
1099
1102
1103
1109
1110
1112
1118
1121
1123
1124
1125
1126
1127
1128
1129
1134
1136
1138
1139
1140
1141
1143
1144
1146
1152
1156
1157
1158
1159
1161
1162
1164
1165
1166
1169
1172
1173
1175
1177
1178
1181
1183
1185
1186
1187
1188
1191
1193
1195
1197
1198
1199
1200
1202
1203
1206
1207
1208
1211
1213
1218
1220
1221
1223
1225
1226
1231
1233
1240
1241
1244
1249
1250
1252
1254
1255
1257
1258
1259
1260
1261
1262
1263
1264
1268
1270
1271
1275
1276
1277
1278
1282
1284
1287
1289
1292
1296
1297
1298
1301
1304
1305
1306
1309
1310
1311
1313
1314
1316
1319
1321
1322
1323
1324
1325
1326
1329
1331
1334
1335
1336
1338
1341
1342
1344
1345
1347
1348
1351
1352
1353
1355
1356
1359
1361
1363
1366
1367
1370
1371
1372
1373
1374
1375
1378
1385
1391
1396
1398
1399
1400
1401
1403
1404
1405
1407
1414
1417
1418
1420
1422
1424
1425
1426
1427
1432
1434
1436
1437
1438
1440
1445
1446
1449
1453
1454
1457
1458
1460
1462
1464
1466
1468
1471
1472
1473
1474
1475
1476
1478
1479
1481
1483
1484
1485
1486
1490
1491
1496
1497
1498
1499
1500
1501
1503
1505
1506
1507
1508
1509
1510
1513
1514
1516
1517
1518
1520
1522
1523
1527
1529
1530
1532
1535
1540
1543
1545
1548
1550
1551
1558
1561
1563
1566
1568
1570
1572
1573
1575
1577
1578
1579
1580
1581
1582
1583
1584
1585
1586
1588
1589
1590
1591
1592
1593
1597
1598
1601
1602
1604
1605
1613
1618
1619
1622
1623
1624
1625
1627
1628
1632
1634
1636
1637
1639
1640
1642
1643
1644
1645
1648
1649
1651
1652
1654
1655
1658
1664
1665
1666
1667
1668
1669
1670
1676
1680
1681
1685
1688
1692
1693
1694
1696
1697
1698
1699
1701
1706
1707
1709
1710
1713
1715
1716
1717
1719
1722
1723
1724
1726
1727
1730
1731
1737
1741
1743
1744
1745
1746
1747
1748
1751
1752
1754
1755
1756
1757
1758
1764
1765
1767
1768
1769
1774
1775
1778
1779
1780
1782
1783
1784
1785
1787
1788
1789
1790
1791
1801
1803
1806
1807
1808
1812
1813
1815
1816
1820
1822
1823
1827
1828
1829
1830
1831
1836
1838
1841
1842
1843
1844
1846
1847
1848
1849
1850
1851
1852
1855
1859
1861
1862
1863
1864
1866
1873
1882
1883
1884
1886
1887
1888
1890
1891
1898
1899
1900
1902
1903
1904
1905
1907
1909
1911
1912
1913
1916
1919
1920
1921
1923
1924
1925
1929
1931
1934
1935
1938
1941
1942
1943
1944
1945
1946
1948
1949
1955
1958
1959
1960
1961
1963
1964
1965
1968
1972
1973
1974
1975
1976
1979
1981
1983
1986
1987
1989
1991
1994
1995
1997
1998
2000
2001
2002
2003
2004
2005
2007
2009
2010
2011
2012
2013
2014
2015
2016
2017
2018
2019
2021
2022
2023
2024
2025
2026
2027
2028
2029
2030
2031
2032
2033
2035
2036
2037
2038
2039
2041
2042
2043
2044
2045
2046
2048
2049
2051
2052
2053
2054
2055
2056
2057
2058
2059
2061
2062
2063
2065
2067
2068
2069
2070
2072
2073
2074
2075
2076
2077
2078
2079
2080
2081
2082
2083
2084
