2
4
5
9
14
18
23
25
29
33
34
35
42
52
53
58
68
69
72
74
76
79
80
81
84
88
93
94
107
109
115
119
120
121
122
127
128
151
155
157
170
171
176
177
179
187
194
196
197
200
202
205
206
208
211
221
222
224
231
237
243
249
256
261
264
268
269
274
277
279
282
288
289
296
297
301
305
310
311
313
314
315
316
328
331
336
341
346
357
359
368
389
392
394
400
410
411
415
417
422
424
425
427
429
438
448
462
468
469
479
481
491
494
495
497
500
503
506
509
513
530
537
544
546
549
555
560
564
565
574
576
577
579
586
607
608
610
611
615
642
643
649
652
654
656
670
682
683
685
686
687
688
697
700
709
710
720
723
731
733
737
739
742
743
747
748
750
757
765
770
771
775
785
793
812
813
823
825
826
833
840
851
856
859
862
864
869
870
877
878
880
883
884
885
888
891
893
908
910
912
913
914
915
916
920
923
931
935
938
939
941
950
951
954
958
960
962
972
980
991
997
1001
1002
1005
1007
1008
1013
1020
1024
1025
1030
1039
1040
1042
1047
1049
1051
1061
1071
1073
1076
1082
1087
1090
1094
1097
1101
1106
1108
1109
1110
1115
1118
1122
1124
1127
1128
1132
1135
1136
1137
1140
1142
1143
1146
1147
1150
1151
1159
1160
1161
1162
1166
1168
1169
1171
1175
1176
1177
1180
1182
1183
1186
1187
1195
1197
1198
1201
1205
1207
1216
1225
1227
1228
1231
1233
1244
1247
1249
1250
1254
1262
1270
1273
1274
1279
1284
1286
1291
1293
1294
1301
1312
1321
1331
1335
1340
1342
1344
1345
1349
1357
1366
1367
1368
1370
1371
1376
1382
1386
1388
1404
1405
1406
1410
1414
1423
1432
1433
1434
1446
1460
1463
1469
1471
1472
1479
1488
1499
1513
1516
1520
1523
1530
1533
1537
1538
1541
1550
1556
1559
1561
1564
1565
1571
1573
1583
1585
1587
1590
1591
1595
1596
1603
1604
1614
1617
1619
1625
1626
1628
1629
1631
1632
1634
1639
1642
1645
1648
1654
1662
1669
1682
1689
1690
1700
1701
1707
1709
1712
1717
1724
1726
1737
1738
1745
1746
1755
1756
1764
1765
1766
1768
1770
1772
1779
1789
1792
1798
1800
1803
1807
1820
1825
1852
1853
1871
1882
1884
1885
1894
1897
1899
1906
1907
1909
1918
1919
1921
1927
1928
1938
1942
1944
1956
1961
1971
1972
1974
1982
1987
1988
2000
2001
2003
2004
2005
2007
2008
2009
2011
2012
2013
2014
2015
2016
2017
2018
2019
2020
2021
2022
2023
2024
2025
2028
2029
2030
2031
2032
2033
2034
2035
2036
2038
2040
2041
2042
2043
2044
2048
2049
2050
2051
2052
2053
2054
2055
2057
2059
2061
2062
2063
2065
2067
2068
2069
2070
2071
2072
2073
2074
2075
2076
2077
2078
2079
2080
2081
2082
2084
