1
2
9
13
18
24
29
33
39
46
51
56
60
64
66
75
76
81
83
84
85
99
106
108
114
118
126
135
138
143
150
152
156
158
170
175
202
205
206
210
225
228
235
236
243
244
247
249
251
252
253
254
264
266
268
275
277
278
284
285
286
288
290
291
292
295
296
297
300
301
303
304
309
325
326
328
336
337
342
344
346
356
363
367
370
373
374
377
387
392
395
396
397
400
411
420
422
432
438
439
447
450
457
463
465
468
472
473
475
477
479
481
483
485
488
491
493
501
505
508
518
519
524
533
542
545
553
555
574
579
583
585
595
598
607
612
616
617
635
638
642
643
651
654
670
671
676
678
681
706
714
715
717
718
719
720
726
728
732
734
738
742
747
751
760
768
774
776
777
782
784
790
793
795
799
802
809
813
814
818
825
826
827
836
838
858
864
866
867
869
883
885
886
887
888
895
896
899
902
906
908
912
920
926
927
930
936
937
938
939
946
954
957
960
964
965
966
984
985
987
989
990
993
997
1008
1014
1016
1022
1027
1028
1031
1040
1044
1047
1048
1051
1052
1053
1059
1070
1089
1090
1095
1098
1101
1105
1110
1114
1115
1125
1131
1133
1135
1141
1144
1145
1146
1155
1162
1168
1180
1181
1183
1187
1190
1197
1198
1201
1204
1211
1216
1220
1221
1222
1228
1236
1238
1241
1244
1246
1249
1254
1257
1264
1281
1283
1290
1293
1304
1309
1310
1311
1316
1320
1325
1326
1328
1333
1345
1349
1352
1353
1356
1357
1360
1386
1388
1395
1398
1401
1409
1410
1420
1423
1424
1429
1430
1434
1444
1446
1452
1455
1461
1471
1472
1474
1475
1477
1483
1484
1488
1489
1491
1492
1495
1499
1505
1509
1512
1516
1522
1523
1527
1531
1533
1536
1541
1544
1553
1554
1561
1566
1570
1571
1572
1573
1574
1578
1582
1586
1589
1594
1604
1611
1615
1624
1626
1629
1634
1638
1639
1640
1645
1647
1652
1654
1656
1664
1685
1686
1688
1689
1692
1694
1696
1701
1703
1706
1707
1710
1714
1727
1730
1732
1734
1741
1747
1750
1751
1752
1755
1757
1759
1763
1768
1769
1772
1774
1778
1787
1788
1794
1795
1796
1797
1798
1803
1807
1808
1810
1819
1828
1829
1834
1839
1850
1858
1867
1870
1871
1885
1889
1897
1900
1902
1903
1904
1918
1919
1924
1931
1932
1933
1935
1936
1941
1954
1955
1959
1960
1965
1969
1976
1979
1984
1991
1997
1998
2000
2001
2003
2004
2005
2007
2008
2009
2011
2013
2014
2015
2016
2017
2018
2020
2021
2022
2025
2026
2028
2029
2030
2031
2032
2033
2035
2036
2037
2042
2043
2044
2046
2047
2048
2050
2051
2052
2053
2055
2056
2057
2058
2059
2061
2062
2063
2064
2066
2067
2068
2069
2070
2071
2072
2073
2075
2076
2077
2078
2081
2083
2084
