1
12
19
26
42
50
56
65
85
119
139
141
148
170
184
185
197
200
229
236
245
249
251
252
275
276
288
301
331
346
347
348
353
355
357
362
369
402
404
415
419
420
422
439
443
494
507
513
517
534
545
546
564
568
595
607
614
626
635
651
656
657
670
687
698
704
711
727
729
752
765
768
769
779
785
815
834
838
846
858
888
893
899
919
940
944
949
978
983
1004
1005
1024
1032
1062
1085
1111
1140
1166
1172
1173
1175
1178
1184
1185
1187
1195
1199
1205
1206
1228
1234
1237
1242
1247
1248
1250
1251
1254
1258
1276
1294
1302
1305
1310
1328
1366
1387
1393
1395
1397
1404
1411
1418
1426
1430
1444
1448
1457
1463
1548
1551
1572
1577
1579
1590
1591
1596
1602
1612
1618
1624
1636
1672
1678
1680
1692
1693
1709
1712
1713
1726
1730
1735
1747
1749
1762
1765
1767
1769
1779
1860
1867
1887
1893
1904
1919
1923
1968
1988
2000
2001
2003
2005
2009
2011
2012
2016
2022
2026
2028
2031
2035
2040
2041
2045
2048
2055
2056
2058
2065
2068
2071
2074
2076
2077
2078
2079
2084
