1
12
13
15
17
18
23
25
26
28
31
35
39
42
44
46
47
48
49
51
55
56
57
58
59
60
63
64
70
71
72
74
75
77
78
79
81
83
84
85
86
91
92
93
94
97
100
103
105
106
107
108
109
110
111
113
114
116
118
120
121
129
130
133
135
137
138
139
141
142
146
147
149
150
155
156
157
158
159
162
163
169
175
176
177
179
181
184
187
188
190
191
194
195
200
202
204
205
206
208
209
211
212
215
216
221
225
227
229
231
233
235
236
237
239
244
245
250
256
257
260
261
262
263
264
265
266
268
272
273
275
276
277
278
280
281
286
287
289
293
294
303
304
310
311
313
315
316
317
318
321
322
324
326
327
328
330
331
333
334
338
341
343
345
346
347
350
351
353
354
355
356
357
358
360
361
363
364
366
367
368
376
377
380
381
385
388
390
392
393
395
396
402
404
405
408
411
412
414
415
417
418
420
422
424
426
427
428
429
434
435
436
445
450
453
455
458
459
465
466
471
472
473
474
477
480
481
484
485
486
487
489
490
491
493
494
496
497
499
502
504
505
510
511
512
516
517
518
521
523
526
527
529
530
531
533
534
535
536
538
539
541
543
546
547
551
553
554
558
559
562
563
564
568
569
572
573
574
578
579
580
581
583
585
588
591
593
594
598
603
607
608
611
613
614
617
618
619
620
621
622
624
626
636
641
644
649
652
655
656
661
665
667
670
674
675
676
678
680
681
684
686
688
691
695
696
698
699
700
701
702
703
704
706
707
709
712
715
716
718
722
723
728
729
733
738
744
745
746
749
752
753
756
758
759
760
761
762
764
765
766
767
768
771
774
775
777
779
780
781
782
784
785
786
787
789
791
797
801
803
805
807
809
811
812
813
814
815
819
820
821
822
823
825
826
828
829
830
831
832
833
835
836
838
840
843
848
849
853
854
857
858
860
863
868
871
873
874
877
878
880
881
882
886
887
888
891
892
895
897
899
901
902
904
905
909
910
914
915
916
917
919
920
925
926
928
931
933
935
936
940
943
945
947
951
952
953
954
955
957
958
960
962
965
967
968
972
974
978
980
984
986
988
989
990
993
994
1000
1004
1005
1009
1010
1013
1016
1022
1023
1029
1030
1032
1033
1038
1039
1040
1041
1044
1047
1049
1050
1051
1055
1057
1061
1064
1065
1066
1068
1071
1075
1081
1085
1086
1087
1088
1091
1092
1096
1098
1100
1106
1107
1110
1111
1115
1116
1117
1119
1120
1121
1124
1125
1128
1129
1137
1139
1140
1141
1142
1145
1146
1148
1149
1151
1156
1157
1158
1159
1161
1162
1163
1165
1166
1170
1171
1172
1175
1178
1180
1185
1187
1188
1194
1195
1197
1199
1200
1202
1203
1204
1206
1207
1208
1209
1210
1211
1213
1214
1215
1217
1218
1220
1221
1222
1227
1228
1229
1231
1232
1234
1235
1236
1238
1241
1242
1246
1252
1253
1254
1255
1257
1259
1261
1264
1266
1267
1269
1271
1273
1275
1276
1277
1280
1281
1282
1283
1285
1286
1287
1288
1293
1295
1296
1298
1300
1301
1302
1304
1307
1308
1309
1316
1319
1320
1322
1323
1325
1326
1328
1330
1331
1333
1335
1337
1340
1343
1344
1347
1351
1352
1354
1355
1357
1360
1363
1365
1366
1367
1370
1374
1375
1377
1380
1385
1387
1392
1393
1395
1396
1398
1399
1400
1401
1402
1403
1409
1411
1414
1416
1417
1418
1421
1423
1424
1426
1427
1429
1432
1434
1435
1436
1437
1438
1441
1444
1446
1448
1453
1459
1460
1462
1463
1465
1468
1469
1471
1472
1474
1475
1477
1480
1483
1484
1492
1493
1494
1495
1497
1499
1500
1501
1502
1503
1504
1505
1507
1512
1513
1514
1515
1518
1521
1522
1524
1527
1528
1530
1535
1537
1541
1544
1547
1549
1551
1556
1557
1560
1563
1566
1569
1571
1573
1574
1578
1579
1583
1584
1585
1587
1589
1594
1595
1596
1599
1600
1604
1605
1606
1608
1609
1610
1611
1614
1616
1618
1619
1621
1622
1625
1629
1636
1638
1639
1642
1643
1646
1649
1652
1653
1656
1657
1660
1661
1662
1665
1666
1668
1670
1671
1678
1679
1681
1682
1683
1684
1685
1689
1690
1692
1694
1698
1700
1701
1702
1703
1704
1707
1711
1712
1713
1714
1715
1717
1720
1721
1722
1723
1725
1726
1728
1731
1732
1734
1736
1740
1741
1743
1744
1746
1757
1761
1765
1766
1769
1771
1772
1776
1780
1782
1784
1787
1788
1789
1791
1793
1794
1795
1798
1800
1801
1804
1807
1808
1809
1811
1812
1814
1817
1818
1819
1820
1821
1822
1823
1824
1827
1828
1831
1832
1833
1834
1835
1837
1838
1839
1840
1842
1844
1846
1849
1852
1854
1856
1857
1858
1861
1864
1865
1866
1867
1868
1869
1870
1871
1873
1874
1875
1876
1877
1880
1884
1887
1888
1891
1893
1897
1898
1901
1903
1904
1905
1908
1909
1913
1914
1915
1918
1919
1921
1923
1925
1926
1927
1929
1933
1935
1940
1945
1948
1950
1951
1953
1954
1958
1959
1961
1962
1963
1964
1965
1967
1968
1970
1971
1973
1974
1975
1981
1984
1987
1988
1989
1991
1993
1994
1998
2000
2001
2002
2003
2004
2005
2006
2007
2008
2009
2010
2011
2012
2013
2014
2015
2016
2018
2019
2020
2021
2022
2023
2024
2025
2026
2027
2029
2030
2031
2032
2033
2034
2035
2036
2037
2038
2039
2040
2041
2042
2043
2044
2046
2047
2048
2049
2050
2051
2052
2053
2054
2055
2057
2058
2059
2060
2061
2062
2063
2064
2065
2067
2068
2069
2070
2071
2072
2073
2074
2075
2076
2077
2078
2080
2082
2083
2084
