28
29
33
38
44
49
60
69
86
91
121
122
131
137
143
148
151
178
180
181
204
205
215
251
253
266
285
288
292
295
296
301
314
320
326
329
330
331
342
359
367
376
389
400
401
411
422
425
428
430
437
438
445
462
464
485
521
535
546
566
579
631
633
656
661
667
668
676
710
724
732
743
745
752
764
777
781
784
799
801
811
814
826
848
868
882
902
908
920
929
937
943
947
957
967
973
997
1006
1008
1018
1046
1089
1100
1109
1133
1136
1143
1144
1158
1168
1170
1172
1177
1180
1220
1227
1242
1254
1285
1290
1322
1327
1346
1353
1355
1365
1367
1368
1373
1399
1414
1419
1439
1444
1462
1474
1478
1479
1494
1496
1497
1504
1523
1533
1536
1549
1556
1569
1571
1572
1636
1646
1667
1669
1676
1688
1692
1724
1768
1806
1807
1822
1824
1828
1830
1833
1838
1849
1876
1880
1918
1935
1938
1941
1955
1956
1960
1963
1972
2000
2001
2003
2004
2005
2008
2011
2012
2014
2015
2016
2018
2022
2030
2031
2033
2035
2042
2044
2052
2057
2059
2061
2062
2064
2067
2080
2081
2082
