4
6
11
18
19
23
28
33
45
51
52
56
59
67
68
70
71
74
76
78
82
83
90
97
99
100
113
121
130
143
145
149
157
158
161
163
166
170
173
178
181
182
188
190
192
202
206
220
221
223
225
233
238
243
244
253
254
255
257
260
266
268
269
277
278
282
288
295
301
316
323
331
334
341
345
347
351
354
358
359
360
362
366
369
373
374
380
386
387
389
392
393
396
398
407
409
412
416
422
426
428
434
435
445
450
451
452
453
454
470
474
477
481
483
493
497
498
505
513
519
520
521
524
532
543
549
560
563
564
567
568
578
580
585
586
590
593
599
603
604
613
615
618
620
621
625
629
635
643
644
657
658
662
663
672
674
678
679
683
689
692
701
706
715
716
720
723
727
730
733
739
743
746
750
752
761
765
766
767
771
773
777
782
783
786
791
801
814
828
832
849
850
858
869
874
877
878
880
881
885
886
888
889
901
902
905
910
913
917
918
924
926
928
931
944
945
947
951
954
955
960
962
971
974
986
990
1000
1001
1008
1010
1011
1017
1018
1028
1037
1039
1040
1048
1050
1051
1058
1061
1063
1068
1069
1070
1071
1078
1081
1084
1085
1087
1089
1094
1108
1109
1111
1113
1114
1117
1128
1133
1140
1142
1144
1146
1164
1165
1166
1167
1172
1175
1182
1186
1187
1193
1194
1196
1197
1200
1202
1211
1218
1220
1222
1225
1231
1241
1242
1254
1256
1259
1260
1261
1262
1265
1272
1279
1281
1282
1286
1290
1292
1299
1304
1306
1310
1312
1325
1326
1334
1340
1342
1345
1348
1358
1367
1379
1381
1385
1388
1389
1391
1392
1393
1395
1399
1410
1411
1423
1426
1427
1432
1433
1438
1443
1448
1454
1464
1466
1470
1475
1477
1481
1483
1485
1487
1489
1495
1497
1498
1500
1501
1503
1506
1510
1520
1533
1536
1537
1542
1548
1549
1551
1555
1556
1560
1570
1591
1596
1602
1603
1606
1608
1610
1615
1618
1623
1624
1625
1636
1642
1651
1657
1660
1662
1663
1668
1674
1680
1687
1688
1697
1700
1706
1707
1717
1724
1726
1734
1740
1748
1753
1754
1758
1759
1760
1763
1764
1768
1769
1772
1773
1779
1780
1803
1808
1810
1814
1819
1822
1824
1835
1836
1844
1847
1848
1851
1852
1857
1862
1866
1867
1869
1872
1876
1882
1883
1885
1889
1894
1897
1898
1905
1906
1913
1936
1942
1943
1944
1954
1959
1974
1976
1981
1989
1997
1998
2000
2001
2002
2004
2005
2006
2008
2009
2010
2011
2013
2014
2015
2016
2017
2018
2019
2023
2024
2026
2028
2029
2033
2035
2036
2037
2038
2039
2040
2041
2042
2044
2045
2047
2048
2049
2050
2053
2054
2056
2057
2058
2059
2062
2063
2064
2065
2066
2068
2069
2070
2071
2072
2073
2075
2076
2077
2078
2079
2080
2081
2083
2084
