0
1
2
3
5
6
8
11
13
14
15
16
17
18
19
21
23
24
25
26
27
28
29
30
31
33
35
38
40
41
42
43
44
46
47
48
49
50
51
53
54
55
57
58
59
61
62
64
67
69
71
72
73
75
76
78
81
83
84
85
86
88
89
90
91
92
93
94
95
97
98
99
100
101
102
103
104
105
106
108
109
110
111
112
113
114
117
118
119
120
121
122
123
124
125
126
127
128
129
130
132
133
136
137
138
139
141
142
143
144
145
146
147
148
149
150
151
152
153
155
157
158
160
161
162
163
164
165
166
168
169
173
175
176
177
178
179
181
183
186
189
190
191
192
195
196
197
198
199
200
201
202
203
204
205
206
207
208
209
210
211
212
215
216
217
218
219
220
221
222
223
224
225
227
228
230
231
232
233
234
235
237
238
239
241
242
243
244
245
246
247
249
250
251
252
253
254
256
257
258
259
260
262
263
264
265
266
267
268
269
270
272
274
275
277
278
279
280
281
282
283
284
285
286
288
289
290
291
292
293
294
295
296
297
298
301
302
303
304
305
306
308
309
311
313
315
316
317
318
319
320
321
322
323
324
326
327
328
330
331
332
333
334
335
337
338
339
340
342
344
345
346
347
348
350
351
352
353
354
355
358
360
361
363
364
365
366
367
368
370
371
373
374
375
376
377
378
379
380
381
382
383
384
386
387
388
389
391
392
393
394
395
397
398
399
400
401
402
405
408
409
410
413
414
415
416
417
420
421
422
423
424
427
428
429
430
431
433
434
435
436
437
439
440
442
443
444
445
446
447
449
450
454
456
457
458
462
463
464
465
466
469
470
472
473
474
475
476
477
479
480
481
484
488
490
491
492
493
495
496
497
499
500
501
502
503
504
505
506
508
509
510
511
512
513
515
516
517
518
519
520
521
525
526
527
528
529
530
531
532
534
535
537
538
539
542
543
544
545
546
547
548
549
550
552
553
555
558
559
560
561
563
564
565
566
567
568
570
571
573
574
575
578
580
582
584
590
591
593
595
597
598
600
601
602
603
604
607
609
610
611
612
613
615
616
617
619
621
622
624
625
627
628
629
630
631
632
634
635
636
638
640
641
642
644
645
648
650
651
653
654
655
656
657
660
661
662
663
664
665
666
667
669
670
671
672
675
676
677
679
680
681
683
684
685
686
688
690
692
693
695
696
697
699
700
701
703
705
706
707
708
710
711
712
713
714
717
718
719
720
722
723
724
725
728
729
730
731
732
734
735
737
740
741
742
743
745
746
747
748
749
751
752
753
754
755
756
757
758
759
760
761
762
763
764
765
766
767
769
770
771
772
773
774
776
777
778
779
780
781
782
783
784
785
786
788
790
792
793
795
796
797
800
801
802
803
804
805
806
807
810
811
813
814
815
816
817
818
820
821
822
825
826
827
831
833
834
835
836
839
841
842
844
846
848
849
850
851
852
853
854
855
856
857
858
859
860
861
862
863
864
865
867
868
869
870
871
872
874
875
876
878
879
881
882
884
885
886
888
889
890
891
893
894
896
897
899
900
904
905
907
908
910
911
912
913
914
915
916
917
918
919
920
922
923
924
925
927
928
929
930
931
932
933
934
935
937
938
940
941
942
943
944
945
947
948
949
950
951
952
953
954
955
956
957
958
959
961
962
964
965
967
968
969
970
973
974
975
976
977
978
981
982
983
984
985
987
989
990
991
992
995
997
998
999
1000
1001
1002
1003
1004
1005
1006
1008
1009
1010
1011
1012
1013
1014
1018
1019
1020
1021
1022
1023
1024
1025
1026
1027
1028
1029
1030
1031
1032
1033
1034
1035
1037
1038
1039
1041
1042
1043
1045
1046
1047
1048
1049
1050
1054
1055
1057
1060
1061
1062
1066
1067
1069
1070
1071
1072
1073
1074
1075
1078
1080
1083
1084
1085
1087
1088
1089
1090
1091
1092
1094
1095
1098
1100
1102
1103
1104
1105
1106
1107
1108
1110
1111
1113
1114
1115
1118
1119
1120
1123
1124
1125
1126
1127
1128
1131
1132
1133
1136
1138
1139
1140
1141
1142
1143
1144
1145
1147
1148
1149
1150
1151
1152
1153
1154
1156
1157
1158
1159
1161
1162
1163
1164
1165
1166
1167
1168
1170
1171
1172
1173
1174
1175
1176
1177
1180
1181
1183
1184
1186
1187
1188
1190
1191
1193
1194
1195
1196
1197
1198
1199
1200
1201
1203
1204
1205
1206
1208
1209
1210
1211
1212
1213
1215
1217
1218
1219
1220
1223
1224
1225
1226
1228
1229
1231
1232
1233
1234
1235
1236
1237
1239
1240
1243
1244
1245
1246
1247
1248
1249
1251
1252
1253
1254
1255
1257
1258
1259
1260
1261
1262
1264
1266
1267
1268
1269
1272
1274
1275
1276
1277
1278
1279
1280
1281
1282
1283
1285
1286
1287
1288
1289
1290
1291
1292
1293
1294
1295
1296
1297
1298
1299
1301
1302
1303
1306
1307
1308
1309
1310
1311
1313
1314
1316
1317
1319
1320
1322
1323
1324
1325
1327
1328
1329
1330
1331
1333
1335
1337
1339
1341
1342
1343
1345
1346
1347
1349
1352
1353
1354
1355
1358
1359
1360
1361
1364
1367
1369
1370
1371
1372
1374
1375
1376
1377
1378
1379
1380
1381
1385
1386
1389
1390
1391
1392
1393
1395
1397
1398
1399
1401
1402
1404
1406
1407
1408
1409
1410
1411
1414
1415
1416
1417
1418
1419
1420
1421
1422
1423
1424
1425
1426
1427
1429
1430
1431
1432
1434
1435
1436
1437
1438
1439
1440
1441
1442
1443
1444
1447
1448
1450
1451
1452
1453
1454
1458
1459
1460
1461
1462
1463
1464
1465
1466
1467
1469
1470
1472
1475
1477
1478
1479
1480
1481
1482
1483
1484
1485
1486
1489
1492
1494
1495
1496
1497
1498
1499
1500
1501
1502
1505
1506
1510
1511
1512
1513
1514
1516
1517
1518
1519
1520
1522
1524
1525
1526
1530
1531
1532
1534
1536
1537
1538
1539
1540
1541
1543
1547
1548
1549
1550
1551
1553
1555
1557
1559
1560
1561
1563
1565
1566
1567
1571
1572
1573
1574
1575
1576
1577
1578
1579
1580
1581
1582
1583
1587
1589
1590
1591
1592
1593
1596
1597
1598
1599
1601
1602
1604
1605
1606
1608
1610
1611
1612
1614
1615
1618
1619
1620
1621
1622
1624
1626
1627
1628
1629
1630
1631
1632
1633
1634
1636
1637
1638
1639
1641
1643
1644
1646
1647
1648
1649
1651
1652
1653
1654
1657
1659
1661
1662
1664
1666
1667
1668
1669
1670
1671
1672
1673
1674
1676
1677
1678
1680
1681
1682
1685
1687
1688
1689
1691
1692
1693
1694
1695
1696
1697
1698
1699
1700
1701
1703
1704
1705
1707
1709
1711
1712
1715
1716
1717
1718
1719
1721
1724
1726
1727
1729
1730
1731
1732
1733
1734
1735
1736
1737
1739
1740
1742
1744
1747
1748
1750
1752
1754
1755
1756
1758
1759
1760
1762
1763
1764
1765
1766
1769
1770
1771
1772
1773
1775
1776
1779
1780
1781
1783
1788
1789
1790
1791
1793
1795
1796
1797
1798
1800
1801
1802
1803
1804
1805
1806
1807
1808
1811
1814
1815
1817
1818
1821
1824
1825
1827
1828
1829
1835
1836
1837
1838
1839
1840
1842
1843
1844
1845
1846
1847
1849
1852
1854
1855
1856
1858
1859
1860
1862
1864
1865
1866
1867
1868
1869
1870
1873
1874
1875
1877
1878
1879
1880
1881
1882
1883
1885
1886
1888
1890
1891
1893
1894
1895
1897
1899
1900
1901
1902
1903
1904
1905
1906
1907
1908
1909
1911
1913
1914
1916
1917
1918
1919
1920
1921
1925
1926
1927
1928
1929
1930
1931
1932
1934
1935
1936
1937
1938
1939
1941
1942
1944
1945
1948
1951
1954
1955
1956
1957
1958
1959
1960
1962
1963
1964
1965
1967
1968
1969
1970
1971
1973
1975
1976
1977
1978
1979
1980
1982
1983
1984
1985
1987
1988
1989
1990
1991
1992
1993
1994
1996
1997
1998
1999
2002
2003
2004
2005
2006
2007
2008
2009
2010
2011
2012
2013
2014
2015
2016
2017
2018
2019
2020
2021
2022
2024
2025
2026
2027
2028
2029
2030
2031
2032
2033
2035
2038
2039
2040
2041
2042
2043
2044
2045
2046
2047
2048
2049
2050
2051
2052
2053
2054
2055
2056
2057
2058
2059
2060
2061
2062
2063
2064
2065
2066
2067
2068
2069
2070
2071
2072
2073
2074
2076
2077
2078
2079
2081
2082
2083
2084
