2
4
5
11
13
15
17
23
25
35
38
41
45
51
53
54
59
61
62
64
69
72
79
80
83
84
86
94
97
101
103
111
114
120
123
126
134
138
139
143
148
158
163
165
167
170
174
177
180
186
194
221
225
243
257
260
266
268
274
280
288
290
294
297
300
317
320
326
328
330
331
340
350
359
363
368
376
377
381
384
395
397
399
400
402
408
411
414
418
422
429
430
436
441
445
454
463
468
477
484
485
489
493
494
500
519
521
532
534
536
550
554
555
558
561
571
574
578
593
594
602
603
604
607
611
617
619
620
626
629
633
638
642
643
646
651
655
656
660
668
678
679
681
695
698
699
715
720
723
746
751
752
754
759
761
773
776
777
778
783
784
785
787
792
794
797
800
801
803
809
814
820
821
828
831
833
835
839
840
842
843
845
848
850
853
856
858
863
864
868
885
887
888
889
890
891
893
895
899
902
908
915
918
919
920
928
929
930
939
949
950
951
954
957
958
962
972
980
982
986
987
1001
1011
1013
1016
1020
1024
1028
1035
1046
1047
1050
1061
1063
1064
1065
1074
1079
1080
1083
1089
1090
1106
1110
1111
1120
1122
1127
1128
1129
1131
1132
1138
1143
1145
1146
1148
1161
1162
1169
1175
1177
1181
1190
1194
1201
1203
1206
1210
1215
1217
1220
1221
1228
1230
1232
1235
1244
1265
1268
1270
1273
1282
1284
1298
1310
1312
1313
1315
1317
1318
1321
1324
1325
1328
1333
1335
1343
1345
1352
1355
1357
1362
1363
1365
1374
1375
1393
1412
1417
1420
1424
1426
1429
1432
1434
1438
1446
1450
1452
1453
1456
1460
1461
1468
1469
1477
1484
1493
1495
1505
1508
1511
1518
1529
1530
1533
1539
1546
1548
1551
1571
1577
1586
1587
1594
1595
1602
1605
1606
1610
1611
1616
1618
1619
1625
1631
1636
1655
1660
1661
1663
1670
1673
1675
1683
1687
1688
1690
1692
1705
1706
1710
1719
1722
1723
1730
1739
1742
1744
1746
1752
1758
1765
1768
1770
1772
1773
1787
1794
1798
1807
1812
1815
1824
1839
1841
1843
1845
1847
1852
1853
1855
1856
1866
1867
1868
1869
1870
1871
1873
1877
1881
1882
1885
1886
1895
1903
1905
1915
1916
1924
1936
1938
1956
1957
1960
1962
1969
1970
1973
1974
1979
1983
1984
1991
1992
1994
1996
2000
2001
2002
2003
2004
2005
2007
2008
2009
2010
2011
2012
2013
2014
2015
2016
2017
2018
2019
2020
2021
2022
2023
2024
2025
2026
2027
2028
2029
2030
2031
2032
2033
2034
2035
2036
2037
2038
2039
2040
2041
2042
2043
2044
2045
2046
2047
2048
2049
2050
2051
2052
2053
2054
2055
2056
2057
2058
2059
2060
2061
2063
2064
2065
2067
2068
2069
2070
2071
2072
2073
2074
2075
2076
2077
2078
2079
2080
2081
2082
2083
2084
