7
13
16
19
20
25
28
30
33
42
52
64
76
77
79
81
82
83
85
86
97
104
105
106
109
110
111
115
118
119
130
131
133
136
141
144
147
148
152
157
158
166
174
190
195
202
211
213
225
227
228
229
236
246
249
254
257
260
262
266
271
277
281
284
285
289
294
298
312
321
328
329
333
338
341
343
346
347
350
354
355
360
361
362
363
364
365
367
368
372
381
386
387
396
397
398
399
402
404
408
413
415
420
421
428
435
442
456
468
471
474
476
481
482
487
489
490
497
498
499
500
505
507
515
521
525
526
527
530
539
542
543
546
547
552
555
560
564
574
580
581
588
593
594
596
598
603
605
614
615
620
627
629
638
646
651
660
661
682
688
691
692
697
698
702
707
710
714
715
718
720
731
733
735
742
746
751
752
768
769
771
773
777
779
780
782
784
785
787
788
790
792
793
796
800
803
806
808
809
813
817
819
821
826
828
831
840
843
848
850
858
862
874
888
890
898
904
911
914
915
916
918
923
929
930
939
943
945
947
948
949
954
959
967
971
979
980
985
993
994
1005
1011
1020
1029
1032
1039
1040
1043
1046
1055
1056
1072
1078
1079
1081
1085
1094
1098
1102
1122
1124
1133
1138
1140
1143
1148
1154
1156
1157
1161
1179
1180
1187
1190
1192
1194
1203
1212
1215
1220
1222
1223
1227
1228
1231
1234
1235
1236
1239
1243
1246
1248
1253
1255
1261
1262
1265
1269
1273
1282
1283
1288
1294
1298
1300
1302
1304
1308
1312
1313
1317
1328
1335
1338
1341
1352
1353
1355
1357
1358
1363
1370
1381
1382
1386
1391
1393
1397
1398
1399
1400
1403
1405
1410
1421
1429
1440
1441
1442
1443
1444
1448
1450
1451
1452
1454
1457
1475
1480
1481
1483
1484
1489
1491
1499
1505
1507
1509
1522
1527
1533
1535
1537
1539
1541
1554
1571
1578
1585
1593
1595
1597
1600
1605
1609
1610
1611
1620
1625
1633
1640
1642
1644
1647
1655
1657
1667
1668
1671
1678
1680
1681
1683
1687
1690
1692
1700
1708
1722
1725
1730
1731
1732
1743
1746
1754
1760
1761
1762
1765
1772
1776
1781
1782
1787
1789
1790
1793
1798
1800
1808
1809
1818
1824
1839
1840
1848
1855
1858
1863
1867
1869
1872
1873
1886
1888
1895
1900
1903
1905
1907
1913
1924
1925
1926
1931
1934
1937
1938
1944
1956
1959
1960
1963
1969
1970
1974
1983
1987
1998
2000
2001
2002
2003
2004
2008
2009
2011
2012
2013
2014
2015
2017
2018
2022
2025
2026
2027
2028
2029
2030
2031
2032
2033
2035
2036
2038
2039
2041
2043
2045
2046
2047
2048
2049
2050
2051
2052
2053
2054
2057
2058
2059
2060
2061
2062
2063
2064
2065
2067
2068
2069
2073
2074
2075
2077
2078
2080
2081
2082
2083
