0
1
3
4
5
8
11
13
14
15
17
18
21
22
23
24
25
27
28
29
30
31
33
34
35
37
38
42
43
44
47
48
49
51
52
53
54
55
56
57
58
59
60
62
63
65
66
67
68
69
71
73
74
77
78
79
80
81
82
86
89
90
91
92
93
95
96
97
98
100
101
102
103
104
105
106
107
108
109
110
112
113
114
118
119
121
122
123
124
125
127
128
129
130
131
132
133
134
135
138
139
141
142
143
145
148
149
150
151
152
153
154
156
157
158
159
161
163
165
166
167
168
170
172
173
175
176
177
178
179
180
181
182
183
184
185
186
188
189
190
192
194
195
196
197
198
200
202
203
204
205
206
208
211
213
216
218
219
220
221
222
223
224
225
226
227
228
232
234
237
238
239
241
242
244
245
246
247
249
250
251
252
253
254
255
256
258
259
260
261
262
263
264
265
266
268
269
270
271
272
275
276
277
279
280
281
283
284
287
288
289
290
291
292
293
294
295
297
299
300
301
304
305
306
307
308
309
310
311
312
313
314
316
317
318
319
321
322
324
325
326
327
328
329
330
331
332
333
334
335
336
337
339
340
341
342
343
344
345
346
347
350
354
355
356
357
358
359
360
361
362
364
365
367
368
371
372
373
374
376
378
382
384
385
386
387
388
389
392
393
394
395
396
398
399
400
401
402
403
404
405
406
408
409
410
412
413
414
416
418
419
420
422
424
426
427
428
429
431
432
433
435
437
440
441
442
443
445
448
450
451
452
453
454
455
456
457
458
460
461
462
464
465
466
467
470
473
474
475
476
477
479
480
481
482
483
484
485
486
488
489
491
492
493
496
497
498
499
501
503
504
505
506
507
508
511
512
515
517
520
521
523
524
525
526
527
529
530
532
533
534
535
537
538
539
541
542
543
545
547
548
549
550
552
553
554
555
556
558
559
560
562
563
564
565
567
568
569
570
571
572
573
574
575
577
578
579
583
584
585
586
589
590
593
594
595
600
603
604
606
607
608
609
610
611
613
616
617
618
620
621
622
626
627
628
629
630
631
632
633
634
635
636
643
644
645
646
647
648
650
651
652
653
654
655
656
657
658
659
660
661
662
665
667
668
669
670
672
674
676
678
679
680
681
682
684
685
686
688
689
692
693
694
695
696
698
699
701
702
703
705
706
709
710
711
712
713
714
715
717
718
719
720
721
722
723
724
727
730
731
732
733
734
735
737
738
739
740
741
742
743
744
746
747
749
750
751
752
754
756
757
759
760
761
762
763
764
765
767
771
772
773
774
776
777
778
779
780
781
784
785
786
787
788
789
792
793
794
796
797
798
799
800
801
803
805
806
807
809
810
811
812
813
814
815
816
817
818
819
820
821
823
824
825
828
829
830
832
833
834
835
836
837
838
839
843
844
845
847
849
851
852
854
855
856
857
858
859
860
861
864
866
867
868
869
870
871
872
873
874
875
876
877
878
879
880
881
882
884
885
887
888
890
891
892
893
894
895
896
897
899
900
901
902
903
904
905
906
907
908
909
910
911
912
913
914
915
916
917
918
919
920
921
922
923
924
926
927
928
929
930
931
933
936
938
939
941
944
945
946
947
950
951
952
953
954
955
956
957
958
959
960
962
964
965
968
969
971
972
973
975
976
977
978
979
980
981
982
983
984
985
986
987
988
989
990
991
994
995
996
997
999
1000
1001
1002
1003
1006
1007
1009
1010
1011
1012
1013
1015
1016
1018
1019
1020
1021
1023
1025
1026
1027
1028
1030
1031
1032
1033
1035
1036
1037
1038
1040
1041
1042
1043
1044
1045
1046
1047
1048
1049
1050
1051
1052
1053
1055
1056
1057
1058
1059
1060
1061
1062
1064
1065
1066
1067
1069
1070
1071
1076
1077
1078
1079
1080
1081
1082
1083
1085
1086
1088
1089
1090
1091
1093
1094
1095
1097
1100
1101
1102
1103
1104
1105
1107
1108
1109
1110
1111
1112
1113
1114
1116
1118
1119
1121
1122
1124
1125
1126
1127
1128
1133
1134
1135
1136
1140
1142
1143
1144
1145
1148
1149
1151
1153
1156
1157
1158
1159
1160
1161
1162
1163
1165
1166
1167
1168
1170
1171
1172
1175
1176
1177
1179
1180
1181
1183
1184
1186
1187
1188
1191
1192
1194
1196
1197
1198
1199
1200
1201
1202
1203
1204
1208
1209
1210
1211
1212
1213
1214
1215
1219
1220
1221
1222
1223
1224
1226
1227
1228
1230
1231
1233
1234
1235
1236
1238
1239
1240
1241
1242
1243
1244
1247
1248
1249
1250
1251
1252
1253
1254
1255
1257
1258
1259
1260
1261
1263
1264
1265
1268
1269
1270
1272
1273
1275
1276
1277
1278
1279
1281
1282
1283
1284
1285
1286
1287
1288
1289
1290
1291
1292
1294
1295
1296
1298
1299
1300
1301
1302
1303
1304
1305
1306
1308
1309
1311
1312
1313
1314
1315
1316
1318
1319
1320
1321
1322
1323
1324
1325
1326
1327
1328
1329
1331
1333
1334
1336
1337
1339
1340
1341
1342
1344
1345
1346
1347
1348
1352
1353
1354
1356
1357
1358
1359
1361
1362
1364
1366
1367
1369
1370
1371
1372
1374
1375
1376
1377
1378
1379
1380
1382
1385
1386
1388
1389
1390
1391
1392
1394
1398
1399
1400
1401
1403
1404
1405
1406
1407
1408
1409
1410
1414
1416
1417
1418
1420
1421
1423
1425
1428
1429
1430
1432
1433
1434
1435
1436
1437
1440
1441
1442
1443
1444
1446
1447
1448
1452
1453
1454
1455
1456
1460
1462
1463
1464
1467
1468
1469
1470
1471
1473
1474
1475
1476
1477
1478
1480
1481
1482
1483
1484
1485
1488
1491
1492
1494
1495
1496
1497
1498
1499
1500
1502
1503
1504
1505
1507
1508
1509
1511
1513
1514
1515
1516
1517
1518
1519
1520
1522
1523
1525
1526
1527
1528
1529
1531
1532
1533
1536
1537
1538
1539
1540
1541
1542
1543
1544
1545
1547
1548
1550
1551
1552
1553
1555
1556
1557
1560
1561
1563
1565
1569
1570
1571
1573
1574
1576
1577
1578
1580
1581
1582
1583
1585
1586
1587
1589
1591
1593
1594
1596
1597
1598
1601
1602
1603
1604
1605
1606
1608
1610
1611
1612
1613
1615
1617
1619
1620
1622
1623
1624
1625
1626
1627
1628
1632
1633
1635
1636
1637
1639
1640
1642
1644
1645
1646
1648
1650
1651
1652
1653
1655
1656
1657
1658
1662
1663
1664
1665
1666
1667
1668
1669
1670
1672
1673
1674
1675
1676
1677
1678
1680
1682
1684
1685
1686
1688
1689
1690
1691
1692
1693
1695
1699
1701
1702
1703
1704
1705
1707
1708
1709
1711
1712
1713
1714
1715
1717
1719
1720
1721
1723
1724
1725
1726
1728
1729
1730
1731
1732
1734
1735
1736
1737
1738
1739
1740
1741
1743
1744
1745
1746
1747
1748
1749
1752
1753
1754
1756
1758
1759
1760
1761
1762
1763
1764
1765
1766
1768
1769
1770
1772
1773
1775
1776
1779
1780
1781
1782
1783
1784
1785
1786
1787
1788
1789
1790
1791
1792
1794
1795
1796
1797
1798
1800
1801
1802
1803
1804
1805
1806
1807
1808
1809
1810
1811
1812
1813
1815
1816
1817
1818
1819
1820
1822
1823
1824
1826
1827
1828
1829
1831
1833
1834
1837
1838
1840
1841
1843
1844
1846
1847
1848
1850
1853
1854
1855
1856
1857
1858
1859
1863
1864
1865
1866
1867
1868
1871
1872
1874
1877
1878
1879
1881
1882
1883
1884
1885
1886
1887
1888
1890
1891
1893
1894
1895
1896
1897
1898
1899
1900
1901
1902
1905
1907
1908
1909
1912
1913
1914
1915
1916
1917
1918
1919
1920
1921
1922
1923
1927
1928
1930
1931
1932
1936
1938
1939
1940
1941
1942
1943
1944
1945
1947
1949
1950
1951
1953
1954
1958
1959
1960
1961
1962
1964
1966
1968
1969
1971
1972
1973
1974
1975
1976
1977
1981
1982
1983
1984
1986
1987
1988
1989
1990
1991
1992
1994
1995
1996
1997
1999
2000
2001
2002
2003
2004
2005
2006
2007
2008
2009
2010
2011
2012
2013
2014
2015
2016
2017
2018
2019
2020
2021
2022
2023
2024
2025
2026
2027
2028
2029
2030
2031
2033
2034
2035
2036
2037
2038
2039
2040
2041
2042
2043
2044
2046
2047
2048
2049
2050
2051
2052
2053
2054
2055
2056
2057
2058
2059
2060
2061
2062
2064
2065
2066
2067
2068
2069
2070
2071
2072
2073
2074
2075
2076
2078
2079
2081
2082
2083
2084
