13
15
21
24
44
58
78
79
104
109
113
116
128
133
147
157
206
211
227
237
239
243
244
256
281
283
286
309
317
321
340
347
367
371
386
389
397
399
400
410
413
419
433
462
472
477
488
495
496
499
502
505
553
563
569
579
581
594
603
613
627
712
723
728
746
752
765
769
770
773
783
784
796
808
834
838
868
880
910
911
912
916
927
937
943
949
953
960
966
980
994
1043
1060
1075
1092
1116
1119
1142
1154
1181
1190
1194
1214
1216
1220
1226
1228
1240
1249
1255
1269
1302
1313
1323
1343
1355
1370
1375
1395
1418
1420
1443
1454
1471
1483
1488
1491
1494
1502
1520
1522
1527
1543
1558
1564
1573
1610
1622
1640
1663
1666
1674
1683
1711
1724
1731
1746
1755
1785
1788
1818
1819
1824
1828
1837
1839
1870
1880
1881
1886
1896
1921
1924
1931
1945
1954
1964
1971
1975
1987
1998
2000
2003
2008
2012
2015
2023
2024
2026
2027
2028
2029
2031
2032
2034
2035
2042
2049
2050
2051
2053
2055
2056
2059
2060
2061
2063
2064
2068
2070
2071
2074
2077
2078
2080
2081
2082
2083
