9
123
139
150
336
346
368
404
422
598
625
680
684
743
838
878
885
993
1008
1016
1066
1103
1127
1190
1221
1301
1345
1370
1480
1494
1585
1693
1752
1822
1867
1882
1909
1934
1945
1964
1994
1998
2001
2003
2004
2005
2007
2008
2010
2011
2012
2013
2014
2015
2016
2017
2018
2019
2020
2021
2022
2023
2025
2027
2028
2030
2031
2033
2035
2036
2037
2040
2041
2042
2043
2044
2046
2048
2049
2050
2051
2052
2055
2061
2062
2063
2064
2065
2067
2068
2069
2070
2071
2072
2073
2075
2077
2078
2079
2080
2081
2082
2083
2084
