3
5
16
44
68
73
81
91
106
107
128
130
142
148
150
162
179
180
181
182
210
225
231
232
289
290
311
331
338
339
353
354
360
362
373
394
411
420
430
437
443
453
481
483
503
535
547
548
553
588
709
721
727
730
737
738
748
750
753
755
772
778
803
814
830
858
860
864
866
887
908
912
913
924
928
947
951
957
960
961
967
1002
1011
1018
1019
1033
1047
1061
1064
1074
1077
1089
1090
1103
1115
1127
1177
1180
1187
1195
1200
1204
1221
1264
1270
1295
1309
1350
1370
1398
1400
1404
1405
1409
1410
1423
1438
1444
1510
1515
1550
1554
1559
1587
1602
1619
1623
1624
1658
1691
1693
1724
1748
1765
1783
1785
1787
1794
1805
1829
1883
1919
1925
1956
1958
1967
2000
2001
2003
2004
2005
2007
2008
2009
2011
2012
2013
2014
2015
2016
2017
2019
2020
2021
2022
2023
2024
2025
2026
2027
2030
2032
2033
2035
2036
2038
2039
2040
2041
2042
2043
2044
2046
2047
2048
2050
2051
2052
2054
2056
2057
2058
2061
2062
2064
2067
2069
2070
2071
2072
2073
2075
2076
2078
2079
2080
2082
2083
