1
5
10
15
17
18
23
29
32
44
46
47
55
67
69
82
83
88
90
91
93
95
102
107
108
110
113
116
122
132
133
136
139
142
144
146
147
148
152
155
156
157
163
164
173
174
175
184
190
197
202
205
206
208
211
218
222
229
242
243
244
245
251
253
262
265
269
276
281
283
285
290
297
298
300
301
306
307
310
311
319
320
321
323
325
326
327
331
341
342
345
346
347
348
350
351
356
357
358
360
363
365
367
369
371
375
376
378
383
386
389
399
400
416
417
422
430
431
433
436
438
439
445
449
462
464
466
477
488
490
494
495
503
509
510
522
526
527
529
546
548
550
554
555
564
573
574
581
591
593
595
596
600
611
613
626
627
631
632
633
634
636
643
647
652
653
661
662
670
683
686
691
695
704
706
718
721
722
723
724
728
733
746
753
760
768
777
778
780
782
783
784
786
808
812
825
827
832
833
838
843
844
846
849
856
860
869
873
877
878
880
883
886
888
893
894
896
904
909
917
922
926
939
941
945
952
954
962
965
968
974
975
977
980
986
993
996
998
1001
1006
1007
1008
1018
1020
1024
1026
1027
1028
1033
1039
1040
1042
1043
1051
1052
1053
1056
1060
1065
1066
1071
1078
1082
1091
1101
1103
1107
1110
1111
1117
1123
1127
1134
1136
1142
1143
1144
1146
1153
1167
1168
1183
1185
1186
1188
1195
1197
1200
1204
1207
1208
1213
1220
1223
1225
1238
1241
1243
1253
1262
1272
1279
1286
1291
1293
1301
1302
1308
1313
1316
1329
1330
1333
1338
1341
1346
1351
1354
1356
1360
1367
1370
1380
1389
1390
1391
1397
1399
1401
1406
1417
1423
1427
1432
1434
1437
1439
1441
1442
1443
1447
1448
1453
1459
1460
1464
1466
1468
1476
1478
1483
1486
1496
1504
1509
1510
1514
1520
1523
1528
1529
1530
1535
1538
1539
1541
1547
1548
1549
1552
1553
1554
1557
1559
1569
1575
1576
1585
1590
1591
1592
1602
1603
1604
1608
1610
1617
1623
1633
1640
1642
1644
1646
1657
1664
1666
1667
1669
1674
1676
1683
1684
1685
1699
1700
1706
1712
1716
1717
1719
1724
1727
1731
1732
1735
1737
1741
1743
1745
1746
1762
1765
1775
1781
1783
1784
1789
1794
1803
1807
1812
1817
1822
1825
1835
1843
1847
1852
1853
1857
1858
1863
1867
1868
1875
1880
1882
1885
1893
1895
1915
1918
1927
1932
1942
1944
1945
1962
1963
1967
1971
1973
1981
1983
1987
1990
1991
1995
2000
2001
2003
2005
2007
2008
2009
2010
2011
2012
2013
2014
2015
2016
2018
2022
2023
2025
2028
2031
2033
2035
2036
2038
2039
2040
2042
2043
2044
2045
2046
2047
2048
2049
2050
2051
2052
2057
2061
2065
2067
2068
2071
2072
2073
2074
2075
2076
2079
2080
2081
2083
2084
