2
5
7
9
10
17
18
20
23
38
42
56
60
62
63
64
66
67
72
75
82
83
91
93
95
99
100
104
106
113
119
120
121
135
139
146
147
152
156
167
172
175
177
180
181
184
185
191
195
196
201
204
205
206
209
213
214
215
218
221
222
229
236
237
239
244
251
252
253
256
259
269
275
286
287
288
289
290
300
303
306
308
311
324
325
331
336
338
344
353
355
357
358
359
369
383
386
392
395
400
407
409
411
414
422
433
434
437
439
444
450
454
465
470
474
478
481
484
486
490
491
492
496
501
505
506
508
518
519
529
531
533
535
538
543
545
559
563
567
568
571
579
580
600
607
617
621
624
630
632
639
642
649
667
668
670
673
684
692
702
705
707
711
712
715
720
723
725
727
728
731
733
734
738
743
746
747
753
765
767
770
771
772
796
797
803
808
815
817
820
825
827
830
834
835
837
838
844
845
856
858
862
863
869
870
871
874
878
885
886
889
894
901
903
911
916
922
923
927
929
933
934
936
937
943
947
948
951
953
957
958
962
964
967
968
970
973
974
975
986
988
991
997
1007
1012
1013
1016
1022
1023
1025
1026
1027
1040
1048
1050
1053
1064
1066
1076
1084
1085
1086
1089
1090
1095
1096
1103
1105
1107
1110
1119
1124
1140
1146
1154
1166
1168
1170
1175
1180
1183
1185
1188
1197
1199
1202
1213
1220
1225
1231
1236
1237
1241
1243
1254
1257
1264
1267
1268
1272
1275
1276
1278
1279
1289
1301
1305
1310
1313
1315
1322
1324
1326
1327
1328
1330
1333
1337
1342
1344
1345
1352
1353
1355
1365
1372
1380
1399
1409
1410
1423
1431
1432
1433
1444
1454
1455
1460
1461
1475
1478
1483
1492
1495
1496
1504
1512
1516
1520
1522
1523
1525
1529
1530
1542
1549
1550
1554
1555
1559
1561
1562
1570
1571
1582
1590
1591
1598
1601
1604
1607
1609
1610
1619
1634
1642
1643
1649
1650
1653
1675
1683
1685
1693
1699
1700
1702
1703
1706
1707
1709
1712
1718
1720
1724
1727
1737
1745
1747
1754
1757
1767
1768
1778
1789
1790
1793
1803
1806
1820
1821
1822
1829
1835
1847
1852
1856
1866
1867
1873
1875
1877
1886
1891
1899
1908
1909
1911
1914
1928
1930
1933
1936
1941
1942
1943
1944
1950
1951
1954
1956
1961
1962
1967
1972
1974
1975
1979
1982
1984
1987
1989
1991
1995
1997
2000
2001
2005
2007
2008
2011
2012
2013
2014
2015
2016
2017
2018
2019
2020
2021
2022
2023
2025
2027
2028
2030
2032
2033
2034
2035
2036
2038
2039
2040
2041
2042
2043
2044
2045
2047
2048
2049
2050
2051
2052
2054
2056
2059
2061
2063
2064
2065
2066
2067
2068
2069
2070
2071
2072
2073
2074
2075
2076
2077
2079
2080
2081
2082
2083
2084
