1
2
3
6
8
10
11
12
13
17
18
24
25
26
29
31
38
41
42
44
45
48
52
60
62
64
65
66
68
69
70
71
72
74
76
78
80
81
82
83
84
86
87
88
89
91
93
97
99
100
104
105
106
109
111
112
113
114
116
119
122
123
124
129
130
131
134
137
142
143
147
148
149
150
153
154
155
156
157
158
161
162
163
165
167
171
172
178
179
187
189
194
199
200
203
205
208
211
212
213
214
218
220
221
223
225
226
227
231
233
234
235
236
238
240
241
242
243
244
245
247
248
252
255
258
260
262
263
266
267
268
270
272
273
274
275
277
278
280
282
283
286
287
291
292
295
297
301
302
303
304
306
307
310
313
314
315
316
317
318
319
322
325
326
327
330
331
334
335
338
339
341
347
348
349
354
358
359
361
363
366
368
371
372
374
376
377
378
379
381
384
385
386
387
388
393
395
396
399
400
406
411
413
416
417
419
420
421
422
424
425
427
429
430
431
432
436
437
438
441
450
451
463
465
466
469
474
478
479
481
483
486
489
490
492
499
500
501
502
505
510
512
513
514
515
516
518
519
528
536
537
542
543
545
547
550
552
555
556
559
561
563
564
565
566
569
570
572
574
575
576
577
579
580
581
582
583
589
591
592
594
595
598
600
602
605
606
611
612
613
614
615
616
617
623
624
626
628
629
630
631
632
633
635
637
638
639
641
649
651
653
655
658
660
665
667
668
669
670
671
673
674
677
678
679
680
681
684
686
687
688
693
695
700
701
703
704
705
706
711
712
714
716
717
718
719
720
722
723
725
728
729
730
731
732
733
737
738
743
745
746
747
749
750
752
753
757
760
761
764
766
767
771
773
774
775
776
777
778
782
783
786
790
793
794
797
799
800
802
804
807
808
811
812
813
820
824
825
827
831
832
837
839
840
843
845
846
848
849
850
852
854
856
857
859
860
866
867
869
871
873
877
878
879
880
881
882
884
886
887
888
889
890
892
894
895
903
904
908
909
910
911
912
914
915
916
917
919
920
924
928
929
930
931
935
936
938
939
941
943
945
947
950
953
955
956
957
958
960
962
963
966
967
968
972
975
976
978
982
984
985
986
987
989
990
994
997
1000
1003
1004
1007
1008
1012
1013
1018
1019
1021
1023
1024
1025
1026
1027
1029
1032
1037
1042
1044
1045
1049
1050
1051
1053
1059
1062
1065
1066
1068
1070
1071
1072
1075
1076
1077
1080
1081
1082
1084
1089
1091
1092
1093
1097
1099
1100
1103
1104
1105
1106
1109
1111
1113
1114
1120
1124
1125
1127
1132
1133
1136
1137
1139
1140
1142
1143
1144
1145
1149
1150
1151
1154
1156
1158
1159
1161
1163
1164
1167
1168
1171
1172
1174
1175
1177
1180
1182
1183
1186
1188
1190
1191
1193
1195
1196
1197
1199
1201
1205
1208
1209
1211
1212
1215
1216
1218
1220
1222
1223
1225
1226
1228
1231
1236
1240
1242
1246
1247
1248
1250
1253
1254
1255
1257
1259
1261
1264
1268
1270
1273
1274
1278
1279
1280
1282
1283
1284
1285
1286
1287
1288
1289
1292
1295
1300
1301
1305
1308
1311
1312
1314
1316
1322
1323
1324
1325
1328
1330
1333
1334
1336
1338
1339
1340
1341
1343
1344
1352
1353
1354
1356
1357
1358
1359
1360
1365
1366
1369
1370
1372
1374
1375
1378
1380
1381
1386
1388
1390
1392
1395
1397
1400
1401
1402
1403
1404
1405
1409
1410
1411
1414
1416
1417
1419
1421
1423
1426
1429
1430
1431
1433
1441
1442
1443
1444
1446
1447
1452
1454
1455
1456
1458
1459
1460
1461
1465
1469
1471
1473
1475
1476
1479
1484
1485
1488
1489
1491
1493
1494
1496
1498
1501
1502
1507
1512
1513
1514
1515
1518
1520
1521
1523
1527
1528
1530
1533
1534
1535
1536
1537
1538
1543
1548
1551
1552
1553
1554
1555
1556
1561
1563
1566
1568
1571
1573
1574
1578
1580
1581
1583
1585
1586
1588
1591
1594
1595
1598
1600
1601
1602
1603
1604
1605
1606
1607
1611
1616
1617
1618
1619
1620
1621
1624
1626
1632
1634
1636
1638
1639
1642
1643
1645
1648
1649
1652
1653
1654
1656
1658
1661
1662
1663
1666
1670
1672
1674
1676
1678
1681
1682
1683
1684
1685
1688
1689
1691
1692
1693
1696
1698
1702
1705
1706
1707
1708
1710
1712
1713
1715
1717
1719
1720
1721
1723
1724
1726
1730
1731
1732
1733
1734
1735
1738
1739
1740
1742
1743
1744
1745
1747
1748
1751
1753
1754
1755
1756
1759
1761
1762
1763
1765
1767
1770
1772
1774
1775
1778
1783
1788
1789
1790
1791
1793
1794
1795
1797
1800
1805
1806
1808
1811
1812
1817
1818
1819
1822
1826
1829
1831
1834
1836
1837
1841
1842
1843
1844
1846
1849
1852
1853
1859
1862
1865
1873
1874
1875
1877
1878
1879
1881
1882
1885
1887
1888
1892
1893
1894
1897
1899
1901
1903
1904
1907
1913
1918
1921
1924
1925
1926
1935
1938
1939
1940
1941
1943
1944
1947
1950
1954
1955
1956
1958
1962
1963
1964
1967
1969
1972
1973
1974
1978
1980
1983
1986
1987
1989
1991
1992
1994
1995
1997
1998
1999
2002
2003
2004
2005
2008
2009
2010
2011
2012
2013
2014
2015
2016
2017
2019
2020
2021
2022
2023
2024
2025
2026
2027
2028
2029
2031
2032
2033
2034
2035
2036
2037
2038
2039
2040
2041
2042
2043
2044
2046
2047
2048
2049
2050
2052
2053
2055
2056
2058
2059
2061
2062
2063
2064
2065
2068
2069
2070
2071
2072
2073
2074
2075
2076
2077
2078
2080
2081
2082
2083
2084
