4
10
11
13
17
18
28
29
33
34
35
41
43
44
50
51
52
53
56
58
59
60
62
64
65
66
67
68
69
72
75
77
78
80
82
86
87
88
89
90
93
95
96
99
102
107
108
116
118
119
121
126
127
128
133
137
138
139
142
144
146
149
150
151
152
153
154
157
158
161
162
163
164
166
169
171
173
175
177
178
179
180
182
185
187
188
190
192
194
195
196
197
198
201
203
204
205
209
211
213
214
218
219
220
222
225
226
229
230
233
235
237
238
239
241
242
243
244
247
248
249
251
252
253
255
258
262
263
264
265
267
268
269
270
271
274
277
278
281
282
284
285
286
287
288
291
294
295
296
297
298
300
308
309
315
318
325
326
327
328
331
339
342
344
346
348
351
354
356
358
359
360
362
363
366
367
368
370
371
372
374
375
376
377
378
381
382
383
384
385
386
387
392
394
396
400
401
404
405
406
407
409
410
412
413
415
416
417
419
420
421
422
426
431
432
433
434
435
436
437
439
440
442
443
444
445
447
450
452
454
457
462
467
469
470
471
473
478
479
481
482
483
484
486
489
493
494
495
496
498
499
500
502
503
504
506
509
511
512
515
516
518
519
520
521
522
525
526
528
530
534
536
537
541
542
547
549
550
556
559
560
563
567
571
574
576
577
578
581
584
588
591
593
594
596
598
600
602
604
605
606
607
613
614
619
620
622
624
627
630
631
632
633
635
636
644
645
647
648
652
653
654
656
657
659
660
662
663
664
665
666
668
671
675
680
681
682
683
684
685
686
688
694
697
699
700
702
703
704
706
708
709
710
711
712
713
714
716
719
721
723
728
729
732
733
734
735
737
738
739
741
745
746
747
749
755
756
757
760
761
768
771
773
774
776
777
778
779
784
791
795
796
801
802
803
805
810
811
812
814
818
825
827
830
832
833
835
836
840
842
843
844
845
847
848
849
850
853
855
859
860
861
863
868
870
872
876
877
878
879
880
881
882
883
885
886
887
888
895
898
899
900
902
903
904
905
906
910
912
913
915
919
920
921
923
924
927
929
930
931
932
933
934
937
938
939
942
946
950
951
952
953
954
955
956
958
960
962
965
967
971
974
975
977
979
983
984
985
988
990
991
992
995
1000
1002
1003
1005
1006
1007
1009
1010
1011
1012
1013
1016
1019
1020
1022
1023
1025
1026
1028
1029
1034
1035
1036
1039
1040
1041
1044
1050
1051
1053
1055
1057
1058
1060
1069
1072
1073
1074
1075
1077
1082
1086
1088
1090
1094
1095
1097
1098
1099
1101
1103
1105
1106
1107
1108
1109
1112
1116
1117
1123
1127
1128
1130
1134
1137
1139
1140
1141
1143
1144
1145
1146
1147
1148
1150
1153
1154
1157
1159
1160
1163
1164
1166
1171
1172
1176
1177
1178
1179
1180
1181
1182
1183
1184
1185
1188
1190
1192
1193
1196
1198
1199
1201
1204
1205
1207
1208
1212
1213
1214
1217
1220
1221
1222
1223
1225
1226
1228
1231
1236
1237
1238
1241
1243
1244
1247
1252
1254
1255
1256
1257
1259
1261
1268
1269
1270
1271
1278
1280
1282
1284
1285
1287
1289
1290
1291
1292
1295
1298
1299
1301
1302
1303
1306
1307
1313
1316
1317
1319
1320
1322
1326
1327
1330
1331
1333
1336
1337
1339
1341
1342
1344
1345
1346
1347
1350
1351
1355
1356
1358
1359
1366
1367
1372
1375
1377
1378
1380
1381
1385
1387
1388
1389
1390
1392
1394
1395
1396
1397
1398
1400
1401
1402
1409
1411
1413
1414
1416
1417
1418
1420
1421
1423
1424
1425
1426
1429
1432
1434
1441
1442
1444
1446
1447
1449
1450
1452
1454
1455
1458
1460
1461
1462
1464
1466
1467
1469
1472
1475
1476
1477
1478
1481
1484
1485
1486
1487
1490
1491
1492
1496
1498
1501
1502
1505
1508
1510
1511
1514
1517
1520
1521
1522
1523
1524
1527
1528
1529
1530
1531
1532
1536
1537
1541
1545
1548
1552
1554
1555
1556
1557
1559
1562
1563
1564
1565
1566
1569
1573
1574
1575
1576
1577
1578
1583
1584
1585
1586
1587
1590
1591
1592
1593
1594
1596
1600
1601
1602
1603
1606
1608
1609
1610
1612
1617
1618
1619
1620
1621
1622
1623
1625
1628
1629
1633
1636
1637
1638
1643
1645
1648
1649
1651
1654
1655
1656
1660
1662
1663
1666
1667
1677
1682
1684
1688
1691
1693
1697
1700
1701
1702
1711
1712
1715
1716
1717
1718
1719
1720
1722
1723
1724
1726
1727
1729
1730
1731
1733
1735
1736
1740
1743
1746
1747
1754
1755
1756
1757
1759
1761
1763
1764
1765
1768
1769
1774
1777
1779
1782
1783
1786
1789
1790
1794
1795
1796
1797
1798
1799
1800
1803
1805
1809
1810
1811
1812
1814
1818
1820
1821
1822
1825
1826
1827
1829
1831
1832
1835
1836
1837
1839
1842
1845
1846
1849
1852
1853
1855
1856
1857
1859
1861
1863
1865
1867
1869
1879
1881
1885
1886
1887
1896
1897
1898
1900
1902
1904
1905
1909
1910
1911
1912
1919
1920
1922
1923
1926
1927
1928
1929
1930
1933
1935
1941
1944
1945
1946
1954
1956
1959
1961
1962
1966
1967
1968
1972
1975
1976
1978
1988
1991
1994
1997
2000
2001
2003
2004
2005
2006
2008
2009
2011
2013
2014
2015
2016
2017
2018
2021
2022
2023
2025
2026
2027
2028
2029
2031
2032
2033
2035
2036
2037
2038
2039
2041
2042
2043
2044
2045
2046
2047
2048
2049
2053
2054
2055
2056
2057
2059
2061
2062
2063
2064
2065
2067
2068
2069
2071
2073
2075
2076
2077
2078
2079
2080
2081
2082
2083
2084
