12
17
18
52
60
76
83
99
130
150
177
180
191
196
204
213
226
229
233
238
249
250
257
265
274
277
285
291
331
336
357
359
362
369
381
389
392
399
422
430
433
470
485
492
504
513
522
537
540
583
584
585
600
630
634
636
650
655
668
733
736
749
776
778
782
804
807
814
825
833
849
856
858
862
863
864
866
880
885
887
909
923
927
929
957
972
982
990
1019
1044
1052
1061
1101
1103
1133
1134
1166
1175
1183
1199
1205
1238
1244
1260
1278
1284
1301
1304
1307
1311
1316
1344
1345
1351
1361
1374
1402
1414
1423
1431
1433
1459
1463
1467
1526
1529
1530
1582
1604
1609
1610
1619
1624
1634
1639
1644
1667
1680
1688
1697
1730
1762
1795
1806
1823
1833
1867
1875
1885
1932
1938
1955
1960
1969
1984
1993
1997
2000
2001
2003
2004
2005
2007
2008
2009
2012
2013
2014
2015
2016
2018
2019
2021
2023
2024
2025
2026
2029
2030
2031
2034
2040
2041
2042
2043
2045
2047
2048
2049
2053
2054
2057
2058
2059
2061
2062
2064
2065
2067
2069
2071
2073
2076
2077
2078
2081
2082
2084
