0
2
3
4
5
6
8
9
10
11
12
13
14
15
16
17
18
19
21
22
23
25
26
28
29
30
31
32
33
35
37
38
39
40
41
42
44
45
46
47
49
51
53
54
56
57
58
61
62
64
66
70
71
72
73
74
75
76
77
79
80
81
82
83
84
85
86
87
88
89
90
91
92
93
95
97
98
99
101
102
103
104
105
106
107
108
110
111
113
114
115
118
119
120
121
122
123
124
125
126
127
128
129
130
132
133
134
135
136
137
138
139
142
143
146
147
148
149
150
151
152
153
154
155
156
157
158
162
163
164
165
167
168
170
171
172
173
174
175
176
177
178
181
182
183
185
186
187
188
195
196
199
201
202
205
206
207
211
212
213
215
216
218
219
221
222
223
225
226
227
228
229
230
232
233
236
237
238
239
241
242
243
244
246
247
249
252
253
255
256
257
259
260
261
263
265
266
267
269
273
275
277
280
281
282
283
284
285
286
287
288
289
290
291
292
293
294
295
296
297
298
299
300
301
303
305
306
307
308
309
310
311
312
313
314
315
317
318
319
320
321
324
325
326
327
328
329
330
331
332
334
336
338
339
340
341
343
344
345
346
347
348
351
352
354
355
356
357
358
359
360
361
362
363
364
365
366
367
368
369
371
373
375
376
377
379
380
381
383
384
386
388
389
390
391
392
394
395
398
399
400
401
402
403
404
405
407
409
410
411
413
414
417
419
420
422
425
426
427
429
430
431
432
433
434
435
436
437
440
441
442
443
444
449
451
452
453
454
456
458
460
461
462
463
464
465
466
467
469
470
473
474
475
476
477
478
480
482
483
484
485
486
487
488
490
491
492
493
494
499
500
501
502
503
504
505
507
508
509
510
512
513
515
516
517
519
521
524
525
526
529
530
531
532
534
535
536
537
538
539
540
541
543
545
546
547
548
549
550
552
553
554
555
556
558
560
562
563
564
565
567
568
569
570
571
574
576
578
579
580
581
582
583
585
586
587
588
590
591
593
596
600
602
603
604
606
608
609
610
612
613
615
616
617
618
619
621
622
625
627
628
629
630
631
632
636
638
639
641
642
644
646
648
649
650
651
652
653
654
655
656
657
658
659
660
661
662
664
665
666
667
668
669
670
671
672
674
675
677
679
681
682
683
684
685
686
688
689
690
691
692
693
694
695
697
698
699
700
701
702
704
705
706
708
709
710
711
712
713
714
718
719
720
722
723
725
726
727
728
729
730
731
732
733
734
735
737
738
739
742
743
744
746
747
748
749
750
751
752
753
754
755
757
759
760
762
764
765
767
768
769
771
773
776
778
779
781
782
783
784
785
788
791
792
794
795
796
797
800
801
802
803
804
805
807
808
810
811
814
816
817
818
819
820
822
824
825
826
827
828
829
830
833
834
835
836
837
838
839
840
842
843
844
845
846
848
850
852
853
854
856
857
858
862
863
864
865
866
867
868
869
870
873
877
878
879
880
881
882
884
885
886
887
888
890
895
897
901
902
907
908
909
910
911
912
913
914
915
916
917
918
919
920
921
922
923
924
925
926
927
928
930
931
932
935
938
939
940
943
944
946
947
948
949
951
952
954
955
956
957
958
959
960
963
965
966
967
968
969
972
974
975
976
977
980
981
984
985
986
987
989
990
991
992
993
996
997
998
999
1001
1002
1003
1004
1005
1006
1008
1009
1010
1011
1013
1014
1015
1016
1017
1018
1020
1021
1022
1024
1025
1027
1031
1033
1034
1035
1036
1037
1038
1039
1040
1043
1044
1045
1046
1049
1051
1052
1055
1056
1058
1059
1060
1061
1062
1064
1066
1067
1068
1069
1071
1073
1074
1075
1076
1077
1078
1080
1081
1083
1084
1085
1086
1088
1090
1094
1095
1096
1097
1098
1099
1100
1102
1103
1104
1105
1106
1107
1109
1110
1111
1112
1114
1115
1118
1119
1120
1121
1123
1124
1125
1126
1127
1128
1129
1130
1131
1132
1133
1134
1135
1136
1137
1138
1140
1142
1143
1144
1145
1146
1147
1148
1149
1150
1151
1153
1155
1156
1157
1158
1159
1163
1164
1166
1167
1169
1170
1171
1172
1174
1175
1180
1181
1184
1185
1186
1188
1190
1191
1193
1195
1196
1197
1198
1200
1201
1202
1203
1204
1206
1207
1210
1212
1213
1214
1215
1216
1217
1218
1220
1221
1223
1225
1226
1227
1228
1229
1231
1232
1233
1234
1235
1236
1237
1241
1242
1244
1245
1246
1247
1248
1249
1250
1251
1252
1254
1255
1257
1260
1261
1262
1263
1265
1267
1268
1269
1270
1272
1273
1275
1276
1277
1278
1279
1280
1282
1284
1285
1286
1288
1289
1290
1292
1294
1296
1298
1299
1300
1301
1302
1303
1305
1306
1307
1309
1310
1312
1313
1314
1315
1316
1318
1319
1321
1322
1323
1324
1327
1329
1330
1331
1332
1333
1334
1336
1337
1338
1339
1341
1342
1343
1344
1345
1346
1347
1348
1349
1350
1351
1352
1354
1355
1356
1357
1360
1361
1362
1363
1364
1365
1366
1367
1370
1372
1373
1374
1375
1376
1377
1378
1379
1380
1381
1383
1385
1388
1390
1391
1392
1395
1396
1398
1399
1400
1401
1402
1403
1405
1406
1407
1408
1409
1410
1412
1413
1414
1415
1418
1419
1420
1421
1423
1425
1426
1430
1431
1432
1433
1434
1435
1437
1439
1440
1441
1443
1444
1445
1446
1447
1449
1450
1452
1453
1454
1455
1457
1458
1459
1460
1462
1463
1464
1465
1468
1469
1471
1472
1475
1476
1477
1478
1479
1480
1481
1484
1485
1486
1487
1488
1489
1490
1491
1492
1494
1495
1496
1497
1498
1499
1500
1501
1503
1504
1505
1506
1508
1509
1510
1511
1514
1515
1516
1517
1518
1519
1520
1521
1522
1523
1524
1525
1526
1528
1529
1530
1533
1534
1537
1538
1539
1543
1544
1545
1546
1549
1550
1551
1553
1554
1555
1556
1557
1558
1559
1561
1563
1564
1565
1566
1567
1568
1570
1571
1572
1573
1574
1575
1576
1577
1578
1579
1580
1582
1584
1585
1586
1589
1591
1592
1593
1594
1595
1596
1597
1598
1600
1601
1602
1603
1604
1605
1606
1607
1608
1609
1610
1611
1612
1613
1615
1617
1618
1619
1621
1622
1623
1624
1626
1627
1628
1629
1630
1633
1636
1637
1639
1640
1641
1642
1644
1645
1646
1647
1648
1650
1653
1654
1655
1656
1657
1658
1659
1660
1661
1663
1664
1665
1666
1667
1668
1669
1670
1671
1672
1673
1675
1676
1677
1678
1679
1680
1681
1682
1683
1684
1685
1687
1688
1689
1690
1691
1693
1694
1695
1697
1698
1700
1701
1702
1704
1705
1707
1708
1709
1710
1711
1712
1713
1715
1716
1718
1719
1723
1724
1726
1727
1728
1730
1733
1734
1735
1736
1737
1738
1740
1742
1745
1746
1747
1748
1749
1750
1751
1752
1753
1754
1756
1757
1758
1759
1762
1764
1765
1766
1768
1769
1770
1771
1773
1775
1776
1778
1779
1780
1781
1782
1783
1784
1786
1787
1788
1789
1790
1791
1792
1793
1794
1795
1796
1797
1798
1800
1801
1802
1803
1805
1806
1809
1810
1811
1814
1815
1818
1819
1820
1822
1824
1825
1826
1827
1828
1829
1830
1831
1833
1835
1836
1838
1839
1840
1842
1843
1844
1847
1852
1853
1855
1856
1857
1859
1860
1861
1862
1863
1864
1866
1867
1868
1869
1871
1872
1873
1876
1877
1878
1879
1880
1881
1882
1883
1886
1887
1888
1889
1892
1893
1894
1895
1896
1897
1898
1899
1900
1901
1902
1904
1905
1906
1907
1908
1911
1913
1914
1915
1916
1917
1918
1919
1920
1921
1922
1923
1924
1925
1927
1928
1929
1931
1932
1933
1934
1935
1936
1938
1939
1940
1941
1942
1943
1945
1946
1947
1948
1949
1951
1953
1954
1956
1957
1958
1959
1960
1962
1963
1964
1965
1966
1967
1968
1969
1970
1972
1974
1976
1978
1979
1980
1981
1982
1983
1984
1985
1987
1988
1989
1990
1992
1993
1994
1995
1998
2000
2001
2002
2003
2004
2005
2006
2007
2008
2009
2010
2011
2012
2013
2014
2015
2016
2017
2018
2019
2020
2021
2022
2023
2024
2025
2026
2028
2029
2030
2031
2032
2033
2034
2035
2036
2037
2038
2039
2040
2041
2042
2043
2044
2045
2046
2047
2048
2049
2050
2051
2052
2053
2054
2055
2056
2057
2058
2059
2060
2061
2062
2063
2064
2065
2066
2067
2068
2069
2070
2072
2073
2074
2075
2076
2077
2078
2079
2080
2081
2082
2083
2084
