6
9
10
11
13
15
16
18
28
29
34
45
46
47
48
54
55
59
60
63
68
71
74
79
82
88
91
92
93
101
103
107
109
113
114
116
128
137
139
145
153
155
157
163
167
174
177
178
183
192
198
202
207
218
220
221
222
225
227
243
252
255
262
268
275
277
279
286
288
301
309
310
311
312
313
316
318
320
326
331
333
342
344
347
353
355
358
359
363
364
368
369
376
379
387
388
389
395
396
399
400
413
415
416
419
420
421
422
423
424
428
430
432
451
452
468
474
481
486
487
490
491
494
495
502
505
512
515
525
537
540
541
545
549
553
558
560
564
575
588
596
604
605
611
613
615
617
623
632
633
634
635
638
644
649
655
658
663
665
670
672
674
676
678
680
682
684
686
688
691
693
695
697
699
701
712
720
730
733
743
746
748
751
753
766
769
773
775
780
781
786
788
790
799
802
805
808
820
830
832
833
837
840
843
851
853
854
860
864
865
871
874
878
881
884
886
897
898
909
916
917
924
929
939
961
971
974
976
979
982
985
991
993
994
1001
1005
1011
1018
1019
1027
1031
1033
1037
1040
1046
1050
1053
1055
1056
1058
1061
1066
1070
1071
1075
1077
1081
1088
1091
1092
1094
1095
1100
1102
1109
1113
1121
1122
1125
1133
1140
1144
1145
1146
1148
1162
1166
1170
1171
1178
1180
1183
1185
1190
1199
1203
1205
1209
1210
1214
1220
1222
1228
1237
1244
1254
1260
1261
1262
1269
1284
1286
1292
1304
1305
1309
1312
1317
1325
1331
1337
1342
1343
1344
1345
1348
1351
1352
1356
1358
1363
1365
1367
1375
1377
1380
1385
1391
1394
1406
1410
1414
1415
1419
1421
1432
1442
1453
1467
1475
1483
1489
1491
1495
1496
1501
1502
1511
1514
1516
1518
1526
1530
1544
1548
1555
1556
1562
1565
1568
1575
1578
1583
1585
1587
1602
1604
1605
1610
1611
1623
1624
1626
1631
1633
1640
1642
1653
1656
1666
1669
1672
1674
1681
1682
1684
1693
1699
1703
1705
1706
1710
1713
1716
1722
1724
1727
1730
1731
1733
1734
1737
1740
1749
1753
1762
1779
1787
1790
1791
1800
1811
1815
1822
1844
1855
1864
1866
1867
1869
1873
1875
1880
1881
1882
1883
1887
1889
1895
1897
1898
1900
1903
1918
1919
1931
1934
1935
1938
1940
1942
1943
1944
1951
1956
1962
1964
1969
1974
1982
1994
1996
2002
2003
2004
2005
2007
2008
2009
2010
2012
2013
2014
2015
2016
2017
2018
2019
2020
2022
2023
2024
2025
2027
2029
2030
2031
2032
2033
2036
2037
2038
2039
2040
2041
2042
2043
2044
2045
2046
2047
2048
2049
2050
2051
2052
2053
2054
2056
2057
2058
2059
2061
2062
2063
2064
2065
2067
2068
2069
2070
2071
2073
2074
2075
2076
2077
2078
2080
2083
2084
