4
22
23
53
65
94
113
138
154
157
174
177
209
220
231
241
245
264
265
281
288
304
311
315
323
329
340
341
368
377
395
399
400
413
425
428
430
489
496
506
513
516
559
564
611
613
642
648
652
672
676
680
687
696
701
724
733
743
765
770
771
777
803
823
827
833
835
839
864
866
902
923
926
934
938
945
953
980
992
994
1003
1005
1022
1042
1076
1090
1100
1106
1127
1128
1132
1144
1146
1148
1165
1166
1171
1178
1181
1191
1192
1194
1196
1197
1207
1220
1225
1228
1244
1262
1264
1275
1285
1299
1301
1318
1345
1370
1391
1400
1404
1419
1438
1439
1443
1476
1478
1482
1483
1496
1501
1502
1505
1514
1519
1566
1585
1590
1597
1601
1615
1628
1631
1634
1649
1654
1664
1666
1669
1682
1688
1692
1693
1716
1719
1721
1736
1737
1740
1774
1788
1819
1825
1868
1870
1888
1921
1935
1949
1951
1972
1982
1990
1991
1998
2000
2002
2004
2005
2007
2010
2011
2013
2015
2020
2026
2027
2028
2031
2033
2034
2037
2039
2041
2043
2044
2045
2050
2051
2054
2055
2057
2068
2070
2074
2077
2080
2084
