2
4
11
16
17
18
22
23
24
25
26
30
38
40
41
46
48
51
52
54
60
61
64
70
74
77
78
80
83
84
87
101
106
109
113
114
120
123
124
126
128
139
144
148
156
157
161
164
169
170
172
175
180
184
200
207
208
215
216
225
228
231
236
245
260
262
266
268
277
288
292
300
302
304
306
311
312
318
319
326
328
331
335
337
346
353
354
359
363
366
379
381
385
421
422
424
434
436
437
441
442
445
450
453
455
457
460
462
464
469
472
479
481
482
489
495
499
513
517
529
542
548
549
553
555
559
564
569
574
579
581
584
586
591
595
598
604
606
607
609
615
617
625
627
629
634
635
638
645
646
651
653
659
660
665
666
667
668
670
683
688
692
710
714
715
720
723
728
730
737
742
743
747
750
755
760
761
763
773
775
776
781
789
792
805
808
811
813
814
815
820
827
831
832
834
837
838
848
853
867
869
871
873
877
878
887
895
896
908
909
911
916
917
919
923
925
928
935
938
945
950
951
954
955
958
966
967
970
976
983
986
994
1000
1006
1011
1020
1029
1031
1033
1041
1045
1047
1048
1049
1051
1052
1054
1056
1064
1066
1070
1073
1082
1089
1093
1101
1105
1106
1110
1113
1122
1124
1127
1128
1132
1133
1134
1140
1142
1145
1147
1151
1161
1162
1166
1170
1171
1175
1178
1180
1187
1190
1194
1197
1201
1207
1216
1217
1220
1221
1223
1228
1231
1232
1236
1247
1249
1250
1251
1252
1253
1268
1275
1283
1286
1288
1291
1296
1300
1301
1304
1312
1316
1325
1331
1335
1343
1345
1346
1349
1355
1357
1360
1367
1370
1375
1408
1410
1412
1417
1418
1419
1420
1447
1450
1452
1453
1455
1456
1459
1462
1471
1475
1481
1483
1487
1490
1495
1498
1504
1510
1515
1521
1533
1539
1542
1546
1551
1552
1555
1556
1558
1561
1573
1579
1583
1585
1594
1595
1610
1618
1620
1621
1624
1625
1626
1627
1634
1658
1664
1667
1671
1673
1678
1685
1688
1692
1695
1697
1707
1710
1720
1723
1730
1744
1750
1752
1755
1756
1762
1764
1766
1767
1769
1778
1783
1787
1789
1803
1808
1810
1818
1828
1831
1839
1844
1855
1867
1869
1870
1871
1873
1880
1881
1885
1886
1887
1894
1901
1903
1905
1907
1909
1911
1925
1928
1940
1941
1944
1945
1949
1956
1960
1962
1965
1969
1987
1994
1996
2000
2001
2002
2003
2004
2005
2008
2009
2011
2012
2013
2014
2016
2018
2019
2020
2022
2023
2024
2025
2026
2027
2028
2029
2030
2031
2032
2033
2035
2036
2037
2038
2039
2040
2041
2042
2043
2044
2045
2046
2047
2048
2049
2050
2051
2052
2053
2054
2056
2057
2058
2059
2060
2061
2062
2064
2065
2067
2068
2069
2070
2071
2072
2075
2076
2077
2078
2079
2081
2082
2083
2084
