0
2
5
6
8
10
13
14
15
18
22
30
32
34
35
37
38
41
43
44
45
48
49
50
51
52
53
55
56
59
60
61
62
63
64
66
67
69
70
71
72
73
74
76
77
78
79
83
91
93
94
96
97
98
100
101
104
105
106
108
110
112
113
114
120
124
125
126
128
132
142
147
148
150
151
153
154
156
160
163
165
166
168
169
173
175
177
178
180
181
186
187
188
190
191
192
193
197
199
201
203
205
209
210
211
222
225
231
232
233
234
235
237
239
243
244
245
247
249
251
254
255
256
258
259
260
264
265
268
272
274
275
276
277
278
281
283
284
285
289
292
293
295
296
297
298
302
309
311
315
316
317
318
319
324
325
326
335
336
337
338
339
340
342
344
346
347
348
351
354
355
359
360
364
367
368
369
371
372
376
378
380
381
385
386
387
389
391
392
393
395
399
400
402
406
407
409
410
411
413
414
415
417
418
420
421
424
425
426
428
429
430
433
435
441
442
443
444
445
446
447
452
456
457
458
464
468
469
470
472
479
483
484
485
486
488
493
494
496
497
500
501
502
505
511
512
514
515
516
518
521
525
526
529
530
532
533
534
536
537
541
543
546
547
548
550
552
553
555
556
558
559
560
563
565
567
568
569
570
574
575
578
579
581
582
586
588
591
594
600
601
604
605
606
610
611
613
615
617
618
619
620
621
623
624
626
627
629
630
631
635
639
641
645
648
652
653
654
655
658
659
665
670
671
674
676
677
678
680
681
682
683
684
685
686
687
691
692
693
694
695
697
699
701
707
710
712
713
714
716
720
722
723
728
729
731
732
733
735
737
738
739
742
743
746
747
748
749
752
753
756
757
759
760
762
764
769
773
774
776
778
779
780
782
783
784
785
786
789
791
792
794
801
803
809
814
815
819
820
821
823
825
831
833
834
838
839
840
841
842
844
850
853
862
866
867
868
869
870
871
874
880
881
882
885
887
889
890
891
892
895
896
899
903
905
910
916
918
920
921
923
925
927
928
932
934
935
936
937
938
939
941
946
949
951
953
954
957
958
959
960
963
964
966
968
969
973
977
984
985
987
988
992
993
994
995
996
999
1000
1001
1002
1004
1005
1008
1012
1013
1014
1016
1019
1022
1024
1026
1030
1032
1035
1037
1039
1041
1043
1046
1049
1052
1054
1060
1063
1068
1070
1074
1075
1076
1077
1078
1079
1080
1084
1089
1090
1091
1092
1093
1094
1098
1099
1101
1102
1103
1104
1106
1107
1108
1111
1112
1117
1121
1123
1128
1129
1130
1131
1132
1134
1136
1139
1140
1141
1142
1143
1144
1146
1148
1149
1150
1156
1157
1158
1160
1161
1162
1164
1165
1167
1168
1169
1170
1171
1172
1174
1178
1180
1183
1185
1187
1190
1192
1193
1195
1196
1197
1199
1201
1202
1203
1204
1205
1206
1213
1214
1215
1216
1221
1223
1224
1225
1226
1231
1236
1238
1242
1244
1245
1249
1250
1251
1256
1260
1261
1263
1264
1265
1266
1268
1269
1273
1276
1278
1279
1280
1281
1282
1284
1288
1290
1291
1296
1298
1299
1301
1303
1304
1305
1309
1312
1313
1314
1315
1316
1317
1318
1320
1321
1322
1323
1324
1326
1327
1329
1330
1331
1335
1336
1337
1338
1343
1347
1349
1350
1351
1352
1353
1354
1356
1358
1360
1364
1365
1367
1373
1374
1375
1377
1387
1388
1391
1392
1393
1394
1395
1396
1397
1398
1399
1400
1404
1405
1406
1407
1409
1410
1414
1417
1418
1423
1429
1430
1431
1432
1434
1435
1436
1439
1440
1441
1442
1446
1447
1448
1450
1455
1456
1462
1465
1467
1469
1471
1472
1477
1478
1479
1480
1482
1483
1484
1490
1492
1493
1495
1498
1500
1501
1503
1504
1506
1512
1515
1517
1518
1519
1520
1521
1523
1526
1527
1532
1533
1537
1538
1539
1540
1541
1542
1543
1547
1549
1554
1555
1559
1561
1562
1564
1565
1567
1568
1572
1574
1575
1576
1577
1579
1584
1585
1587
1589
1590
1591
1592
1594
1595
1596
1598
1601
1603
1606
1610
1612
1613
1614
1615
1618
1619
1622
1623
1624
1625
1626
1629
1634
1639
1640
1641
1644
1645
1650
1651
1654
1655
1656
1657
1660
1661
1663
1664
1665
1667
1668
1669
1670
1671
1673
1677
1681
1682
1684
1686
1687
1688
1689
1690
1691
1693
1695
1699
1701
1702
1704
1705
1707
1712
1713
1714
1716
1719
1721
1722
1723
1724
1726
1727
1728
1730
1735
1736
1737
1744
1746
1748
1754
1755
1756
1757
1760
1763
1765
1766
1767
1768
1769
1773
1779
1781
1782
1784
1787
1789
1790
1791
1793
1795
1800
1805
1806
1808
1810
1811
1812
1814
1816
1818
1819
1820
1821
1822
1824
1825
1826
1833
1836
1846
1850
1852
1853
1856
1857
1858
1859
1862
1866
1867
1868
1869
1870
1872
1873
1874
1879
1881
1882
1884
1886
1887
1889
1894
1895
1896
1897
1900
1901
1903
1905
1906
1909
1910
1911
1912
1913
1914
1915
1918
1919
1921
1925
1926
1927
1928
1930
1933
1934
1935
1938
1940
1942
1943
1944
1945
1947
1950
1955
1960
1961
1969
1971
1973
1974
1976
1977
1979
1983
1986
1989
1991
1992
1994
1996
1998
2000
2002
2003
2004
2006
2007
2009
2010
2012
2013
2014
2015
2017
2018
2019
2020
2021
2022
2023
2024
2025
2026
2027
2028
2029
2030
2031
2032
2033
2034
2035
2037
2038
2039
2040
2041
2042
2043
2044
2045
2047
2048
2051
2052
2053
2056
2057
2058
2059
2060
2061
2062
2064
2065
2067
2068
2069
2070
2071
2072
2073
2074
2076
2077
2078
2079
2081
2082
2084
