2
11
15
18
22
30
38
49
51
55
59
62
64
65
71
75
86
91
94
104
111
120
129
134
147
151
157
158
167
169
170
174
177
180
183
191
195
197
205
206
208
222
232
235
236
241
243
245
249
252
257
260
261
264
266
268
274
275
278
288
300
301
305
308
321
322
324
326
328
329
331
340
346
350
354
356
358
359
363
366
370
374
376
381
384
387
392
394
399
400
405
407
411
420
421
429
430
434
437
443
451
453
454
465
466
468
474
481
484
488
489
491
500
503
516
529
534
541
545
549
556
561
563
569
574
589
591
593
596
598
602
603
605
609
616
622
629
630
638
646
660
665
666
668
670
672
679
680
685
695
699
700
701
709
715
718
722
723
728
737
738
743
745
747
752
753
754
760
763
767
777
781
785
792
794
801
809
814
821
828
830
831
838
840
853
858
859
863
864
868
869
881
882
884
887
895
898
899
902
916
924
926
928
931
938
943
947
949
954
955
966
967
968
974
976
979
980
982
992
993
994
996
1003
1005
1006
1012
1013
1020
1029
1033
1037
1041
1044
1047
1055
1057
1061
1062
1063
1065
1071
1072
1073
1079
1082
1099
1106
1107
1110
1111
1112
1115
1122
1132
1133
1134
1140
1145
1151
1154
1157
1161
1169
1170
1172
1177
1188
1190
1194
1197
1199
1201
1202
1212
1214
1217
1218
1220
1223
1227
1235
1236
1241
1242
1246
1249
1263
1270
1273
1285
1286
1294
1295
1301
1305
1311
1313
1320
1325
1328
1331
1333
1337
1343
1352
1357
1370
1373
1374
1401
1402
1404
1409
1423
1424
1426
1429
1430
1441
1443
1450
1452
1460
1461
1474
1475
1477
1484
1485
1492
1493
1494
1496
1498
1501
1504
1505
1520
1525
1537
1551
1571
1587
1588
1594
1596
1605
1618
1619
1620
1621
1625
1629
1633
1634
1636
1644
1658
1660
1665
1678
1683
1688
1690
1691
1695
1702
1703
1705
1708
1710
1712
1713
1719
1727
1728
1730
1734
1740
1745
1749
1754
1764
1765
1768
1772
1773
1775
1778
1783
1794
1806
1812
1815
1818
1819
1821
1822
1823
1824
1829
1831
1838
1839
1840
1841
1842
1855
1870
1871
1873
1875
1877
1880
1881
1883
1885
1895
1900
1903
1905
1907
1908
1915
1918
1924
1935
1940
1945
1950
1960
1969
1970
1971
1973
1982
1988
1991
1996
1998
2000
2001
2002
2003
2004
2005
2007
2008
2009
2010
2011
2012
2013
2014
2015
2016
2017
2018
2019
2020
2021
2022
2023
2024
2025
2026
2027
2028
2029
2030
2031
2032
2033
2035
2036
2037
2038
2039
2040
2041
2042
2043
2044
2045
2046
2047
2048
2049
2050
2051
2052
2053
2054
2056
2057
2058
2059
2060
2061
2062
2063
2064
2065
2066
2067
2068
2069
2070
2071
2072
2073
2074
2075
2076
2078
2079
2080
2081
2082
2083
2084
