2
3
4
8
9
10
15
16
17
19
21
22
23
24
25
27
29
30
33
35
38
39
41
48
54
56
60
62
63
64
65
68
71
72
75
76
78
79
80
83
86
89
91
92
93
94
95
97
98
99
100
103
104
109
110
111
113
114
115
116
117
120
122
127
129
130
131
133
134
137
138
139
141
142
144
145
146
148
156
157
158
161
162
164
165
167
170
171
172
173
174
175
177
178
181
184
186
187
188
192
193
200
204
205
206
213
214
217
218
221
222
224
225
226
233
234
236
241
242
243
244
249
251
252
254
256
257
259
260
264
266
268
269
274
276
277
280
281
283
284
286
288
290
291
292
297
300
303
306
307
308
312
313
314
315
316
318
321
324
327
328
330
331
335
336
337
339
340
341
342
344
345
347
348
350
353
354
355
359
360
362
365
366
367
375
376
377
380
381
382
383
387
390
392
397
398
399
400
402
404
409
411
412
416
417
418
421
422
423
424
426
427
429
430
431
434
435
436
438
440
442
445
447
449
451
453
454
455
456
458
465
469
470
474
477
478
480
488
489
491
492
494
495
496
498
499
500
502
503
504
511
512
513
516
517
519
520
521
522
525
526
529
531
533
534
535
537
541
542
545
547
548
549
550
552
555
556
557
559
561
566
569
570
573
576
577
579
582
585
586
588
591
593
596
598
603
615
617
622
623
626
627
629
632
633
643
646
647
648
649
650
651
655
656
657
659
660
663
666
667
670
673
674
675
676
677
678
679
682
684
685
688
689
692
697
698
699
700
701
702
704
706
707
708
710
712
713
714
715
716
720
723
725
727
728
729
730
733
738
739
742
743
745
746
747
749
750
752
759
762
765
767
769
770
771
775
776
783
784
785
786
787
792
793
794
797
801
803
805
806
807
809
810
813
816
820
823
824
825
827
828
829
831
833
834
835
836
837
838
840
843
844
845
846
847
848
849
851
853
854
858
862
864
865
866
867
869
874
876
878
879
880
881
882
885
886
887
888
889
890
895
896
897
899
901
902
905
906
910
911
915
916
918
919
923
925
927
929
930
934
935
937
938
941
942
945
946
947
948
949
952
954
956
957
958
960
961
962
963
967
968
970
971
972
975
976
980
982
985
986
990
994
998
999
1000
1002
1005
1006
1007
1008
1010
1011
1012
1013
1014
1015
1017
1018
1019
1020
1021
1023
1024
1026
1029
1031
1032
1037
1038
1040
1041
1042
1043
1046
1049
1051
1053
1057
1058
1059
1061
1063
1064
1065
1067
1069
1071
1072
1073
1074
1076
1077
1079
1080
1082
1083
1091
1092
1095
1097
1102
1103
1105
1106
1107
1108
1109
1110
1111
1112
1118
1121
1124
1128
1129
1130
1132
1133
1134
1138
1144
1148
1151
1153
1156
1157
1160
1163
1164
1169
1170
1171
1172
1173
1175
1178
1183
1184
1185
1187
1190
1194
1196
1197
1198
1199
1200
1201
1202
1203
1204
1206
1208
1212
1215
1216
1217
1220
1221
1223
1224
1226
1228
1231
1232
1233
1234
1236
1239
1243
1249
1250
1251
1254
1257
1259
1261
1262
1265
1270
1271
1274
1277
1278
1279
1281
1282
1283
1285
1286
1287
1289
1290
1291
1292
1295
1298
1300
1303
1305
1307
1308
1310
1311
1312
1313
1314
1320
1322
1323
1324
1325
1328
1331
1332
1333
1337
1339
1341
1342
1343
1345
1346
1351
1352
1353
1355
1356
1357
1359
1360
1361
1365
1367
1369
1372
1374
1376
1379
1380
1381
1383
1385
1389
1391
1392
1393
1394
1395
1404
1405
1406
1407
1408
1409
1412
1414
1417
1418
1420
1428
1429
1431
1432
1435
1439
1440
1442
1446
1447
1448
1449
1450
1452
1453
1455
1456
1457
1460
1471
1472
1474
1475
1477
1478
1484
1485
1487
1488
1489
1491
1492
1494
1496
1498
1500
1501
1502
1503
1505
1506
1509
1510
1514
1515
1516
1517
1523
1524
1529
1532
1533
1534
1535
1536
1537
1542
1544
1545
1546
1549
1551
1552
1555
1558
1563
1564
1566
1567
1569
1570
1577
1578
1583
1588
1589
1599
1601
1603
1605
1609
1610
1614
1616
1619
1620
1621
1622
1624
1625
1633
1634
1635
1636
1638
1639
1642
1644
1645
1646
1652
1653
1657
1658
1663
1664
1665
1666
1668
1669
1671
1673
1677
1678
1680
1681
1684
1685
1688
1692
1693
1694
1698
1699
1700
1701
1702
1706
1707
1711
1712
1716
1718
1719
1721
1723
1725
1730
1737
1738
1739
1743
1745
1746
1748
1751
1752
1753
1756
1758
1761
1762
1763
1764
1765
1767
1768
1769
1770
1771
1772
1773
1777
1779
1780
1783
1784
1787
1788
1790
1791
1792
1798
1800
1801
1802
1803
1806
1808
1810
1811
1813
1814
1817
1818
1819
1824
1826
1829
1830
1831
1833
1835
1839
1840
1841
1844
1846
1848
1852
1854
1855
1856
1858
1861
1867
1868
1871
1873
1874
1880
1881
1882
1885
1888
1889
1890
1891
1895
1896
1898
1900
1902
1904
1909
1910
1913
1914
1916
1918
1926
1928
1929
1931
1932
1933
1938
1941
1942
1944
1945
1949
1950
1951
1953
1956
1967
1969
1970
1971
1973
1980
1981
1984
1990
1992
1994
1998
2000
2001
2002
2003
2004
2007
2008
2009
2011
2012
2013
2014
2015
2016
2017
2018
2019
2020
2021
2022
2023
2025
2026
2027
2028
2029
2030
2031
2032
2033
2034
2035
2036
2037
2038
2039
2040
2041
2042
2044
2045
2046
2047
2048
2049
2050
2051
2052
2053
2054
2055
2056
2058
2059
2060
2061
2062
2063
2064
2065
2067
2068
2070
2073
2074
2075
2076
2077
2078
2079
2080
2081
2082
2084
