2
4
5
6
7
8
9
10
11
12
13
14
15
16
17
18
19
21
22
24
25
26
28
29
31
32
33
34
35
36
37
38
39
40
42
45
46
47
48
49
51
52
53
55
56
57
59
60
61
62
63
64
65
66
68
69
70
71
73
76
77
79
80
83
84
85
86
87
89
90
91
92
94
95
97
100
101
103
104
105
107
109
110
111
113
114
115
116
118
119
120
121
122
123
126
128
129
130
131
133
134
135
136
138
141
143
144
146
147
148
150
153
156
157
158
159
162
163
165
166
167
169
170
171
172
173
174
176
177
178
179
180
181
183
184
185
186
188
189
190
192
193
194
195
196
197
199
200
203
204
206
207
208
209
211
214
215
218
221
222
223
226
227
228
230
231
232
235
236
237
238
240
241
244
246
247
249
250
252
253
255
256
257
260
261
262
263
264
265
266
268
270
272
273
275
276
277
278
281
283
284
285
287
288
291
292
293
294
296
297
298
301
304
305
307
308
309
310
311
312
313
315
316
317
320
321
322
323
324
326
327
328
329
330
331
332
333
334
335
336
337
338
340
342
343
344
345
346
348
349
350
353
354
355
356
359
361
363
365
366
367
368
370
371
372
373
374
375
376
377
379
381
382
384
385
386
387
388
390
391
392
393
394
395
396
397
398
399
400
402
403
405
408
409
411
413
414
415
416
417
418
419
420
421
422
423
424
425
426
428
429
430
431
432
434
435
436
437
438
439
440
442
443
446
447
448
450
451
452
453
454
455
456
458
460
461
465
466
467
468
469
470
473
474
476
477
481
482
483
484
485
488
489
490
491
496
499
500
501
502
506
507
508
509
510
511
512
513
514
516
517
518
519
520
521
525
526
527
528
529
531
532
533
534
536
538
539
540
541
542
545
546
548
549
550
553
554
555
556
558
559
560
561
562
563
564
565
567
568
569
570
571
572
574
576
577
578
579
580
581
582
583
584
588
589
591
593
594
595
596
597
598
599
601
602
603
604
605
606
607
608
609
613
615
616
617
619
620
622
624
625
628
629
630
631
633
634
635
636
637
638
642
643
644
645
647
648
649
650
651
652
653
654
655
656
657
660
661
665
666
667
668
669
670
672
673
675
676
677
678
679
680
681
683
684
685
687
688
690
691
692
693
696
697
698
699
700
701
704
705
706
707
708
709
710
711
717
719
720
721
722
723
724
726
727
728
729
732
733
734
735
737
738
739
740
742
743
744
745
746
747
748
750
752
753
754
755
756
758
759
760
762
763
764
766
767
769
770
771
772
773
774
775
776
777
778
781
782
783
784
785
787
788
789
790
791
792
793
794
795
796
797
799
800
802
806
808
809
810
811
813
814
815
816
818
819
820
821
823
825
826
828
829
830
831
832
833
834
835
836
837
838
839
840
841
842
845
848
849
850
853
855
856
857
858
859
860
863
864
866
867
868
869
870
872
873
874
877
878
879
880
881
882
883
884
885
886
887
888
889
890
891
893
894
895
896
897
898
899
901
902
903
904
906
907
909
916
917
922
924
927
928
929
931
932
935
936
937
938
939
940
942
943
945
946
949
950
951
953
954
955
957
958
959
960
961
963
964
965
966
967
968
971
972
973
974
975
976
977
979
980
981
982
983
984
985
986
987
991
992
993
994
996
997
999
1000
1001
1002
1003
1004
1005
1006
1007
1009
1010
1011
1012
1013
1014
1016
1018
1019
1020
1022
1023
1024
1027
1028
1029
1030
1031
1032
1033
1034
1035
1037
1038
1039
1040
1041
1044
1045
1046
1047
1049
1050
1051
1052
1055
1057
1059
1061
1062
1063
1064
1065
1067
1068
1069
1071
1072
1073
1074
1075
1076
1077
1078
1079
1080
1081
1084
1085
1089
1090
1091
1092
1093
1094
1095
1097
1098
1099
1100
1101
1103
1105
1106
1107
1108
1109
1110
1111
1112
1113
1114
1115
1117
1118
1119
1121
1122
1123
1125
1126
1127
1128
1131
1132
1133
1134
1135
1136
1138
1139
1140
1141
1143
1145
1147
1148
1149
1150
1151
1152
1153
1155
1156
1157
1158
1160
1161
1162
1164
1165
1167
1168
1169
1170
1175
1176
1177
1178
1179
1180
1181
1183
1184
1185
1186
1187
1188
1190
1192
1193
1194
1195
1196
1197
1198
1199
1201
1202
1204
1206
1207
1210
1212
1213
1214
1215
1216
1217
1218
1220
1222
1223
1225
1226
1227
1228
1229
1230
1231
1232
1233
1234
1235
1236
1237
1238
1240
1241
1242
1243
1245
1246
1248
1250
1251
1252
1253
1254
1256
1258
1260
1261
1262
1263
1265
1266
1268
1269
1270
1271
1272
1273
1274
1275
1277
1279
1280
1281
1282
1284
1285
1286
1287
1288
1289
1290
1291
1293
1294
1295
1296
1297
1298
1299
1301
1302
1303
1306
1307
1308
1310
1311
1312
1313
1316
1317
1318
1319
1320
1321
1322
1325
1326
1327
1328
1329
1330
1331
1332
1333
1334
1335
1337
1338
1340
1341
1342
1343
1344
1345
1347
1348
1349
1351
1352
1354
1355
1356
1357
1358
1359
1362
1363
1365
1366
1367
1370
1373
1374
1375
1376
1377
1379
1382
1383
1386
1388
1389
1391
1393
1395
1397
1398
1399
1400
1401
1402
1403
1404
1405
1407
1408
1409
1410
1411
1414
1417
1418
1419
1420
1421
1422
1423
1424
1425
1426
1427
1429
1430
1432
1433
1434
1435
1436
1438
1439
1441
1443
1444
1445
1446
1447
1448
1449
1450
1452
1453
1454
1455
1456
1457
1458
1459
1460
1461
1462
1466
1467
1468
1469
1471
1472
1473
1474
1475
1476
1477
1478
1479
1482
1484
1485
1486
1488
1490
1492
1493
1494
1495
1496
1497
1498
1499
1500
1501
1504
1505
1506
1508
1509
1514
1515
1516
1517
1518
1519
1520
1522
1524
1525
1527
1529
1532
1533
1534
1536
1537
1538
1539
1540
1541
1542
1543
1544
1546
1547
1548
1549
1550
1551
1553
1554
1555
1556
1558
1559
1560
1562
1563
1564
1565
1570
1571
1573
1574
1575
1577
1578
1579
1580
1583
1584
1585
1586
1587
1588
1589
1590
1592
1593
1594
1595
1596
1598
1599
1600
1601
1602
1603
1605
1606
1609
1610
1611
1614
1615
1616
1618
1619
1620
1621
1622
1623
1624
1625
1626
1627
1629
1630
1631
1632
1633
1634
1635
1636
1637
1638
1639
1640
1641
1642
1645
1646
1647
1648
1650
1652
1653
1655
1656
1657
1658
1659
1660
1663
1664
1665
1666
1667
1668
1674
1675
1676
1677
1678
1680
1681
1682
1683
1684
1685
1687
1688
1689
1690
1691
1692
1693
1694
1695
1696
1697
1698
1699
1700
1701
1702
1703
1705
1706
1707
1708
1709
1710
1711
1712
1713
1715
1716
1717
1719
1721
1722
1723
1724
1725
1726
1727
1728
1730
1731
1732
1734
1738
1739
1745
1746
1747
1748
1749
1750
1752
1754
1755
1756
1757
1758
1759
1760
1762
1763
1764
1765
1766
1768
1769
1770
1771
1772
1773
1774
1775
1777
1778
1780
1781
1782
1783
1784
1787
1788
1791
1792
1793
1794
1795
1797
1800
1802
1805
1806
1807
1808
1810
1811
1812
1813
1815
1818
1819
1820
1821
1823
1824
1826
1827
1828
1829
1830
1831
1833
1834
1835
1836
1838
1839
1840
1842
1843
1845
1846
1847
1848
1849
1851
1852
1854
1855
1856
1858
1860
1861
1862
1863
1864
1865
1866
1867
1869
1870
1871
1873
1874
1875
1876
1877
1878
1879
1880
1883
1884
1885
1886
1888
1890
1891
1892
1893
1894
1895
1896
1897
1898
1899
1900
1901
1903
1904
1905
1906
1907
1908
1909
1911
1912
1913
1914
1916
1917
1918
1919
1920
1921
1922
1923
1924
1926
1928
1929
1930
1931
1933
1934
1935
1937
1939
1940
1941
1942
1945
1946
1947
1949
1950
1951
1954
1955
1956
1959
1960
1961
1962
1963
1964
1965
1967
1969
1970
1971
1972
1973
1974
1975
1976
1977
1978
1979
1982
1983
1985
1986
1987
1991
1993
1994
1996
1997
1998
2000
2001
2002
2003
2004
2005
2007
2008
2009
2010
2011
2012
2013
2014
2015
2016
2017
2018
2019
2020
2021
2022
2023
2025
2026
2027
2028
2029
2030
2031
2032
2033
2034
2035
2036
2037
2038
2039
2040
2041
2042
2043
2044
2045
2046
2047
2048
2049
2050
2051
2052
2053
2054
2055
2056
2057
2058
2059
2060
2061
2062
2063
2064
2065
2067
2068
2069
2070
2071
2072
2073
2074
2075
2076
2078
2079
2080
2081
2082
2083
2084
