2
3
11
12
13
15
17
18
23
25
26
35
38
45
54
61
72
80
81
83
86
94
95
97
99
101
103
111
113
114
120
121
134
138
141
142
144
149
151
158
170
174
181
186
205
207
218
221
225
233
243
246
257
260
265
266
268
274
275
280
283
288
289
290
292
295
297
300
301
304
318
325
328
330
331
332
336
340
346
350
357
358
360
368
377
381
384
386
390
395
397
399
400
402
407
408
418
422
429
430
434
445
451
454
465
468
471
477
482
484
486
489
492
500
503
504
505
513
519
524
526
528
536
543
559
560
561
570
574
584
585
593
594
603
604
607
611
622
625
629
630
632
636
642
646
651
657
660
663
675
678
679
681
682
686
695
698
699
711
715
720
722
723
730
742
746
747
752
759
761
771
773
776
784
787
788
792
794
797
800
803
809
820
821
823
827
828
829
835
839
842
846
848
850
853
858
863
868
874
885
887
890
891
899
901
902
903
911
915
918
919
920
924
928
930
935
938
945
950
951
954
967
968
971
972
980
982
984
986
1005
1006
1007
1009
1011
1016
1019
1020
1026
1028
1059
1061
1064
1065
1069
1079
1085
1089
1090
1102
1110
1122
1127
1128
1131
1132
1134
1143
1147
1153
1157
1161
1162
1169
1175
1181
1187
1188
1190
1194
1197
1199
1201
1202
1203
1206
1210
1212
1216
1217
1220
1228
1230
1231
1232
1235
1244
1250
1254
1268
1273
1289
1294
1298
1300
1301
1306
1310
1312
1313
1317
1321
1324
1328
1330
1334
1335
1341
1343
1345
1357
1365
1374
1379
1382
1393
1410
1412
1423
1429
1435
1444
1446
1447
1450
1452
1455
1461
1463
1469
1471
1475
1478
1481
1491
1493
1495
1505
1511
1518
1523
1528
1530
1533
1539
1543
1546
1551
1567
1571
1573
1575
1576
1580
1581
1583
1591
1595
1605
1606
1611
1612
1616
1625
1634
1645
1647
1655
1660
1662
1667
1670
1671
1673
1677
1683
1687
1688
1690
1705
1706
1710
1719
1729
1730
1739
1742
1743
1744
1752
1754
1758
1765
1767
1768
1770
1773
1783
1784
1786
1787
1812
1814
1820
1824
1839
1841
1845
1855
1856
1866
1867
1868
1869
1871
1873
1885
1886
1895
1903
1904
1905
1915
1916
1917
1920
1924
1930
1938
1943
1956
1960
1970
1973
1974
1975
1976
1979
1981
1984
1992
1996
2000
2001
2002
2003
2004
2005
2007
2008
2009
2010
2011
2012
2013
2014
2015
2016
2017
2018
2019
2020
2021
2022
2023
2024
2025
2026
2027
2028
2029
2030
2031
2032
2033
2035
2036
2037
2038
2039
2040
2041
2042
2043
2044
2045
2046
2047
2048
2049
2051
2052
2053
2054
2055
2056
2057
2059
2060
2061
2062
2063
2064
2065
2067
2068
2069
2070
2071
2072
2073
2074
2075
2076
2077
2078
2079
2080
2081
2082
2083
2084
