0
1
2
3
4
5
6
7
9
10
11
12
13
14
15
16
17
18
19
20
21
22
23
24
25
26
27
28
29
31
33
34
35
36
37
38
39
41
42
43
45
46
47
48
49
51
52
54
55
56
57
59
60
61
62
63
64
65
67
69
72
75
76
77
78
79
80
81
82
83
84
85
86
87
88
89
91
93
94
95
97
98
101
103
104
105
106
107
109
110
111
112
113
115
116
119
120
122
123
124
125
126
127
128
129
130
132
134
135
136
139
142
143
144
147
148
149
150
153
154
157
158
160
161
162
165
166
167
168
169
170
171
172
175
178
179
180
181
182
183
184
185
186
188
190
191
192
193
194
195
197
198
202
204
205
206
208
209
211
214
215
216
217
218
221
222
223
224
225
228
229
230
231
232
233
235
236
239
240
241
245
246
247
248
249
250
252
253
254
255
256
257
258
260
261
263
264
265
266
267
268
269
274
275
276
278
279
281
283
285
287
288
289
290
291
293
294
296
298
300
301
302
303
304
305
308
309
311
312
315
316
317
318
319
321
322
323
324
325
326
327
328
330
331
332
333
334
335
337
338
339
340
341
342
343
344
347
348
350
351
354
355
356
357
359
360
362
363
366
368
369
370
373
374
376
383
384
385
387
389
390
392
393
394
395
397
399
400
402
403
404
405
406
407
408
409
410
411
412
414
415
418
420
422
424
426
428
429
430
431
434
435
437
439
441
442
443
445
446
448
449
451
452
453
454
455
456
457
458
461
462
463
465
466
468
469
472
474
477
478
479
481
482
483
484
485
487
488
489
490
491
492
494
495
496
499
500
501
502
503
504
505
506
507
512
516
517
518
519
520
522
525
526
528
529
530
531
532
533
534
535
536
537
539
541
542
543
544
545
547
549
550
552
554
555
556
558
559
560
562
563
565
566
567
568
569
570
571
572
574
575
579
580
581
584
585
586
588
589
590
591
592
594
596
598
599
600
602
603
604
605
606
607
609
613
614
616
617
618
619
622
623
624
626
628
629
630
631
632
633
634
635
636
638
639
641
642
644
645
646
647
649
650
651
653
656
657
659
660
661
662
663
665
666
667
668
669
670
671
672
675
679
682
683
685
687
688
689
690
691
693
694
696
698
699
700
701
702
703
706
707
708
709
710
711
712
715
716
717
718
720
721
722
723
725
726
727
728
729
730
731
732
733
735
737
739
741
742
743
744
745
746
748
749
751
752
753
754
755
756
757
758
759
760
763
765
766
767
768
773
774
776
777
778
781
782
783
784
785
786
787
788
790
791
792
794
795
796
797
800
801
802
803
805
807
808
809
810
811
813
814
817
818
819
820
821
822
824
825
826
827
828
829
830
831
833
834
836
837
838
839
840
842
845
847
848
850
851
853
854
855
856
857
858
859
861
862
863
864
866
869
870
871
872
874
875
876
877
879
880
881
882
883
884
885
886
887
888
889
890
891
892
893
894
895
896
897
899
900
901
902
904
906
907
908
909
910
912
913
914
915
916
917
918
919
922
923
924
927
928
929
930
931
932
935
936
937
938
939
940
942
943
945
946
947
948
949
951
953
954
955
956
957
958
960
961
962
964
965
966
967
968
972
973
974
976
977
978
979
980
982
983
984
985
986
987
991
992
993
994
995
996
999
1000
1001
1002
1003
1004
1005
1006
1007
1010
1011
1012
1013
1014
1016
1020
1021
1022
1023
1024
1025
1027
1028
1029
1030
1032
1033
1034
1035
1036
1037
1038
1039
1040
1041
1048
1051
1052
1053
1054
1055
1058
1059
1060
1061
1062
1063
1064
1065
1066
1068
1069
1070
1071
1072
1073
1074
1075
1076
1079
1081
1083
1084
1085
1086
1087
1091
1092
1094
1095
1098
1099
1100
1103
1104
1105
1106
1107
1108
1109
1110
1111
1112
1113
1114
1115
1117
1118
1120
1121
1123
1127
1128
1129
1130
1131
1132
1133
1138
1139
1140
1141
1142
1143
1144
1145
1146
1147
1149
1150
1151
1152
1153
1154
1155
1156
1157
1161
1162
1163
1164
1165
1166
1167
1168
1169
1170
1172
1174
1175
1176
1177
1178
1180
1181
1183
1184
1186
1188
1190
1191
1192
1194
1195
1196
1197
1198
1199
1201
1202
1203
1204
1206
1207
1209
1211
1212
1214
1215
1216
1217
1218
1220
1221
1222
1223
1224
1225
1226
1227
1228
1229
1230
1231
1232
1234
1235
1236
1237
1238
1239
1240
1241
1242
1243
1244
1245
1246
1247
1248
1249
1250
1251
1253
1254
1255
1256
1257
1258
1259
1261
1263
1264
1265
1266
1267
1268
1269
1270
1272
1273
1275
1276
1277
1278
1279
1280
1283
1284
1287
1288
1290
1291
1292
1294
1295
1296
1298
1299
1300
1301
1302
1304
1305
1307
1308
1310
1311
1312
1314
1315
1316
1317
1319
1320
1321
1322
1323
1324
1325
1326
1328
1329
1330
1331
1333
1334
1335
1337
1338
1339
1340
1342
1343
1344
1345
1348
1349
1350
1351
1352
1354
1355
1356
1357
1358
1359
1360
1361
1362
1365
1366
1367
1368
1369
1370
1372
1373
1374
1375
1378
1379
1382
1383
1386
1387
1390
1392
1393
1394
1395
1396
1397
1398
1399
1401
1402
1404
1407
1408
1409
1413
1414
1415
1417
1421
1422
1423
1424
1425
1426
1427
1429
1430
1431
1432
1435
1436
1437
1439
1440
1441
1442
1443
1444
1445
1446
1448
1450
1451
1452
1454
1456
1457
1458
1459
1460
1461
1463
1465
1466
1467
1468
1469
1470
1471
1472
1473
1474
1475
1476
1477
1478
1480
1481
1483
1484
1485
1486
1487
1488
1489
1490
1491
1492
1493
1494
1495
1496
1497
1498
1501
1502
1503
1504
1506
1508
1511
1512
1514
1515
1517
1518
1520
1523
1525
1526
1527
1529
1530
1532
1533
1534
1535
1536
1537
1538
1539
1540
1541
1543
1544
1546
1547
1548
1550
1551
1552
1555
1557
1558
1559
1560
1561
1562
1563
1566
1568
1570
1571
1572
1573
1574
1575
1576
1577
1578
1579
1580
1581
1584
1585
1587
1588
1590
1591
1594
1595
1596
1598
1600
1602
1603
1605
1606
1608
1609
1610
1611
1612
1616
1618
1619
1620
1621
1622
1624
1625
1627
1628
1629
1630
1631
1632
1633
1634
1635
1636
1638
1639
1640
1641
1642
1643
1644
1646
1648
1649
1650
1651
1652
1653
1654
1655
1657
1658
1659
1660
1661
1662
1663
1665
1666
1667
1669
1670
1671
1672
1673
1674
1675
1676
1677
1678
1680
1681
1682
1684
1685
1687
1688
1690
1691
1692
1693
1695
1696
1697
1698
1699
1700
1701
1702
1703
1704
1705
1706
1708
1710
1711
1712
1713
1714
1715
1716
1717
1718
1719
1721
1724
1725
1726
1727
1728
1729
1730
1731
1732
1733
1734
1737
1740
1741
1742
1743
1744
1745
1746
1747
1749
1750
1751
1752
1754
1757
1758
1760
1762
1763
1764
1765
1766
1768
1769
1770
1771
1772
1774
1775
1776
1778
1779
1781
1782
1783
1784
1786
1787
1788
1789
1792
1793
1794
1795
1797
1798
1802
1803
1804
1805
1807
1808
1810
1812
1813
1814
1815
1816
1817
1818
1819
1820
1821
1822
1823
1824
1826
1827
1828
1829
1830
1831
1833
1834
1835
1836
1837
1838
1839
1840
1841
1842
1843
1845
1846
1847
1848
1849
1851
1852
1853
1854
1855
1857
1858
1859
1860
1861
1864
1865
1866
1867
1868
1869
1870
1871
1873
1874
1877
1879
1880
1881
1882
1883
1884
1885
1886
1888
1889
1890
1893
1894
1895
1896
1897
1898
1900
1901
1902
1903
1904
1905
1906
1907
1908
1909
1911
1913
1914
1916
1917
1918
1919
1920
1922
1923
1924
1925
1926
1927
1928
1929
1931
1933
1934
1935
1938
1942
1943
1944
1945
1947
1951
1953
1956
1959
1960
1961
1963
1964
1968
1969
1970
1971
1972
1973
1974
1975
1976
1977
1978
1979
1980
1981
1982
1983
1984
1985
1986
1989
1991
1992
1994
1996
1997
1998
1999
2000
2001
2002
2003
2004
2005
2006
2007
2008
2009
2010
2011
2012
2013
2014
2015
2016
2017
2018
2019
2020
2021
2022
2023
2024
2025
2026
2027
2028
2029
2030
2031
2032
2033
2034
2035
2036
2037
2038
2039
2040
2041
2042
2043
2044
2045
2046
2047
2048
2049
2050
2051
2052
2053
2054
2055
2056
2057
2058
2059
2060
2061
2062
2063
2064
2065
2067
2068
2069
2070
2071
2072
2073
2074
2075
2076
2077
2078
2079
2080
2081
2082
2083
2084
