6
10
12
13
14
15
16
17
18
19
22
24
25
30
32
34
35
38
41
42
43
45
46
54
55
56
59
60
62
65
66
68
69
70
72
73
76
80
82
83
84
86
87
89
91
92
93
94
97
99
101
102
103
104
105
108
110
111
112
114
115
116
117
120
122
123
125
126
127
129
132
136
138
139
141
142
143
148
149
150
152
154
157
158
161
164
166
169
170
172
173
174
177
178
179
180
182
183
185
186
187
190
192
195
196
198
202
206
207
209
210
211
215
216
223
225
227
228
234
236
237
244
245
249
251
252
253
254
255
257
259
260
261
264
265
266
274
275
279
284
285
289
290
291
292
293
294
298
301
302
303
305
306
311
312
314
316
318
321
334
335
336
337
340
341
342
345
346
347
348
353
357
362
366
368
369
371
372
374
375
378
379
380
383
384
388
389
391
395
396
397
399
400
401
404
406
408
409
410
411
412
415
416
419
420
423
424
428
429
432
433
436
437
440
446
450
454
455
457
459
461
469
470
471
472
477
482
487
488
489
491
492
494
495
499
500
501
502
505
506
507
509
512
514
515
517
518
519
525
526
534
536
538
541
543
544
545
546
548
549
550
552
553
554
555
558
559
560
563
564
565
568
569
571
572
574
575
581
583
584
586
591
595
596
597
598
603
604
605
606
607
608
609
613
615
617
622
627
629
632
634
637
640
643
644
648
652
653
655
656
658
661
665
668
671
673
674
675
676
680
681
682
683
684
687
688
690
691
694
696
699
701
702
708
711
712
715
716
717
720
722
723
728
729
730
731
732
733
738
739
744
745
746
751
752
753
756
759
760
762
763
764
765
767
769
771
772
774
775
776
780
782
783
786
787
788
792
793
794
797
801
802
803
810
811
812
818
821
823
824
825
826
827
828
829
830
834
835
836
837
840
841
848
850
851
853
857
860
864
869
870
872
874
875
876
878
879
880
881
882
887
888
889
896
898
901
902
903
908
912
915
917
918
922
923
927
928
929
930
932
934
937
938
940
941
942
943
948
950
954
955
959
960
961
962
964
968
971
973
975
979
982
984
986
987
989
993
994
997
999
1004
1005
1006
1008
1009
1012
1013
1014
1016
1018
1019
1024
1026
1027
1028
1030
1033
1035
1039
1044
1047
1049
1050
1051
1052
1054
1055
1056
1057
1058
1059
1060
1061
1062
1063
1064
1066
1073
1075
1076
1078
1079
1082
1084
1086
1088
1089
1090
1094
1096
1098
1100
1101
1102
1103
1105
1108
1109
1110
1111
1113
1114
1118
1120
1121
1122
1126
1127
1128
1132
1133
1134
1135
1138
1139
1140
1142
1143
1144
1145
1148
1151
1153
1154
1155
1158
1161
1164
1167
1168
1171
1173
1174
1175
1176
1178
1181
1182
1183
1185
1186
1193
1194
1196
1197
1200
1202
1203
1204
1207
1208
1210
1213
1216
1218
1219
1220
1221
1222
1223
1224
1227
1228
1231
1232
1233
1234
1235
1237
1245
1246
1250
1254
1256
1257
1259
1264
1268
1269
1272
1273
1275
1276
1279
1281
1285
1288
1290
1291
1292
1295
1296
1299
1300
1301
1310
1312
1313
1319
1321
1328
1331
1332
1334
1339
1341
1342
1343
1344
1345
1346
1348
1351
1352
1353
1355
1356
1357
1361
1371
1372
1374
1375
1376
1380
1383
1390
1392
1393
1395
1397
1398
1399
1403
1410
1415
1420
1421
1423
1425
1427
1429
1430
1432
1433
1435
1438
1441
1442
1443
1445
1446
1451
1452
1453
1454
1458
1459
1462
1463
1464
1465
1468
1469
1470
1472
1473
1474
1475
1476
1477
1478
1481
1483
1487
1491
1492
1494
1496
1497
1499
1500
1501
1502
1504
1505
1508
1511
1513
1514
1518
1520
1522
1523
1524
1529
1531
1532
1534
1537
1538
1541
1542
1546
1547
1548
1549
1550
1551
1552
1553
1557
1559
1561
1562
1563
1565
1566
1567
1568
1570
1571
1572
1573
1575
1576
1578
1579
1580
1581
1583
1585
1591
1594
1595
1600
1602
1607
1608
1609
1618
1621
1623
1624
1625
1628
1632
1636
1637
1640
1642
1643
1647
1649
1650
1651
1653
1658
1659
1660
1661
1662
1663
1666
1667
1669
1674
1675
1677
1678
1679
1681
1682
1690
1691
1692
1693
1695
1696
1697
1700
1701
1707
1708
1709
1710
1712
1714
1715
1719
1725
1731
1732
1733
1737
1741
1744
1746
1747
1748
1750
1751
1752
1753
1754
1756
1759
1762
1763
1764
1765
1770
1771
1773
1775
1777
1778
1779
1781
1786
1787
1788
1789
1791
1792
1793
1796
1798
1801
1803
1805
1807
1812
1813
1814
1816
1818
1820
1822
1823
1825
1826
1829
1830
1831
1833
1834
1836
1839
1841
1844
1846
1849
1850
1852
1853
1855
1856
1857
1858
1861
1865
1866
1867
1873
1875
1885
1886
1891
1892
1894
1895
1896
1899
1905
1907
1908
1909
1910
1911
1914
1915
1916
1918
1919
1921
1922
1923
1924
1925
1930
1933
1939
1940
1941
1942
1943
1944
1945
1947
1951
1954
1958
1964
1965
1967
1968
1969
1970
1971
1973
1974
1975
1976
1977
1978
1979
1981
1982
1984
1985
1986
1987
1990
1991
1992
1994
1995
1996
1997
1998
1999
2000
2001
2002
2003
2004
2005
2006
2007
2008
2009
2010
2011
2012
2013
2014
2015
2016
2017
2018
2019
2020
2022
2023
2024
2025
2027
2028
2030
2031
2032
2033
2034
2035
2036
2037
2038
2039
2040
2041
2042
2043
2044
2045
2046
2047
2048
2049
2050
2051
2052
2054
2055
2056
2057
2058
2059
2061
2062
2063
2064
2065
2066
2067
2068
2069
2070
2071
2072
2073
2074
2075
2076
2077
2078
2079
2080
2081
2082
2083
2084
