3
5
9
16
24
32
33
35
45
47
65
73
81
91
97
98
106
112
115
119
121
128
130
133
135
139
144
146
148
150
151
152
157
162
172
173
180
182
183
190
194
198
206
208
209
210
211
215
217
221
225
226
227
229
230
231
232
238
243
252
253
256
263
277
278
284
289
290
291
311
312
321
324
330
331
335
338
339
345
347
351
353
354
356
357
360
362
369
370
371
373
374
398
404
411
416
420
422
430
431
433
437
438
440
443
453
455
466
471
477
483
487
491
511
512
515
529
531
532
535
543
547
548
552
570
571
572
584
586
588
591
593
597
598
600
602
608
611
625
626
632
634
641
646
650
652
656
677
686
689
690
692
695
696
700
702
709
710
719
721
722
728
730
733
740
744
745
748
749
753
757
759
761
766
767
769
772
774
775
777
778
781
784
788
814
830
838
857
860
861
863
864
865
866
872
873
881
885
887
892
895
905
907
908
912
913
915
921
922
924
925
928
929
934
941
943
945
946
947
951
956
957
958
960
961
964
967
971
976
978
984
991
992
993
1002
1004
1011
1013
1014
1018
1019
1024
1033
1035
1041
1047
1055
1060
1064
1071
1073
1074
1077
1087
1089
1091
1095
1099
1102
1103
1111
1115
1122
1125
1127
1137
1142
1144
1146
1149
1150
1156
1157
1169
1170
1172
1174
1175
1176
1177
1180
1181
1186
1188
1195
1201
1203
1204
1207
1213
1221
1239
1241
1251
1252
1262
1264
1266
1267
1272
1286
1287
1291
1295
1298
1301
1308
1309
1312
1316
1322
1329
1331
1333
1334
1340
1345
1347
1348
1350
1370
1378
1380
1385
1391
1394
1395
1398
1400
1401
1403
1405
1410
1411
1420
1422
1423
1430
1444
1446
1447
1456
1460
1462
1464
1470
1471
1478
1479
1487
1498
1504
1510
1511
1515
1516
1525
1528
1529
1535
1536
1540
1542
1548
1550
1553
1559
1562
1573
1578
1587
1591
1601
1602
1614
1615
1617
1619
1623
1624
1626
1629
1633
1636
1646
1658
1660
1668
1669
1672
1678
1680
1682
1685
1686
1691
1693
1706
1712
1713
1718
1724
1727
1738
1741
1744
1745
1746
1747
1748
1749
1753
1763
1765
1766
1767
1780
1784
1785
1787
1794
1795
1797
1800
1805
1806
1807
1813
1819
1821
1825
1827
1829
1830
1838
1841
1847
1858
1861
1863
1864
1870
1891
1892
1896
1901
1904
1907
1909
1919
1920
1925
1935
1938
1939
1942
1955
1956
1959
1967
1978
1980
1991
1995
2000
2001
2003
2005
2007
2008
2009
2010
2012
2013
2015
2016
2017
2018
2020
2021
2023
2024
2025
2026
2027
2028
2030
2031
2032
2033
2034
2035
2037
2038
2039
2040
2041
2043
2044
2047
2048
2054
2056
2059
2061
2062
2063
2064
2067
2068
2069
2070
2071
2072
2076
2077
2079
2080
2081
2082
2084
