42
53
78
86
92
93
104
106
109
114
138
150
158
169
188
209
215
225
239
256
261
265
281
328
335
349
377
384
392
404
411
413
419
422
429
430
458
462
495
500
527
542
549
555
561
569
580
586
591
603
605
613
616
638
670
680
681
699
712
720
723
728
761
785
796
811
823
828
831
836
838
874
885
886
899
924
930
941
947
962
979
1005
1013
1029
1043
1044
1066
1089
1110
1120
1124
1127
1131
1132
1144
1165
1181
1220
1229
1231
1234
1254
1260
1269
1280
1288
1370
1389
1403
1414
1418
1434
1469
1475
1482
1492
1500
1533
1538
1571
1597
1612
1634
1647
1662
1667
1672
1701
1705
1707
1731
1734
1739
1746
1750
1764
1765
1784
1800
1807
1824
1839
1852
1864
1866
1868
1871
1893
1900
1901
1903
1918
1924
1925
1928
1943
1962
1975
1981
2002
2005
2007
2008
2009
2013
2015
2023
2025
2026
2028
2029
2030
2031
2033
2035
2036
2041
2042
2043
2044
2045
2046
2049
2050
2051
2052
2053
2054
2056
2059
2060
2061
2062
2064
2065
2066
2067
2069
2070
2071
2073
2075
2076
2078
2080
2081
2083
2084
