13
19
20
25
77
81
85
86
97
106
109
118
144
158
166
190
195
236
246
271
277
294
321
328
333
347
350
354
362
364
368
372
386
397
398
399
404
420
435
442
456
468
471
490
498
500
505
515
525
555
580
593
598
603
651
660
698
715
731
733
742
746
769
784
785
788
803
806
809
813
821
831
858
904
947
948
994
1005
1011
1039
1043
1046
1081
1179
1192
1194
1203
1222
1231
1236
1261
1265
1269
1273
1282
1298
1300
1313
1353
1355
1358
1391
1393
1399
1410
1441
1442
1444
1450
1451
1452
1457
1475
1480
1481
1491
1499
1505
1509
1533
1535
1537
1554
1600
1605
1611
1625
1640
1668
1671
1678
1681
1690
1692
1732
1746
1760
1765
1772
1781
1798
1809
1839
1858
1869
1895
1903
1905
1907
1924
1925
1926
1934
1938
1956
1960
1969
1987
2000
2002
2003
2008
2009
2011
2012
2013
2014
2017
2018
2022
2025
2026
2027
2028
2029
2030
2031
2032
2033
2036
2038
2039
2041
2043
2045
2047
2049
2050
2051
2052
2053
2057
2058
2059
2060
2061
2062
2063
2068
2069
2073
2074
2075
2078
2080
2081
2082
2083
