1
2
3
10
18
22
26
42
53
71
76
77
78
84
86
91
92
93
97
101
104
106
109
113
114
115
131
138
150
153
157
158
160
165
167
169
176
184
188
190
199
201
204
209
210
215
218
223
225
227
239
243
245
251
253
255
256
261
265
268
270
271
276
277
281
283
287
290
293
296
298
314
317
318
328
334
335
341
349
354
358
366
377
384
386
388
392
404
411
413
415
419
421
422
428
429
430
434
439
445
450
456
458
462
484
487
490
495
500
511
521
526
527
536
537
542
549
555
559
561
568
569
577
578
579
580
581
583
584
586
591
603
605
607
613
615
616
617
619
621
622
623
625
629
638
667
670
674
678
680
681
691
699
701
706
712
715
720
723
728
730
731
747
750
751
755
761
769
781
782
783
785
787
788
790
796
811
813
823
828
831
832
834
836
838
842
848
851
857
867
869
871
873
874
875
878
885
886
887
888
889
899
905
920
924
925
928
930
934
938
939
940
941
946
947
949
959
962
963
966
977
979
982
983
988
991
1005
1008
1009
1013
1014
1015
1019
1025
1028
1029
1033
1043
1044
1047
1063
1065
1066
1069
1071
1077
1079
1080
1087
1089
1090
1103
1106
1110
1112
1120
1124
1127
1128
1129
1131
1132
1134
1136
1138
1143
1144
1146
1149
1151
1159
1161
1165
1169
1177
1181
1183
1186
1194
1199
1203
1212
1220
1221
1222
1228
1229
1231
1234
1245
1254
1260
1261
1264
1265
1268
1269
1273
1280
1288
1294
1296
1299
1302
1313
1327
1331
1333
1335
1336
1342
1344
1345
1360
1370
1382
1387
1388
1389
1390
1395
1403
1406
1414
1417
1418
1425
1426
1434
1447
1448
1454
1463
1466
1468
1469
1471
1475
1477
1481
1482
1492
1498
1500
1501
1511
1524
1527
1533
1537
1538
1539
1543
1549
1550
1551
1555
1561
1568
1571
1578
1587
1588
1592
1597
1600
1602
1603
1606
1611
1612
1622
1625
1634
1640
1647
1651
1660
1662
1665
1667
1669
1672
1686
1688
1690
1694
1698
1701
1705
1707
1708
1713
1723
1726
1731
1734
1739
1741
1746
1748
1750
1756
1764
1765
1783
1784
1786
1789
1800
1807
1808
1811
1822
1824
1825
1827
1828
1839
1842
1844
1852
1857
1864
1866
1867
1868
1871
1875
1876
1877
1880
1884
1888
1893
1897
1900
1901
1903
1907
1918
1923
1924
1925
1927
1928
1931
1935
1943
1945
1951
1959
1961
1962
1970
1975
1977
1981
1984
1990
1998
2002
2005
2007
2008
2009
2012
2013
2014
2015
2018
2019
2023
2025
2026
2027
2028
2029
2030
2031
2033
2035
2036
2039
2041
2042
2043
2044
2045
2046
2047
2049
2050
2051
2052
2053
2054
2055
2056
2058
2059
2060
2061
2062
2064
2065
2066
2067
2069
2070
2071
2073
2075
2076
2078
2079
2080
2081
2082
2083
2084
