2
11
13
18
25
26
35
38
62
78
79
80
94
97
101
106
116
120
123
150
158
183
206
228
292
294
311
328
336
340
341
354
364
368
384
404
419
422
429
448
454
472
489
500
521
543
569
574
594
604
620
626
629
646
720
723
733
746
759
797
803
820
821
823
828
864
928
947
971
977
982
986
1001
1012
1019
1022
1046
1087
1089
1092
1109
1110
1111
1128
1132
1151
1176
1190
1216
1217
1218
1221
1232
1268
1273
1298
1301
1321
1355
1370
1376
1443
1455
1461
1469
1471
1482
1491
1518
1546
1594
1605
1621
1625
1655
1693
1710
1716
1719
1752
1765
1770
1839
1841
1853
1867
1886
1905
1915
1916
1924
1960
1970
1974
1979
1994
1998
2000
2001
2002
2003
2004
2005
2009
2011
2012
2013
2014
2015
2016
2017
2018
2019
2020
2021
2022
2023
2025
2026
2027
2028
2029
2030
2031
2032
2033
2036
2038
2039
2040
2041
2042
2043
2044
2045
2048
2049
2051
2052
2053
2054
2056
2057
2059
2060
2061
2062
2063
2064
2065
2067
2068
2069
2070
2071
2072
2073
2074
2075
2076
2077
2078
2079
2080
2081
2082
2083
2084
