4
5
16
18
35
61
76
86
97
103
129
139
177
179
186
190
191
192
221
225
234
236
247
250
294
295
301
308
309
312
331
378
387
420
430
451
453
512
515
523
533
579
596
607
655
660
666
667
695
703
706
710
728
733
746
747
774
781
802
813
833
838
856
858
864
869
878
905
909
920
941
947
957
960
970
972
975
976
1013
1049
1066
1071
1074
1099
1106
1107
1113
1129
1135
1174
1175
1177
1183
1195
1197
1198
1211
1223
1228
1231
1236
1249
1254
1270
1286
1290
1301
1305
1316
1324
1325
1345
1349
1386
1398
1399
1417
1420
1423
1446
1475
1479
1516
1591
1593
1594
1619
1623
1624
1634
1664
1677
1678
1692
1702
1726
1739
1787
1798
1808
1820
1826
1868
1882
1896
1900
1901
1904
1918
1945
1955
1959
1967
1976
1989
1993
2000
2001
2003
2004
2005
2007
2008
2009
2013
2015
2016
2018
2019
2020
2023
2025
2026
2028
2030
2031
2033
2036
2037
2038
2040
2041
2042
2043
2046
2047
2049
2051
2054
2058
2061
2065
2066
2067
2068
2069
2071
2072
2073
2074
2075
2076
2077
2078
2080
2081
2082
2084
