3
64
69
73
81
82
109
111
127
144
149
170
177
211
222
227
232
233
237
243
252
270
273
277
288
299
306
326
331
363
389
405
407
415
416
422
430
445
453
456
463
473
486
502
503
543
546
547
555
573
628
659
676
682
692
693
705
724
733
738
743
771
772
775
778
782
791
797
818
825
830
838
843
851
856
859
867
878
903
908
911
936
960
985
993
1003
1007
1015
1072
1077
1101
1145
1150
1157
1172
1174
1175
1177
1211
1218
1242
1264
1270
1281
1282
1291
1292
1300
1301
1304
1323
1328
1330
1331
1340
1341
1342
1370
1397
1400
1404
1409
1417
1444
1452
1460
1467
1478
1481
1491
1492
1493
1496
1510
1525
1538
1542
1557
1566
1585
1602
1614
1620
1635
1636
1651
1683
1715
1735
1737
1768
1774
1775
1829
1842
1852
1870
1879
1882
1887
1916
1934
1942
1955
1956
1958
1961
1967
1969
1972
1985
1991
1992
2000
2003
2005
2009
2011
2012
2013
2015
2017
2018
2022
2023
2035
2036
2039
2040
2044
2048
2055
2058
2059
2062
2064
2067
2068
2070
2072
2073
2075
2076
2077
2078
2082
2083
2084
