1
4
9
12
15
17
18
19
21
23
24
26
28
30
31
35
38
39
42
43
44
46
47
48
49
50
53
54
57
60
62
63
64
65
69
72
73
75
77
78
79
81
83
84
87
90
91
98
102
105
107
108
109
110
113
114
115
116
117
118
119
124
128
132
134
135
137
138
139
142
145
146
147
149
150
152
155
158
163
170
171
172
173
175
177
178
179
180
184
188
192
193
197
199
204
207
208
209
210
211
212
216
218
219
222
226
228
235
236
237
241
243
244
245
247
248
249
250
252
253
254
261
262
265
268
269
272
274
275
276
277
280
281
284
286
287
290
291
292
293
294
297
298
299
300
301
303
304
308
309
310
311
320
321
323
324
326
329
330
331
336
340
341
342
345
347
348
349
350
351
354
355
359
362
363
364
365
366
373
376
377
380
384
386
389
393
394
398
402
405
406
408
409
412
414
416
419
420
426
427
428
429
430
433
435
437
441
442
443
445
451
456
457
458
461
462
463
464
465
467
468
470
473
474
479
481
484
485
488
489
492
493
494
497
499
502
503
504
505
506
508
509
514
518
520
522
524
527
528
529
530
533
536
539
540
545
546
550
551
553
554
555
559
565
567
573
577
578
579
581
582
584
585
586
589
590
591
593
594
595
597
600
601
604
605
607
611
612
613
615
617
619
620
622
626
630
631
634
636
637
639
643
647
648
651
654
655
660
662
663
667
668
670
673
675
678
679
681
685
686
687
688
690
691
693
699
700
701
703
704
708
709
710
716
719
723
724
725
726
727
728
729
730
732
734
735
737
738
740
742
743
744
746
747
748
750
751
752
753
757
760
761
765
766
768
769
772
773
774
776
777
778
779
780
786
788
790
794
805
807
808
810
813
816
817
819
820
821
822
824
825
827
831
832
834
835
836
838
840
843
844
845
846
848
850
853
856
857
858
859
860
863
864
866
868
869
870
874
877
878
882
884
885
887
888
889
890
893
895
897
898
901
903
904
909
913
916
917
919
923
925
928
930
932
935
936
937
938
939
941
943
946
948
949
953
954
955
957
960
962
963
968
970
972
975
976
982
984
985
986
988
989
990
993
994
995
998
1005
1006
1007
1008
1009
1011
1012
1015
1017
1019
1020
1022
1023
1026
1029
1031
1032
1033
1035
1039
1040
1041
1042
1043
1045
1050
1052
1053
1054
1056
1059
1062
1063
1064
1065
1068
1069
1070
1071
1074
1075
1076
1077
1081
1087
1089
1090
1092
1096
1097
1098
1099
1100
1101
1104
1105
1108
1110
1111
1113
1115
1119
1120
1122
1123
1124
1127
1133
1134
1136
1140
1142
1143
1145
1146
1147
1148
1149
1150
1156
1159
1161
1162
1163
1166
1167
1168
1169
1170
1176
1177
1178
1179
1180
1181
1185
1187
1188
1192
1197
1198
1199
1201
1205
1206
1208
1211
1214
1215
1216
1221
1222
1223
1225
1226
1228
1229
1232
1233
1240
1242
1243
1245
1251
1254
1255
1257
1259
1264
1269
1270
1271
1272
1273
1274
1275
1276
1279
1284
1285
1286
1287
1292
1293
1295
1296
1297
1301
1302
1303
1310
1311
1312
1313
1315
1318
1320
1322
1325
1328
1329
1330
1331
1332
1335
1337
1338
1339
1340
1342
1345
1348
1351
1354
1356
1357
1358
1361
1365
1367
1368
1370
1372
1374
1375
1376
1377
1378
1379
1380
1381
1383
1388
1393
1395
1396
1399
1400
1401
1404
1406
1407
1408
1410
1411
1415
1420
1421
1422
1424
1427
1429
1432
1433
1438
1439
1441
1443
1446
1447
1450
1452
1453
1454
1455
1460
1461
1470
1471
1472
1476
1477
1478
1481
1482
1483
1485
1490
1493
1494
1496
1497
1498
1501
1502
1504
1505
1512
1514
1515
1516
1521
1524
1528
1529
1532
1533
1534
1535
1536
1537
1538
1539
1541
1543
1549
1552
1553
1554
1557
1558
1559
1561
1562
1563
1567
1568
1569
1571
1572
1573
1574
1576
1581
1583
1585
1586
1588
1591
1594
1595
1596
1604
1608
1611
1613
1614
1617
1618
1620
1621
1622
1623
1627
1628
1630
1631
1632
1634
1637
1638
1639
1640
1643
1644
1646
1649
1651
1653
1656
1659
1660
1662
1664
1666
1667
1672
1673
1674
1675
1677
1681
1682
1683
1686
1688
1689
1691
1693
1696
1699
1700
1701
1703
1705
1707
1709
1710
1712
1715
1718
1719
1724
1729
1730
1731
1733
1735
1737
1738
1744
1746
1747
1748
1750
1754
1756
1757
1758
1762
1763
1765
1768
1769
1771
1772
1774
1775
1780
1782
1784
1785
1788
1789
1790
1791
1792
1794
1796
1798
1801
1803
1805
1806
1807
1808
1811
1813
1814
1815
1817
1819
1820
1821
1822
1823
1828
1829
1831
1834
1836
1839
1840
1842
1843
1845
1846
1848
1849
1852
1853
1854
1856
1858
1859
1862
1866
1867
1868
1870
1872
1873
1874
1876
1877
1880
1881
1886
1887
1888
1889
1892
1894
1898
1900
1901
1902
1903
1904
1905
1906
1907
1908
1909
1910
1913
1914
1915
1916
1918
1922
1923
1924
1925
1928
1930
1933
1935
1938
1940
1943
1944
1945
1948
1953
1954
1956
1960
1962
1967
1968
1969
1970
1973
1975
1976
1977
1978
1981
1982
1984
1987
1988
1989
1991
1992
1994
1995
1996
1997
2003
2004
2005
2006
2007
2009
2010
2011
2012
2013
2014
2017
2018
2019
2020
2021
2022
2025
2026
2027
2028
2029
2030
2033
2035
2036
2037
2041
2042
2043
2044
2045
2046
2047
2048
2051
2052
2055
2056
2057
2058
2059
2061
2062
2064
2065
2066
2067
2068
2069
2070
2071
2072
2073
2074
2075
2076
2077
2078
2079
2080
2081
2082
2083
2084
