2
3
7
11
15
16
18
23
40
44
50
54
55
57
59
60
61
66
71
73
75
78
81
84
93
100
101
104
113
127
129
132
135
138
139
143
146
147
150
156
162
163
166
170
174
176
177
181
190
196
202
205
211
213
214
215
218
222
223
232
236
242
248
249
253
254
258
264
269
272
273
276
278
285
291
301
304
306
324
331
337
342
343
344
345
354
356
358
360
363
371
372
375
376
378
379
381
385
386
389
392
395
400
404
410
417
418
420
422
427
428
431
433
434
437
440
443
445
447
453
462
465
468
478
484
486
496
506
508
509
510
513
520
521
524
533
540
542
547
548
550
559
564
566
573
579
582
583
586
598
600
604
609
627
628
629
630
634
635
636
646
650
651
658
659
663
676
683
684
688
691
696
700
705
707
715
721
728
730
732
733
734
735
737
738
739
745
746
753
758
761
765
771
774
778
779
782
783
792
796
799
805
808
815
821
827
832
834
836
838
839
853
854
858
860
869
870
878
880
885
886
887
889
902
906
911
913
914
918
920
925
926
932
939
943
948
952
954
957
964
968
977
982
984
994
995
999
1000
1002
1013
1018
1020
1021
1032
1036
1050
1051
1060
1062
1069
1081
1084
1096
1098
1103
1117
1127
1128
1137
1140
1142
1144
1148
1149
1160
1162
1166
1168
1171
1173
1180
1181
1183
1185
1197
1198
1199
1205
1207
1208
1215
1225
1231
1236
1241
1247
1254
1259
1263
1269
1273
1275
1279
1280
1286
1293
1300
1301
1310
1313
1314
1315
1318
1324
1325
1329
1336
1338
1347
1349
1352
1357
1362
1363
1367
1370
1371
1375
1377
1380
1385
1387
1388
1390
1394
1397
1398
1399
1400
1401
1409
1418
1419
1423
1426
1427
1429
1430
1431
1432
1433
1439
1441
1442
1457
1458
1462
1466
1475
1478
1486
1488
1490
1496
1506
1507
1514
1522
1525
1531
1533
1538
1548
1556
1560
1564
1566
1569
1570
1571
1575
1578
1579
1582
1585
1589
1591
1601
1602
1610
1613
1621
1622
1625
1634
1636
1637
1643
1646
1658
1662
1666
1667
1676
1677
1678
1682
1684
1688
1690
1692
1696
1700
1701
1714
1715
1723
1725
1727
1728
1734
1737
1748
1751
1753
1759
1763
1766
1769
1778
1780
1793
1794
1795
1803
1805
1812
1814
1822
1831
1839
1853
1858
1862
1863
1864
1865
1867
1882
1886
1894
1903
1905
1907
1908
1910
1916
1917
1919
1920
1922
1925
1932
1933
1934
1939
1945
1953
1956
1962
1966
1967
1979
2000
2002
2003
2004
2005
2008
2009
2010
2011
2014
2015
2019
2020
2021
2022
2025
2026
2027
2028
2030
2031
2033
2035
2039
2040
2041
2044
2045
2046
2047
2049
2050
2052
2054
2057
2059
2062
2063
2065
2067
2068
2072
2074
2076
2079
2081
2082
2083
