1
2
4
5
11
12
13
16
18
19
21
22
23
24
26
28
29
35
40
41
43
46
48
49
51
53
54
56
58
61
62
63
64
65
66
70
71
72
73
74
77
80
84
90
91
92
93
94
97
101
102
103
106
107
111
113
115
117
121
122
128
130
131
135
136
137
138
142
146
147
150
151
153
156
163
165
170
171
172
173
175
177
178
179
180
183
188
190
191
192
193
194
196
198
199
200
202
203
204
205
206
207
211
216
217
218
219
220
222
224
225
226
228
230
232
236
239
241
243
244
245
246
248
249
250
251
253
254
259
260
261
262
267
268
269
274
275
276
277
278
279
283
284
285
286
287
288
292
293
295
297
300
301
306
308
314
315
317
318
324
325
330
331
334
336
337
341
342
345
346
347
348
351
354
355
357
359
360
366
367
369
370
374
376
377
379
381
382
384
386
387
388
389
392
393
395
397
400
401
404
405
407
409
410
412
416
418
420
421
422
425
427
429
430
434
447
449
450
451
452
454
456
459
461
462
463
465
466
472
474
477
480
481
483
485
488
491
495
496
498
505
506
508
510
512
515
518
519
520
524
527
530
531
532
533
534
539
541
542
543
545
547
548
553
559
560
561
564
565
569
571
572
573
574
576
579
580
581
582
583
585
587
589
590
591
593
594
596
598
600
604
605
608
609
610
611
613
615
618
621
622
628
629
631
632
634
638
641
642
643
645
650
653
656
659
661
662
663
665
666
669
670
671
674
675
676
685
686
688
689
691
693
694
695
696
697
699
700
701
702
703
704
705
707
711
717
719
722
723
724
725
729
730
731
732
733
736
739
740
743
744
745
746
747
750
751
752
753
754
756
759
761
766
769
771
775
776
777
778
779
780
781
782
784
785
788
792
793
801
802
804
805
808
811
813
814
815
817
819
820
822
825
833
834
835
836
840
842
845
850
851
853
854
855
858
860
864
865
870
871
872
873
876
877
878
879
883
884
885
887
889
890
891
894
897
902
903
905
906
909
915
916
918
920
922
923
925
926
927
930
931
933
934
935
936
937
938
941
943
947
948
955
958
959
963
965
966
968
973
974
975
976
977
982
984
985
987
990
994
997
999
1000
1001
1005
1006
1007
1008
1009
1010
1012
1013
1014
1016
1018
1019
1021
1022
1024
1028
1032
1034
1037
1042
1043
1045
1046
1049
1050
1051
1054
1057
1058
1060
1061
1062
1066
1068
1069
1071
1074
1076
1079
1084
1087
1089
1091
1098
1099
1101
1102
1104
1108
1109
1110
1111
1112
1113
1117
1118
1119
1121
1122
1123
1125
1126
1127
1128
1129
1132
1134
1135
1138
1142
1143
1146
1147
1148
1149
1150
1154
1155
1157
1158
1167
1169
1171
1175
1177
1178
1179
1181
1185
1186
1190
1192
1195
1196
1197
1199
1200
1202
1205
1207
1208
1212
1213
1216
1218
1219
1220
1227
1228
1229
1230
1231
1232
1233
1237
1238
1239
1242
1244
1246
1247
1249
1250
1251
1254
1255
1259
1260
1261
1264
1266
1271
1272
1276
1280
1282
1284
1285
1286
1287
1290
1295
1298
1299
1300
1301
1304
1305
1306
1308
1309
1311
1312
1313
1318
1320
1321
1322
1323
1327
1328
1330
1331
1333
1336
1339
1340
1342
1343
1344
1345
1348
1352
1353
1354
1355
1357
1358
1360
1366
1369
1370
1371
1372
1375
1378
1386
1389
1392
1397
1398
1399
1400
1402
1404
1406
1407
1408
1410
1411
1413
1414
1417
1419
1420
1421
1423
1425
1427
1432
1433
1434
1436
1437
1442
1443
1444
1446
1447
1450
1453
1454
1456
1469
1471
1472
1474
1475
1477
1479
1480
1482
1485
1487
1488
1489
1490
1491
1492
1494
1496
1498
1499
1501
1502
1507
1508
1511
1513
1514
1516
1518
1520
1522
1523
1529
1530
1531
1533
1535
1536
1538
1543
1544
1546
1548
1551
1553
1554
1555
1556
1560
1564
1565
1566
1567
1570
1572
1573
1574
1575
1578
1581
1582
1583
1585
1589
1590
1591
1599
1600
1601
1604
1607
1609
1610
1611
1612
1619
1620
1621
1622
1623
1624
1627
1629
1630
1631
1632
1633
1634
1635
1636
1637
1639
1640
1641
1642
1644
1650
1655
1656
1664
1665
1668
1669
1673
1674
1675
1676
1677
1678
1679
1680
1681
1685
1687
1688
1691
1692
1693
1700
1702
1703
1707
1708
1710
1711
1713
1714
1720
1722
1723
1726
1728
1730
1731
1736
1737
1738
1740
1744
1746
1749
1750
1751
1755
1758
1762
1763
1764
1765
1766
1767
1768
1770
1776
1777
1779
1781
1783
1787
1789
1790
1791
1794
1796
1804
1806
1808
1809
1811
1812
1814
1817
1819
1822
1823
1827
1828
1833
1834
1835
1838
1839
1840
1843
1847
1850
1852
1853
1856
1861
1862
1865
1866
1867
1868
1871
1872
1873
1874
1876
1877
1879
1880
1881
1882
1883
1884
1885
1886
1887
1888
1892
1894
1895
1896
1900
1901
1903
1913
1915
1917
1918
1919
1920
1923
1925
1927
1929
1931
1932
1934
1938
1939
1955
1957
1959
1961
1962
1967
1969
1971
1972
1973
1974
1975
1979
1980
1981
1984
1988
1989
1990
1991
1993
1994
1996
1997
1998
2000
2001
2002
2003
2004
2005
2006
2007
2008
2009
2010
2012
2013
2014
2015
2016
2017
2018
2019
2020
2021
2022
2023
2024
2025
2026
2027
2028
2029
2030
2031
2032
2033
2034
2035
2037
2038
2039
2040
2041
2042
2043
2044
2045
2046
2047
2048
2049
2050
2051
2052
2053
2054
2055
2056
2058
2061
2062
2063
2064
2065
2066
2067
2068
2069
2070
2071
2072
2074
2076
2077
2078
2079
2080
2081
2082
2083
2084
