3
4
10
14
18
19
23
25
29
32
41
43
54
55
56
63
64
71
73
74
79
81
84
93
95
101
116
117
121
122
131
135
148
149
150
152
154
156
161
163
164
171
174
175
176
187
194
196
200
204
206
211
214
221
222
225
236
250
264
269
270
272
277
284
290
295
309
313
316
318
320
323
326
328
334
335
336
339
344
347
354
355
363
370
376
379
384
385
389
399
401
404
406
414
420
421
422
424
433
436
452
465
469
470
483
490
493
495
500
502
503
505
513
528
529
536
537
543
548
553
554
558
561
564
570
572
573
574
579
590
591
604
607
616
617
624
627
632
633
635
639
643
647
650
652
655
666
670
671
672
676
677
680
685
686
692
701
706
710
713
721
722
725
728
729
738
743
748
753
754
755
772
776
779
785
790
799
801
806
808
815
820
821
822
823
827
836
838
839
843
844
853
856
863
864
866
882
884
885
887
892
901
903
905
910
912
919
920
929
934
935
939
941
943
951
954
956
965
970
972
974
975
976
980
986
988
990
993
1003
1014
1016
1035
1036
1037
1040
1052
1054
1071
1073
1074
1075
1076
1077
1078
1084
1089
1098
1105
1106
1109
1115
1124
1127
1128
1130
1137
1139
1140
1145
1146
1160
1162
1168
1169
1174
1175
1176
1180
1183
1185
1187
1188
1194
1197
1198
1200
1201
1204
1210
1213
1214
1215
1216
1220
1223
1231
1238
1249
1250
1251
1254
1255
1259
1264
1268
1270
1273
1279
1284
1286
1289
1290
1291
1292
1295
1298
1301
1304
1305
1320
1324
1328
1338
1342
1345
1361
1369
1370
1372
1373
1375
1377
1379
1380
1381
1383
1387
1389
1391
1393
1397
1404
1408
1409
1420
1432
1436
1438
1439
1446
1447
1452
1455
1457
1468
1471
1475
1484
1493
1497
1499
1503
1506
1510
1512
1515
1520
1522
1524
1526
1530
1535
1550
1553
1563
1571
1572
1573
1574
1576
1582
1589
1592
1595
1596
1604
1605
1606
1611
1614
1620
1622
1623
1626
1629
1634
1637
1642
1644
1650
1653
1662
1663
1669
1678
1712
1713
1715
1724
1726
1732
1734
1753
1764
1768
1774
1789
1791
1798
1805
1806
1807
1808
1813
1818
1820
1822
1829
1831
1834
1838
1846
1853
1861
1864
1865
1866
1867
1870
1874
1882
1891
1913
1918
1919
1920
1929
1931
1934
1935
1936
1938
1943
1945
1951
1953
1956
1963
1972
1975
1976
1978
1983
1984
1995
2000
2001
2003
2004
2005
2007
2008
2009
2010
2011
2012
2013
2014
2015
2016
2017
2019
2020
2021
2022
2023
2024
2025
2027
2028
2029
2031
2032
2033
2035
2036
2039
2040
2041
2042
2043
2047
2048
2049
2051
2052
2054
2055
2056
2057
2058
2061
2062
2063
2064
2067
2068
2069
2070
2071
2072
2073
2074
2075
2076
2077
2078
2079
2081
2083
2084
