0
1
2
3
4
5
6
9
10
11
13
15
16
17
18
19
22
23
25
26
28
29
30
31
33
34
35
38
39
40
41
43
45
46
47
48
50
51
53
54
57
58
60
63
66
68
69
70
71
72
73
74
75
76
77
78
79
80
82
83
84
85
86
87
89
90
93
94
95
97
98
99
100
101
102
103
104
106
107
108
109
110
111
112
113
115
116
117
119
120
122
123
124
126
127
130
132
133
134
135
138
139
142
143
144
145
146
147
148
149
150
151
152
153
154
156
157
159
160
161
162
163
164
166
167
170
172
174
175
176
178
179
181
183
184
185
186
187
189
190
191
192
193
194
195
196
197
198
199
200
201
202
203
204
205
209
210
211
213
214
215
216
217
218
219
221
222
223
224
225
226
227
228
229
230
232
233
236
237
238
240
243
244
245
247
249
250
251
253
254
255
256
257
258
260
263
265
266
267
268
269
270
271
272
273
274
275
277
278
279
280
281
283
288
290
292
293
294
296
299
300
301
302
303
304
305
306
307
308
309
311
312
313
314
315
316
317
318
319
320
321
322
326
328
329
331
332
333
334
335
336
339
340
341
342
344
346
347
348
349
350
351
352
354
355
356
357
358
359
361
362
363
364
365
366
367
368
369
370
371
373
375
376
377
380
383
384
387
388
392
394
395
396
397
399
400
402
404
405
407
408
410
411
412
414
415
416
417
418
419
420
421
422
423
424
425
426
428
429
430
431
432
433
434
435
436
437
439
440
442
444
448
449
451
452
453
454
455
456
458
462
468
469
470
472
473
474
477
478
479
480
481
482
483
484
485
486
488
489
491
493
494
495
496
497
498
499
500
501
502
503
504
505
509
510
511
512
513
515
516
518
519
521
522
523
524
525
526
527
528
529
530
531
533
534
535
536
537
538
539
540
541
542
543
545
546
547
548
549
550
552
553
554
556
559
560
561
563
564
565
566
567
568
569
571
574
575
577
579
580
581
584
585
586
588
589
590
592
593
595
597
598
600
601
602
603
604
605
606
607
608
609
610
611
613
614
615
617
620
621
622
623
625
626
628
630
631
633
634
636
638
640
642
644
649
650
651
652
653
655
656
657
659
660
662
663
665
666
667
668
670
671
672
673
677
678
680
681
683
684
685
687
688
689
691
692
693
694
697
699
701
702
703
705
706
707
708
709
710
712
713
715
716
717
720
722
723
725
726
727
728
729
730
731
732
733
734
735
736
737
738
740
742
743
744
745
746
747
748
750
751
752
754
755
757
759
760
761
762
763
764
765
766
769
770
771
772
773
774
775
776
777
778
780
781
782
783
784
785
786
787
788
789
790
791
792
793
794
796
799
801
802
803
804
805
806
807
808
812
814
815
817
818
820
821
822
823
824
825
826
827
828
829
830
832
834
835
837
838
839
840
841
843
844
847
848
849
852
853
854
855
856
858
863
865
867
868
869
870
871
874
875
876
877
878
880
881
882
883
884
885
886
887
888
889
891
892
893
894
895
896
899
900
901
902
903
904
905
906
907
908
909
910
911
912
913
914
915
917
918
919
920
921
922
923
924
925
926
928
930
931
932
933
934
937
938
940
941
942
943
944
945
946
947
950
951
952
954
955
956
957
958
959
960
962
963
964
965
968
969
970
971
972
973
974
975
976
977
978
979
980
982
983
984
985
987
989
990
991
993
994
997
998
1000
1001
1002
1003
1004
1005
1007
1010
1011
1013
1014
1015
1016
1017
1018
1019
1020
1022
1023
1026
1027
1029
1030
1035
1036
1037
1038
1039
1040
1041
1042
1043
1044
1046
1047
1048
1049
1050
1052
1053
1054
1057
1059
1063
1064
1066
1068
1069
1070
1071
1074
1075
1077
1078
1079
1080
1081
1082
1083
1084
1085
1086
1087
1088
1089
1090
1091
1092
1094
1095
1096
1098
1099
1100
1101
1103
1104
1105
1106
1108
1109
1110
1112
1114
1115
1116
1117
1118
1119
1120
1121
1122
1124
1126
1127
1128
1129
1132
1133
1134
1135
1136
1137
1138
1139
1140
1141
1142
1143
1144
1145
1147
1148
1149
1152
1153
1154
1156
1157
1161
1162
1164
1165
1166
1169
1170
1171
1173
1175
1176
1177
1178
1179
1180
1181
1182
1183
1184
1185
1186
1187
1190
1191
1192
1195
1197
1198
1199
1200
1204
1206
1207
1208
1209
1210
1211
1212
1213
1214
1215
1217
1218
1219
1220
1221
1223
1224
1226
1227
1228
1229
1231
1232
1236
1237
1239
1240
1241
1243
1244
1245
1249
1252
1253
1254
1255
1256
1258
1260
1261
1262
1263
1264
1265
1266
1268
1269
1270
1271
1272
1273
1274
1278
1279
1282
1283
1284
1286
1287
1289
1290
1294
1295
1296
1297
1298
1299
1301
1302
1304
1305
1306
1307
1308
1309
1310
1311
1312
1313
1316
1318
1320
1321
1324
1325
1327
1328
1329
1330
1331
1332
1334
1335
1336
1340
1342
1343
1344
1345
1346
1347
1349
1350
1353
1354
1355
1356
1358
1360
1361
1362
1365
1366
1368
1369
1371
1372
1373
1374
1375
1377
1378
1380
1381
1382
1383
1385
1386
1387
1388
1389
1391
1392
1393
1395
1396
1397
1399
1400
1403
1404
1405
1406
1409
1410
1413
1414
1415
1416
1417
1418
1422
1423
1424
1425
1426
1428
1429
1431
1432
1433
1434
1435
1436
1439
1440
1442
1443
1446
1447
1448
1449
1450
1452
1453
1456
1457
1459
1460
1461
1462
1463
1464
1466
1467
1468
1470
1471
1472
1473
1474
1475
1476
1477
1478
1479
1480
1481
1482
1483
1485
1486
1488
1490
1491
1492
1493
1494
1495
1496
1497
1499
1500
1502
1503
1505
1507
1508
1509
1510
1511
1512
1513
1514
1515
1516
1518
1519
1520
1521
1522
1525
1526
1527
1528
1529
1530
1531
1533
1534
1535
1536
1538
1539
1540
1541
1542
1543
1545
1548
1549
1550
1552
1554
1555
1556
1557
1558
1560
1561
1562
1563
1565
1566
1567
1569
1570
1571
1572
1573
1574
1575
1577
1579
1581
1582
1583
1584
1586
1587
1588
1589
1590
1591
1592
1593
1594
1595
1596
1598
1599
1600
1601
1602
1604
1605
1606
1607
1608
1609
1610
1611
1614
1615
1617
1618
1619
1620
1622
1623
1624
1625
1626
1628
1629
1631
1632
1635
1636
1638
1639
1640
1642
1643
1645
1646
1651
1654
1655
1656
1658
1659
1660
1661
1663
1664
1669
1670
1672
1674
1675
1677
1678
1679
1681
1682
1683
1684
1688
1689
1690
1691
1692
1693
1694
1695
1697
1698
1699
1700
1701
1702
1703
1704
1705
1706
1707
1708
1709
1710
1711
1712
1713
1714
1715
1716
1719
1720
1721
1722
1724
1725
1726
1729
1730
1731
1732
1734
1735
1736
1737
1738
1739
1741
1742
1744
1745
1746
1748
1750
1751
1752
1755
1757
1759
1760
1763
1764
1765
1767
1768
1770
1771
1772
1774
1775
1776
1778
1779
1780
1781
1782
1783
1784
1788
1789
1790
1791
1792
1793
1794
1799
1800
1802
1803
1804
1805
1806
1807
1808
1809
1810
1811
1812
1813
1814
1815
1817
1818
1819
1820
1821
1822
1823
1824
1825
1827
1830
1831
1833
1834
1835
1836
1838
1839
1841
1842
1843
1844
1845
1846
1847
1848
1849
1851
1852
1853
1854
1855
1856
1858
1859
1861
1862
1863
1864
1865
1866
1867
1868
1869
1870
1872
1873
1875
1876
1877
1879
1880
1881
1882
1883
1885
1887
1888
1890
1891
1892
1894
1895
1896
1897
1899
1900
1902
1903
1904
1905
1906
1907
1908
1909
1912
1915
1916
1917
1918
1921
1923
1925
1928
1930
1931
1932
1933
1934
1935
1936
1937
1938
1939
1940
1941
1942
1944
1945
1946
1947
1949
1950
1951
1953
1954
1955
1956
1958
1959
1960
1961
1962
1964
1965
1970
1971
1972
1973
1974
1976
1978
1980
1981
1982
1983
1985
1986
1987
1988
1989
1990
1991
1992
1994
1995
1996
1997
1998
1999
2000
2001
2002
2003
2004
2005
2006
2007
2008
2009
2010
2011
2012
2013
2014
2016
2017
2018
2019
2020
2021
2022
2023
2024
2025
2026
2027
2028
2029
2030
2031
2032
2033
2034
2035
2036
2037
2038
2039
2040
2041
2042
2043
2044
2045
2046
2048
2049
2050
2051
2052
2053
2054
2055
2056
2057
2058
2059
2060
2061
2062
2063
2064
2065
2066
2067
2068
2069
2070
2071
2072
2073
2074
2075
2076
2077
2078
2079
2080
2081
2082
2083
2084
