4
11
13
14
15
18
21
23
24
25
29
33
34
35
42
44
51
58
59
60
62
66
71
74
93
97
98
100
101
103
106
109
113
114
118
121
123
129
142
149
150
151
156
166
168
172
177
178
182
188
194
197
205
218
221
227
228
237
238
245
246
254
259
264
269
270
275
279
284
288
290
294
299
301
306
311
314
317
318
324
325
331
332
334
335
336
337
339
343
346
347
367
371
392
396
399
400
406
409
418
420
422
424
426
431
441
443
445
461
462
465
470
473
474
479
483
486
489
491
507
523
526
529
532
533
534
552
560
564
568
572
579
584
585
594
595
603
604
610
611
613
617
618
622
626
628
630
634
643
648
657
660
661
670
672
674
678
679
680
684
686
692
693
699
702
703
721
722
727
732
737
742
743
746
747
751
754
756
759
762
772
774
777
778
786
792
801
812
818
821
833
835
837
838
843
844
845
851
861
871
873
874
876
877
878
879
884
888
890
902
911
914
915
919
920
924
928
939
962
964
971
972
975
976
980
982
984
987
997
999
1000
1006
1013
1015
1016
1018
1026
1030
1040
1041
1045
1049
1050
1051
1061
1065
1066
1089
1103
1104
1109
1111
1113
1122
1125
1127
1133
1136
1140
1143
1145
1148
1153
1157
1158
1163
1165
1166
1167
1170
1175
1180
1196
1199
1203
1204
1211
1220
1222
1224
1228
1233
1244
1249
1250
1257
1259
1261
1264
1268
1270
1272
1277
1283
1284
1285
1286
1299
1301
1303
1304
1305
1320
1322
1324
1325
1329
1331
1342
1345
1352
1354
1358
1364
1367
1370
1380
1382
1385
1390
1392
1399
1405
1406
1407
1410
1417
1429
1432
1434
1443
1454
1468
1469
1474
1475
1477
1483
1485
1488
1492
1496
1500
1513
1514
1518
1520
1523
1528
1533
1538
1539
1541
1542
1543
1548
1556
1557
1561
1563
1576
1578
1581
1583
1602
1604
1610
1617
1619
1623
1635
1636
1644
1650
1653
1657
1665
1667
1669
1672
1675
1676
1688
1690
1693
1695
1701
1702
1705
1712
1713
1717
1720
1725
1730
1732
1737
1740
1747
1752
1756
1760
1761
1762
1763
1766
1770
1781
1786
1790
1803
1804
1811
1816
1817
1818
1826
1833
1834
1837
1843
1854
1858
1868
1879
1881
1882
1883
1884
1886
1887
1888
1890
1891
1894
1895
1896
1897
1900
1905
1907
1908
1914
1923
1930
1931
1942
1944
1945
1950
1959
1960
1964
1982
1987
1989
1991
1992
1994
1996
2001
2002
2003
2004
2005
2007
2008
2010
2012
2013
2014
2015
2016
2018
2019
2024
2025
2026
2027
2031
2033
2034
2036
2037
2038
2039
2040
2041
2042
2044
2046
2048
2049
2050
2051
2052
2054
2055
2056
2057
2058
2059
2061
2062
2064
2065
2067
2068
2069
2070
2071
2072
2073
2074
2075
2076
2079
2081
2082
2083
2084
