46
49
81
84
86
91
103
109
114
118
129
137
150
158
227
229
233
236
239
245
250
256
265
280
318
321
326
350
357
363
376
377
395
404
414
422
466
471
474
480
547
568
574
598
619
675
696
704
715
723
746
786
836
838
854
868
873
874
882
886
887
905
916
931
943
947
962
968
974
980
984
1005
1023
1030
1032
1047
1051
1055
1065
1071
1081
1091
1110
1145
1148
1161
1166
1170
1185
1194
1197
1209
1217
1220
1221
1235
1241
1281
1288
1298
1370
1375
1423
1444
1459
1469
1471
1475
1493
1499
1500
1512
1518
1556
1571
1574
1578
1595
1606
1639
1660
1668
1678
1690
1702
1721
1734
1743
1794
1804
1822
1831
1864
1867
1870
1880
1888
1897
1915
1945
1951
1959
1962
1964
1971
1973
1988
1991
2000
2001
2002
2004
2005
2007
2008
2009
2011
2012
2013
2014
2015
2019
2020
2021
2022
2023
2025
2026
2027
2029
2031
2032
2033
2034
2035
2036
2037
2038
2039
2040
2042
2043
2046
2049
2051
2052
2053
2055
2057
2058
2059
2060
2062
2063
2064
2065
2067
2068
2069
2070
2071
2073
2075
2076
2078
2080
2082
2084
