5
18
22
24
26
51
56
62
72
73
106
137
144
163
166
177
192
198
221
227
274
275
286
288
318
323
331
347
357
358
361
430
437
445
496
503
504
512
519
547
556
568
580
650
652
655
661
674
685
703
706
775
776
782
813
833
839
856
874
881
885
902
909
947
972
982
984
1013
1015
1044
1048
1065
1086
1093
1103
1127
1146
1175
1180
1195
1197
1199
1211
1220
1253
1254
1259
1270
1282
1285
1287
1301
1322
1323
1340
1342
1345
1374
1391
1405
1406
1426
1446
1459
1472
1475
1476
1483
1510
1536
1556
1558
1572
1574
1577
1586
1619
1629
1631
1666
1674
1688
1707
1709
1726
1728
1730
1737
1747
1757
1769
1803
1819
1847
1856
1866
1880
1896
1904
1918
1931
1967
1989
1996
2000
2001
2004
2005
2007
2009
2010
2011
2012
2013
2014
2015
2016
2017
2018
2019
2021
2022
2023
2024
2025
2026
2028
2029
2031
2033
2035
2036
2037
2038
2039
2041
2042
2043
2044
2048
2049
2050
2051
2053
2054
2056
2057
2059
2061
2062
2063
2064
2065
2067
2068
2069
2072
2073
2074
2075
2076
2077
2078
2080
2081
2082
2083
2084
