3
4
6
8
9
10
11
13
15
16
17
18
19
21
25
26
28
29
30
31
34
39
42
45
46
47
48
52
53
54
55
57
59
60
61
63
66
67
68
71
72
74
75
77
78
79
82
87
88
91
92
93
97
101
103
106
107
108
109
111
112
113
114
115
116
117
119
120
121
124
128
131
134
136
137
138
139
143
144
145
146
147
148
149
150
151
153
155
157
163
166
167
171
172
174
177
178
180
182
183
190
192
194
198
200
202
207
216
218
219
220
221
222
225
227
229
231
233
234
236
237
241
243
245
246
247
251
252
255
257
262
264
268
271
272
275
276
277
278
279
281
282
283
286
288
292
293
294
295
297
299
301
306
309
310
311
312
313
315
316
318
320
326
327
328
329
330
331
333
339
340
341
342
344
345
347
348
351
353
355
357
358
359
362
363
364
367
368
369
371
373
374
376
377
379
381
383
384
387
388
389
391
392
395
396
398
399
400
403
404
405
409
411
412
413
415
416
419
420
421
422
423
424
425
428
430
432
434
436
440
445
450
451
452
455
457
458
459
462
463
466
468
469
470
473
474
481
482
483
484
486
487
490
491
492
494
495
498
502
503
505
506
512
513
515
517
523
525
530
535
537
540
541
542
545
549
553
555
558
559
560
562
564
568
570
571
575
576
581
582
583
585
588
591
595
596
598
599
600
604
605
608
610
611
613
615
617
623
625
626
629
630
631
632
633
634
635
637
638
644
646
647
649
651
655
656
658
663
665
667
668
669
670
672
674
676
677
678
680
681
682
683
684
685
686
688
689
691
692
693
695
696
697
698
699
700
701
702
706
707
712
713
715
716
720
721
723
728
730
731
732
733
736
738
742
743
745
746
748
750
751
753
756
762
763
766
769
773
775
777
779
780
781
782
783
785
786
788
790
791
794
796
799
801
802
803
805
808
809
811
813
814
816
820
821
830
832
833
834
835
837
840
842
843
846
847
851
853
854
856
859
860
863
864
865
871
872
873
874
876
878
881
882
884
885
886
889
890
897
898
899
903
909
910
911
914
915
916
917
921
922
924
926
929
932
934
936
938
939
941
943
946
947
955
960
961
964
965
967
968
969
971
974
976
979
981
982
983
985
986
988
991
993
994
1001
1003
1004
1005
1011
1012
1015
1018
1019
1022
1023
1026
1027
1031
1033
1037
1039
1040
1042
1043
1046
1050
1052
1053
1055
1056
1057
1058
1060
1061
1066
1070
1071
1073
1075
1076
1077
1079
1081
1086
1088
1090
1091
1092
1093
1094
1095
1098
1099
1100
1101
1102
1103
1105
1107
1108
1109
1113
1114
1115
1117
1119
1121
1122
1125
1133
1136
1138
1139
1140
1144
1145
1146
1148
1149
1150
1151
1160
1162
1164
1166
1168
1170
1171
1174
1177
1178
1180
1181
1182
1183
1185
1186
1190
1192
1193
1194
1195
1199
1200
1203
1204
1205
1209
1210
1211
1214
1216
1217
1220
1221
1222
1227
1228
1231
1236
1237
1242
1244
1249
1253
1254
1260
1261
1262
1265
1267
1268
1269
1272
1274
1278
1280
1283
1284
1286
1287
1291
1292
1294
1296
1297
1299
1301
1302
1303
1304
1305
1309
1311
1312
1315
1316
1317
1319
1321
1324
1325
1328
1330
1331
1337
1341
1342
1343
1344
1345
1346
1348
1351
1352
1355
1356
1358
1363
1364
1365
1367
1368
1369
1370
1373
1375
1377
1380
1381
1385
1386
1391
1393
1394
1395
1396
1397
1398
1399
1402
1403
1405
1406
1410
1414
1415
1416
1417
1418
1419
1420
1421
1422
1423
1424
1426
1431
1432
1433
1435
1442
1444
1445
1450
1453
1454
1457
1458
1460
1463
1467
1468
1475
1476
1481
1483
1485
1487
1489
1491
1492
1494
1495
1496
1499
1501
1502
1503
1504
1505
1507
1508
1509
1511
1514
1515
1516
1518
1519
1522
1523
1526
1527
1529
1530
1531
1533
1539
1544
1548
1554
1555
1556
1557
1561
1562
1564
1565
1566
1568
1569
1573
1574
1575
1578
1579
1583
1585
1587
1590
1593
1594
1595
1596
1601
1602
1604
1605
1610
1611
1612
1614
1618
1622
1623
1624
1626
1627
1631
1633
1634
1636
1640
1642
1643
1646
1651
1653
1656
1662
1664
1665
1666
1667
1669
1670
1672
1674
1679
1681
1682
1683
1684
1688
1689
1693
1697
1699
1700
1701
1703
1705
1706
1710
1713
1716
1719
1722
1724
1727
1730
1731
1733
1734
1737
1738
1739
1740
1742
1744
1747
1749
1752
1753
1759
1762
1764
1765
1767
1770
1772
1773
1774
1779
1780
1783
1787
1788
1789
1790
1791
1792
1793
1794
1800
1803
1804
1806
1807
1809
1811
1814
1815
1819
1822
1829
1837
1838
1841
1842
1843
1844
1848
1850
1851
1855
1861
1862
1864
1865
1866
1867
1868
1869
1870
1873
1875
1877
1880
1881
1882
1883
1886
1887
1889
1892
1895
1896
1897
1898
1900
1903
1906
1908
1909
1911
1912
1913
1914
1915
1917
1918
1919
1927
1929
1930
1931
1934
1935
1938
1940
1942
1943
1944
1945
1951
1956
1962
1964
1969
1972
1974
1977
1978
1981
1982
1985
1987
1990
1993
1994
1995
1996
2001
2002
2003
2004
2005
2006
2007
2008
2009
2010
2012
2013
2014
2015
2016
2017
2018
2019
2020
2022
2023
2024
2025
2026
2027
2028
2029
2030
2031
2032
2033
2034
2036
2037
2038
2039
2040
2041
2042
2043
2044
2045
2046
2047
2048
2049
2050
2051
2052
2053
2054
2055
2056
2057
2058
2059
2060
2061
2062
2063
2064
2065
2067
2068
2069
2070
2071
2073
2074
2075
2076
2077
2078
2079
2080
2081
2083
2084
