5
9
13
15
19
21
24
38
39
40
44
45
46
58
63
64
78
79
88
92
93
103
104
106
108
109
113
115
116
120
124
128
131
133
144
147
150
157
175
185
200
204
206
211
213
218
225
227
236
237
239
243
244
245
251
256
269
270
271
275
276
278
281
283
286
287
288
294
309
316
317
321
324
329
331
332
334
338
340
347
350
351
354
367
369
371
378
385
386
389
392
394
396
397
399
400
404
406
410
413
416
419
420
421
423
429
430
432
433
434
444
445
462
466
468
470
472
477
481
484
488
491
495
496
499
501
502
505
509
516
520
522
538
539
547
548
549
553
563
564
566
569
578
579
581
585
594
595
598
601
602
603
604
607
609
613
621
627
634
643
648
652
653
662
673
678
693
702
705
706
710
712
723
728
733
742
746
752
758
759
764
765
769
770
773
780
782
783
784
785
788
796
801
802
805
808
810
813
815
821
825
828
834
838
853
855
857
859
862
868
871
872
873
874
880
882
886
890
901
902
910
911
912
916
927
930
937
943
945
949
953
960
966
968
972
973
978
980
994
996
998
999
1005
1008
1010
1028
1031
1033
1034
1043
1051
1060
1061
1068
1074
1075
1089
1092
1103
1109
1116
1118
1119
1120
1124
1127
1132
1136
1142
1146
1149
1154
1164
1168
1173
1176
1177
1178
1181
1185
1188
1190
1192
1194
1197
1211
1212
1214
1216
1218
1220
1226
1228
1240
1249
1250
1253
1254
1255
1260
1261
1269
1279
1282
1286
1287
1288
1289
1302
1305
1308
1313
1323
1328
1334
1336
1338
1343
1352
1355
1361
1370
1374
1375
1378
1390
1391
1393
1395
1396
1397
1398
1406
1409
1413
1418
1420
1421
1424
1429
1443
1454
1460
1461
1471
1472
1475
1483
1488
1489
1490
1491
1492
1494
1496
1501
1502
1516
1520
1522
1525
1527
1534
1538
1540
1543
1544
1551
1553
1558
1559
1560
1564
1573
1575
1578
1579
1585
1610
1622
1626
1640
1648
1659
1662
1663
1666
1674
1677
1678
1682
1683
1684
1686
1690
1699
1704
1706
1709
1711
1720
1724
1731
1732
1733
1736
1739
1742
1746
1755
1764
1769
1777
1778
1785
1788
1789
1794
1796
1800
1817
1818
1819
1824
1827
1828
1831
1834
1835
1837
1839
1869
1870
1875
1877
1879
1880
1881
1886
1896
1897
1899
1904
1907
1921
1924
1930
1931
1938
1944
1945
1952
1954
1963
1964
1971
1973
1975
1979
1985
1987
1989
1993
1998
2000
2002
2003
2004
2007
2008
2009
2010
2012
2015
2016
2023
2024
2025
2026
2027
2028
2029
2030
2031
2032
2033
2034
2035
2037
2039
2041
2042
2044
2046
2048
2049
2050
2051
2052
2053
2055
2056
2059
2060
2061
2062
2063
2064
2065
2066
2068
2070
2071
2074
2077
2078
2079
2080
2081
2082
2083
