3
4
11
14
19
30
43
46
64
65
66
78
83
91
102
123
128
129
175
206
214
225
243
249
255
256
258
259
264
268
274
284
288
301
309
320
335
341
349
376
381
387
400
432
434
446
447
484
487
526
552
553
556
564
573
598
606
622
650
669
681
685
714
743
747
761
762
774
815
820
825
827
843
862
893
900
916
946
956
971
993
1005
1012
1014
1027
1076
1098
1102
1109
1113
1127
1134
1136
1140
1142
1147
1148
1157
1165
1166
1168
1174
1178
1228
1264
1275
1303
1322
1349
1369
1370
1373
1376
1378
1380
1383
1385
1406
1410
1446
1450
1463
1464
1475
1476
1484
1487
1490
1496
1497
1501
1511
1523
1529
1534
1536
1555
1556
1567
1574
1585
1595
1610
1619
1627
1634
1642
1643
1653
1667
1669
1677
1684
1692
1693
1698
1713
1724
1731
1764
1791
1822
1846
1855
1864
1867
1882
1884
1887
1908
1920
1921
1932
1945
1956
1958
1970
1972
1976
1982
1984
1990
2000
2001
2003
2007
2009
2011
2014
2019
2020
2022
2033
2038
2040
2042
2043
2044
2046
2047
2048
2052
2059
2063
2064
2074
2079
2084
