1
2
3
4
5
6
9
10
11
12
13
14
15
16
18
19
21
22
24
30
31
34
35
36
38
39
40
41
43
44
45
46
49
51
52
53
54
55
56
57
58
60
61
63
64
65
66
67
69
70
71
72
73
74
75
78
79
80
81
82
84
85
86
87
88
89
90
92
93
94
96
97
100
101
102
103
104
106
107
108
109
110
111
112
113
114
115
116
117
119
120
124
125
126
128
130
131
132
133
134
135
136
138
139
141
143
144
146
147
149
150
154
155
156
157
158
160
162
163
164
165
166
167
168
169
170
171
172
174
175
177
178
179
182
183
184
185
186
188
189
190
192
195
199
200
201
202
203
204
205
206
207
208
210
211
213
216
217
218
221
222
223
225
226
227
228
229
230
233
236
237
238
239
240
243
244
245
246
247
251
252
253
254
256
258
259
260
261
262
263
265
267
268
269
270
271
272
273
274
275
276
277
278
279
280
281
282
283
285
286
287
288
290
291
292
293
294
295
296
297
298
301
304
309
311
312
313
315
316
317
318
319
321
322
323
324
325
326
327
328
329
331
332
333
334
335
336
337
338
339
340
341
342
343
345
347
348
349
350
351
352
353
354
356
357
358
359
360
361
362
363
365
366
367
368
369
370
371
372
375
376
377
378
380
383
385
386
388
389
390
391
392
393
394
395
396
397
398
399
400
401
402
403
404
405
406
408
409
410
411
413
414
415
416
418
419
420
421
422
423
424
425
426
429
430
432
433
434
436
437
440
441
442
444
445
447
449
451
452
455
457
461
462
463
464
466
467
468
469
470
471
472
474
475
476
477
479
481
482
483
484
488
489
491
493
494
495
496
497
499
500
501
502
503
505
506
507
508
509
510
511
512
513
514
515
516
517
518
520
521
522
523
525
526
527
528
529
531
532
533
534
536
537
538
539
541
542
543
544
545
546
547
548
549
551
553
554
555
558
563
564
566
567
568
569
570
571
573
575
578
579
580
581
584
585
587
588
589
591
594
595
596
597
598
599
600
601
602
603
604
605
606
607
608
609
610
611
613
614
616
617
619
621
622
623
625
627
629
630
631
633
634
638
639
640
641
643
644
646
647
648
649
652
653
654
655
656
658
659
660
661
662
663
665
666
669
670
671
672
673
675
676
678
679
680
681
682
683
685
686
687
688
689
690
691
692
693
694
696
697
699
702
703
704
705
706
709
710
712
713
717
718
720
721
722
723
727
728
729
731
733
735
736
737
740
742
743
744
745
746
747
750
751
752
753
754
757
758
759
760
761
764
765
766
769
770
771
773
774
775
778
779
780
782
783
784
785
786
788
789
790
791
792
793
794
796
797
800
801
802
803
804
805
806
807
808
809
810
812
813
815
818
821
822
823
824
825
828
829
830
831
833
834
835
837
838
840
841
842
845
846
847
851
853
854
855
857
858
859
860
861
862
864
867
868
870
871
872
873
874
875
876
878
879
880
881
882
884
885
886
888
889
890
893
895
896
897
898
899
901
902
903
904
905
906
908
909
910
911
912
913
914
915
916
918
919
920
921
923
926
927
928
930
931
933
934
935
936
937
939
940
941
942
943
944
945
946
947
948
949
950
951
953
954
956
957
958
959
960
961
962
964
965
966
967
968
969
970
971
972
973
974
975
976
978
980
982
983
984
986
988
989
990
993
994
995
996
997
998
999
1001
1002
1003
1004
1005
1006
1007
1008
1010
1011
1012
1013
1014
1016
1017
1018
1019
1020
1021
1022
1024
1025
1028
1031
1032
1033
1034
1036
1037
1038
1039
1040
1043
1044
1045
1049
1050
1051
1052
1053
1055
1056
1058
1059
1060
1061
1062
1063
1064
1065
1067
1068
1070
1071
1072
1073
1074
1075
1076
1079
1081
1083
1084
1085
1086
1087
1089
1090
1092
1093
1094
1095
1099
1100
1101
1102
1103
1104
1105
1108
1109
1110
1111
1112
1113
1114
1116
1117
1118
1119
1120
1121
1122
1124
1125
1126
1127
1128
1129
1130
1132
1133
1134
1135
1136
1138
1139
1140
1141
1142
1143
1144
1146
1147
1148
1149
1150
1151
1153
1154
1155
1156
1157
1158
1159
1160
1161
1162
1163
1164
1165
1168
1169
1170
1171
1173
1175
1176
1177
1178
1180
1181
1182
1184
1185
1186
1187
1188
1190
1191
1192
1193
1194
1197
1198
1200
1201
1202
1203
1205
1206
1208
1209
1210
1211
1212
1213
1214
1215
1216
1218
1219
1220
1221
1222
1223
1224
1226
1227
1228
1229
1230
1231
1232
1234
1235
1236
1237
1238
1239
1240
1242
1243
1244
1245
1247
1249
1250
1251
1252
1253
1254
1255
1256
1257
1260
1261
1262
1263
1264
1265
1267
1269
1271
1272
1273
1274
1275
1276
1277
1278
1279
1281
1282
1283
1284
1286
1287
1288
1289
1290
1292
1295
1300
1301
1302
1303
1304
1305
1306
1308
1310
1311
1313
1315
1316
1317
1318
1321
1322
1323
1324
1325
1326
1327
1328
1330
1331
1334
1335
1336
1337
1338
1339
1340
1341
1342
1343
1347
1349
1350
1351
1352
1353
1354
1355
1358
1359
1361
1363
1367
1369
1370
1373
1374
1375
1377
1378
1379
1383
1385
1386
1387
1388
1389
1390
1391
1392
1393
1395
1396
1397
1398
1399
1404
1405
1406
1407
1408
1409
1410
1413
1414
1415
1416
1417
1418
1419
1420
1421
1423
1424
1425
1426
1427
1428
1429
1432
1433
1435
1437
1438
1439
1440
1442
1443
1446
1447
1448
1449
1450
1452
1454
1455
1456
1457
1458
1459
1460
1461
1463
1464
1467
1468
1470
1471
1472
1473
1474
1475
1476
1477
1479
1480
1482
1483
1485
1488
1489
1490
1491
1492
1493
1494
1495
1496
1497
1499
1500
1501
1502
1503
1505
1506
1507
1510
1511
1512
1513
1514
1515
1516
1517
1520
1522
1523
1524
1525
1526
1527
1529
1530
1533
1534
1535
1536
1537
1538
1539
1540
1541
1543
1544
1545
1546
1547
1549
1550
1551
1552
1553
1554
1555
1557
1558
1559
1560
1561
1562
1564
1565
1566
1567
1568
1569
1570
1571
1572
1573
1575
1577
1578
1579
1580
1582
1583
1584
1585
1589
1590
1592
1593
1594
1595
1596
1597
1598
1599
1600
1603
1604
1605
1607
1608
1609
1610
1612
1614
1616
1617
1618
1619
1620
1621
1622
1623
1625
1626
1628
1632
1633
1634
1635
1637
1638
1639
1640
1641
1643
1644
1646
1648
1649
1650
1652
1653
1655
1656
1658
1659
1660
1662
1663
1664
1666
1667
1668
1669
1670
1671
1672
1673
1674
1675
1676
1677
1678
1679
1680
1682
1683
1684
1685
1686
1687
1688
1689
1690
1693
1695
1698
1699
1700
1701
1702
1704
1706
1707
1708
1709
1710
1711
1712
1713
1715
1716
1717
1718
1720
1721
1723
1724
1725
1730
1731
1732
1733
1734
1735
1736
1737
1739
1742
1743
1744
1745
1746
1747
1748
1750
1754
1755
1756
1757
1759
1764
1766
1767
1769
1770
1771
1772
1777
1778
1779
1780
1783
1784
1785
1787
1788
1789
1790
1791
1793
1794
1796
1800
1802
1803
1804
1806
1807
1809
1810
1811
1812
1814
1815
1817
1818
1819
1820
1821
1822
1823
1824
1826
1827
1828
1829
1830
1831
1833
1834
1835
1837
1839
1840
1844
1845
1846
1847
1849
1850
1852
1853
1854
1855
1856
1857
1858
1860
1862
1863
1865
1866
1867
1868
1869
1870
1872
1873
1874
1875
1876
1877
1879
1880
1881
1882
1883
1885
1886
1887
1891
1893
1894
1895
1896
1897
1898
1899
1900
1901
1902
1903
1904
1907
1909
1910
1911
1914
1915
1916
1917
1918
1920
1921
1922
1923
1924
1926
1927
1930
1931
1933
1935
1938
1939
1944
1945
1948
1949
1950
1952
1953
1954
1956
1957
1960
1962
1963
1964
1965
1967
1969
1970
1971
1972
1973
1974
1975
1977
1979
1980
1981
1982
1983
1984
1985
1987
1988
1989
1990
1991
1992
1993
1994
1996
1998
1999
2000
2001
2002
2003
2004
2005
2006
2007
2008
2009
2010
2012
2013
2014
2015
2016
2017
2018
2020
2022
2023
2024
2025
2026
2027
2028
2029
2030
2031
2032
2033
2034
2035
2036
2037
2038
2039
2040
2041
2042
2043
2044
2045
2046
2047
2048
2049
2050
2051
2052
2053
2054
2055
2056
2057
2058
2059
2060
2061
2062
2063
2064
2065
2066
2067
2068
2069
2070
2071
2073
2074
2075
2076
2077
2078
2079
2080
2081
2082
2083
2084
