1
4
5
6
14
18
20
21
25
44
45
46
51
53
54
60
62
68
71
72
75
76
83
85
86
92
95
98
99
108
111
113
115
117
118
120
128
131
132
137
138
142
144
150
153
158
170
190
196
199
207
208
211
221
223
225
227
233
236
245
246
249
250
253
256
275
279
290
292
295
301
304
306
325
326
331
336
337
345
346
347
348
357
363
366
368
376
377
378
383
390
395
399
402
404
407
420
422
428
429
446
450
451
454
456
466
472
473
477
481
482
492
493
495
496
500
501
502
503
508
522
525
530
532
542
549
553
560
565
568
569
575
581
583
585
593
595
598
604
606
613
618
621
622
630
638
645
646
651
653
655
656
670
680
683
695
698
701
705
706
708
714
715
718
719
723
728
731
732
733
734
746
753
761
763
764
768
778
794
797
803
808
813
820
823
827
833
834
835
840
858
873
874
878
880
886
895
901
909
915
917
920
930
934
936
944
948
958
962
993
1000
1002
1005
1013
1015
1018
1025
1027
1040
1045
1051
1064
1066
1069
1082
1084
1085
1089
1090
1099
1105
1110
1111
1117
1119
1124
1127
1128
1132
1134
1136
1139
1144
1146
1147
1148
1149
1164
1165
1168
1169
1170
1175
1182
1197
1199
1200
1208
1209
1218
1239
1242
1248
1250
1251
1254
1259
1261
1264
1268
1272
1274
1277
1278
1284
1291
1299
1306
1313
1316
1319
1324
1326
1327
1329
1330
1334
1335
1345
1356
1367
1370
1377
1379
1380
1395
1396
1399
1409
1411
1417
1420
1422
1424
1434
1435
1441
1443
1446
1447
1452
1455
1457
1465
1468
1471
1472
1473
1475
1479
1481
1483
1489
1491
1492
1493
1494
1495
1500
1503
1505
1508
1511
1516
1521
1522
1523
1529
1530
1533
1538
1543
1544
1561
1565
1568
1571
1573
1577
1578
1580
1581
1586
1589
1597
1598
1600
1602
1604
1606
1608
1615
1618
1619
1620
1623
1626
1636
1637
1639
1647
1649
1653
1659
1666
1671
1674
1678
1685
1686
1688
1700
1702
1706
1707
1713
1714
1728
1730
1734
1736
1737
1746
1747
1748
1756
1765
1768
1775
1779
1781
1789
1795
1802
1809
1814
1819
1826
1834
1836
1841
1848
1852
1853
1860
1864
1867
1868
1870
1873
1880
1894
1897
1902
1909
1917
1919
1924
1931
1932
1933
1935
1943
1948
1956
1957
1958
1959
1965
1971
1974
1983
1986
1987
1992
1998
2000
2001
2002
2003
2004
2005
2007
2008
2009
2010
2011
2012
2013
2014
2015
2017
2018
2019
2020
2021
2022
2023
2024
2025
2026
2027
2028
2029
2030
2031
2032
2035
2036
2037
2038
2040
2041
2042
2043
2044
2046
2047
2048
2049
2050
2051
2052
2053
2054
2056
2057
2058
2059
2061
2062
2063
2064
2065
2066
2067
2068
2069
2071
2072
2073
2074
2075
2076
2077
2078
2079
2080
2081
2082
2084
