0
1
11
13
18
21
24
25
27
29
30
41
42
43
46
47
50
51
55
56
59
62
64
65
67
69
71
74
75
76
77
78
83
86
87
90
91
92
94
95
96
97
98
100
102
104
106
110
111
112
113
114
115
118
119
120
123
126
127
128
129
130
133
138
139
142
143
146
147
148
150
152
153
158
160
161
163
164
165
166
173
175
176
179
180
186
188
190
198
199
201
202
205
209
211
215
218
219
221
224
225
227
230
231
235
236
239
241
242
243
244
245
249
250
252
254
256
257
258
260
262
265
268
269
274
277
280
282
283
288
289
290
292
294
295
297
298
301
302
309
310
312
313
316
317
319
320
322
327
328
331
332
335
337
339
344
346
347
348
349
350
351
353
354
355
356
359
361
364
367
369
370
371
373
374
375
378
379
380
381
384
385
386
387
388
389
392
393
394
397
398
399
402
404
405
406
408
409
410
416
418
420
422
423
424
427
434
435
436
439
443
444
445
447
452
453
454
462
463
464
466
469
474
477
479
481
484
488
489
490
493
496
497
499
500
501
504
505
508
510
511
512
516
517
518
519
520
521
523
524
525
526
527
529
531
532
534
537
538
539
541
542
543
544
546
548
549
550
553
555
558
559
560
563
565
567
568
569
570
571
573
575
582
584
585
586
590
593
595
597
598
600
601
602
605
611
613
619
621
624
629
632
634
635
636
638
641
643
644
648
650
651
653
654
656
658
659
660
661
662
664
666
667
670
671
672
675
680
681
683
684
685
686
687
692
693
694
695
697
700
707
708
710
711
712
713
714
718
719
720
721
722
724
725
728
729
732
734
736
737
738
739
743
745
747
748
749
751
752
753
758
762
763
765
766
767
769
771
772
774
777
778
782
783
784
786
788
790
792
800
801
802
803
805
806
807
811
813
815
822
827
828
829
833
835
838
841
842
843
844
846
848
849
850
851
852
854
855
857
858
859
860
864
865
868
870
873
874
878
881
882
883
884
885
886
887
889
890
892
894
896
897
899
903
904
905
907
908
909
912
913
915
916
917
918
919
922
923
924
927
928
929
930
932
934
937
938
943
944
945
948
951
952
953
955
956
957
960
962
964
967
968
969
970
971
973
975
976
977
979
982
984
987
989
991
993
994
995
999
1001
1003
1004
1005
1006
1007
1008
1010
1012
1018
1019
1021
1022
1023
1024
1026
1027
1030
1032
1033
1039
1044
1045
1048
1049
1052
1054
1055
1058
1061
1062
1063
1064
1065
1066
1067
1070
1071
1073
1074
1077
1078
1081
1085
1087
1089
1091
1092
1095
1100
1101
1103
1107
1108
1110
1111
1113
1119
1120
1121
1123
1124
1127
1129
1136
1138
1140
1141
1144
1147
1148
1149
1153
1157
1158
1161
1162
1166
1170
1174
1175
1177
1181
1183
1188
1190
1191
1193
1196
1197
1198
1199
1201
1203
1205
1208
1209
1211
1212
1217
1218
1219
1220
1223
1226
1228
1231
1233
1235
1236
1237
1239
1240
1244
1247
1248
1249
1250
1252
1254
1259
1260
1261
1264
1266
1267
1269
1272
1274
1275
1278
1279
1280
1281
1282
1286
1287
1289
1291
1292
1294
1298
1299
1300
1303
1310
1311
1312
1315
1319
1320
1322
1324
1325
1328
1329
1331
1337
1340
1342
1345
1353
1354
1355
1358
1359
1360
1367
1370
1372
1374
1377
1380
1383
1385
1386
1389
1392
1396
1397
1398
1399
1400
1404
1407
1408
1410
1411
1414
1415
1417
1420
1421
1422
1423
1425
1426
1429
1435
1437
1438
1441
1443
1444
1450
1460
1462
1466
1467
1468
1477
1479
1480
1481
1484
1491
1492
1494
1495
1496
1498
1499
1500
1505
1510
1511
1514
1516
1518
1520
1524
1526
1530
1531
1536
1537
1538
1542
1543
1544
1547
1548
1550
1551
1553
1555
1559
1561
1565
1566
1568
1569
1571
1572
1573
1574
1575
1576
1577
1578
1580
1581
1582
1583
1585
1589
1594
1595
1596
1598
1599
1602
1603
1604
1605
1606
1611
1612
1617
1619
1621
1622
1623
1626
1628
1629
1631
1634
1635
1636
1637
1639
1640
1644
1646
1647
1653
1654
1658
1662
1664
1666
1667
1668
1669
1672
1677
1678
1680
1681
1682
1683
1684
1685
1686
1687
1688
1689
1690
1691
1692
1694
1695
1698
1700
1701
1702
1704
1705
1707
1709
1712
1713
1714
1715
1717
1719
1724
1726
1729
1730
1731
1734
1735
1737
1747
1748
1752
1754
1758
1759
1760
1762
1764
1765
1768
1769
1770
1772
1775
1776
1782
1783
1787
1791
1793
1795
1797
1799
1801
1803
1805
1807
1808
1811
1818
1821
1822
1823
1825
1828
1829
1831
1835
1836
1839
1842
1844
1845
1846
1852
1853
1854
1855
1856
1857
1858
1862
1864
1865
1866
1867
1868
1871
1873
1875
1877
1878
1880
1881
1882
1885
1886
1887
1890
1891
1893
1897
1900
1901
1905
1907
1908
1913
1914
1916
1918
1919
1921
1922
1925
1930
1931
1933
1934
1935
1936
1937
1938
1940
1941
1944
1945
1947
1951
1954
1956
1958
1959
1963
1964
1965
1968
1969
1970
1975
1977
1980
1982
1983
1985
1987
1988
1989
1990
1992
1994
1996
1997
1998
1999
2000
2001
2002
2003
2004
2005
2007
2008
2009
2010
2011
2012
2013
2014
2015
2016
2017
2018
2019
2020
2023
2024
2025
2026
2027
2028
2029
2030
2031
2033
2034
2035
2036
2037
2038
2039
2040
2041
2042
2043
2044
2046
2047
2048
2049
2050
2051
2052
2053
2055
2056
2057
2058
2059
2061
2064
2065
2067
2068
2069
2070
2071
2072
2073
2074
2075
2076
2077
2079
2080
2081
2082
