0
2
3
4
5
6
13
14
15
17
22
23
26
27
28
31
33
43
49
50
51
56
57
59
60
63
64
65
66
68
71
73
75
76
77
78
81
84
85
86
87
90
97
99
101
102
103
104
105
107
110
117
118
119
120
122
124
125
126
127
128
129
131
132
133
134
135
137
139
142
143
144
146
147
148
150
151
152
154
157
160
161
163
164
166
167
174
175
177
179
180
181
183
184
188
189
190
192
195
196
199
200
201
202
205
208
209
211
215
218
219
222
224
225
226
227
228
232
234
235
236
237
238
241
242
243
245
249
250
251
252
253
255
256
257
261
262
264
267
268
269
272
275
278
281
282
283
284
285
288
289
291
292
293
294
297
301
305
306
307
309
311
313
314
315
316
318
319
322
323
324
326
327
330
331
333
336
338
339
341
342
343
344
345
346
347
350
351
353
355
356
357
358
359
360
362
365
367
368
370
371
373
379
380
382
383
385
386
388
394
396
399
401
402
404
405
406
407
409
410
416
417
420
421
422
423
426
429
430
431
432
433
434
436
438
443
449
450
452
453
456
457
461
462
463
465
473
474
478
481
482
484
487
489
490
493
495
497
499
505
506
507
509
510
515
516
517
518
519
520
521
522
526
532
534
537
541
544
546
547
549
550
551
555
556
558
559
560
561
562
563
568
572
574
575
578
579
580
585
587
589
595
599
600
603
604
605
607
610
611
617
618
624
625
626
630
632
637
640
643
647
649
650
654
655
658
659
660
662
665
667
668
669
670
671
672
673
679
680
682
683
684
686
687
688
689
691
692
694
695
696
697
699
700
701
702
705
706
709
712
714
716
718
720
721
722
724
725
726
727
728
729
730
731
733
735
739
741
742
744
745
746
747
749
751
753
754
755
758
760
762
765
768
769
771
772
774
777
778
779
780
782
783
788
790
791
795
797
799
801
804
805
807
808
810
811
813
814
817
818
821
822
823
827
828
829
830
832
833
834
838
839
840
841
843
844
845
846
849
851
852
856
858
859
860
861
862
863
866
867
869
870
872
873
875
878
880
881
882
884
885
886
887
889
896
898
899
900
902
905
906
908
910
911
919
923
925
926
928
931
934
935
936
938
939
943
945
946
947
951
952
953
955
956
959
960
963
964
967
968
969
970
972
974
975
976
977
981
982
990
994
997
998
999
1004
1005
1006
1009
1010
1011
1012
1013
1014
1019
1023
1028
1029
1030
1032
1035
1036
1040
1041
1042
1043
1044
1046
1048
1052
1054
1057
1060
1062
1064
1065
1066
1069
1072
1073
1077
1082
1085
1086
1087
1090
1092
1093
1094
1098
1100
1101
1104
1105
1107
1110
1111
1112
1115
1121
1122
1123
1124
1127
1132
1133
1134
1137
1139
1143
1145
1146
1149
1151
1152
1155
1158
1159
1160
1163
1167
1168
1169
1170
1171
1173
1174
1175
1176
1178
1179
1183
1184
1185
1186
1190
1191
1192
1193
1194
1195
1197
1200
1201
1202
1204
1205
1206
1207
1208
1214
1216
1220
1223
1226
1228
1229
1236
1237
1238
1240
1242
1243
1245
1249
1252
1255
1257
1258
1262
1264
1265
1268
1270
1272
1274
1277
1279
1281
1282
1285
1286
1287
1290
1292
1295
1296
1300
1301
1302
1303
1304
1305
1306
1307
1308
1309
1311
1313
1316
1317
1320
1322
1324
1326
1327
1329
1330
1331
1333
1336
1337
1338
1344
1349
1350
1352
1361
1362
1363
1367
1372
1375
1377
1380
1385
1387
1388
1390
1391
1395
1399
1401
1403
1410
1413
1415
1421
1430
1431
1432
1433
1437
1438
1439
1442
1444
1447
1450
1453
1454
1455
1457
1458
1459
1460
1463
1464
1476
1479
1484
1485
1486
1487
1488
1489
1491
1496
1498
1501
1502
1503
1505
1506
1508
1510
1511
1514
1516
1520
1522
1523
1526
1531
1532
1533
1536
1540
1541
1542
1543
1545
1547
1548
1549
1552
1553
1557
1563
1564
1565
1566
1569
1572
1573
1576
1579
1586
1587
1589
1590
1591
1592
1594
1595
1596
1605
1606
1607
1608
1610
1612
1613
1614
1616
1617
1618
1619
1620
1621
1623
1625
1627
1628
1629
1630
1631
1635
1636
1638
1640
1642
1643
1644
1645
1647
1648
1651
1654
1655
1656
1658
1661
1665
1666
1667
1668
1670
1678
1680
1681
1682
1683
1686
1688
1693
1694
1695
1696
1697
1699
1700
1701
1704
1705
1706
1712
1714
1715
1718
1721
1723
1725
1726
1732
1733
1734
1735
1736
1737
1738
1741
1742
1743
1747
1748
1749
1752
1754
1760
1762
1765
1766
1768
1769
1772
1773
1776
1778
1779
1780
1782
1784
1786
1788
1791
1794
1795
1797
1802
1803
1806
1808
1810
1817
1818
1819
1822
1823
1827
1828
1833
1838
1839
1840
1842
1843
1844
1846
1847
1849
1851
1852
1853
1854
1856
1859
1860
1864
1867
1870
1876
1877
1879
1880
1882
1883
1886
1891
1896
1902
1903
1905
1909
1916
1917
1921
1923
1924
1925
1926
1928
1929
1931
1935
1938
1939
1940
1941
1942
1943
1944
1945
1950
1954
1955
1956
1958
1961
1963
1964
1965
1967
1974
1975
1976
1979
1981
1984
1985
1987
1988
1989
1993
1995
1996
1998
1999
2000
2004
2005
2008
2010
2011
2012
2013
2014
2015
2016
2017
2018
2019
2020
2021
2022
2023
2024
2028
2029
2030
2031
2034
2035
2036
2037
2038
2040
2042
2043
2044
2045
2046
2047
2049
2050
2052
2054
2055
2056
2057
2058
2059
2061
2062
2063
2065
2068
2069
2070
2071
2072
2073
2074
2075
2076
2077
2078
2079
2080
2081
2082
2083
2084
