1
2
4
5
7
9
13
14
17
18
19
22
23
25
26
29
32
33
34
35
42
44
45
46
51
52
53
54
55
57
58
61
65
66
68
69
72
74
76
77
79
80
81
84
86
87
88
93
94
97
101
103
104
106
107
109
115
116
119
120
121
122
127
128
137
139
148
150
151
152
155
156
157
160
164
165
167
169
170
171
172
173
176
177
179
183
185
187
190
191
194
196
197
200
202
205
206
208
211
214
216
219
221
222
224
225
231
233
237
238
239
240
242
243
244
249
250
253
254
255
256
257
261
263
264
265
267
268
269
274
276
277
278
279
280
281
282
287
288
289
290
292
296
297
300
301
304
305
306
308
309
310
311
313
314
315
316
319
323
325
326
327
328
329
330
331
333
334
335
336
338
341
342
346
347
350
357
358
359
360
363
365
367
368
371
375
376
377
383
386
389
390
392
393
394
400
407
410
411
415
417
419
422
424
425
427
429
431
433
438
439
440
441
443
448
454
455
456
457
462
466
468
469
472
478
479
481
485
489
490
491
494
495
497
498
500
501
502
503
505
506
508
509
510
513
514
521
523
525
526
530
533
534
535
536
537
540
543
544
546
547
549
555
556
558
560
563
564
565
566
571
574
575
576
577
579
581
582
586
587
589
593
596
598
604
605
607
608
610
611
615
618
620
623
626
631
635
642
643
644
646
647
649
650
652
654
656
658
663
669
670
674
681
682
683
685
686
687
688
689
695
696
697
698
700
703
705
707
708
709
710
714
715
719
720
723
724
731
733
735
737
738
739
742
743
745
747
748
750
753
754
756
757
761
762
765
769
770
771
774
775
780
781
782
785
791
793
799
803
804
805
812
813
814
820
823
824
825
826
827
830
831
833
840
841
842
844
846
849
850
851
852
855
856
857
858
859
862
863
864
868
869
870
871
874
875
877
878
879
880
883
884
885
888
890
891
892
893
895
897
901
902
904
905
907
908
910
912
913
914
915
916
920
922
923
928
930
931
934
935
936
937
938
939
941
949
950
951
953
954
955
957
958
960
962
965
971
972
976
978
979
980
982
984
986
989
991
997
999
1000
1001
1002
1005
1007
1008
1011
1013
1014
1017
1018
1020
1023
1024
1025
1027
1029
1030
1036
1038
1039
1040
1041
1042
1044
1047
1048
1049
1050
1051
1058
1059
1061
1062
1065
1069
1071
1073
1074
1075
1076
1080
1081
1082
1086
1087
1089
1090
1091
1093
1094
1097
1099
1100
1101
1105
1106
1108
1109
1110
1115
1118
1119
1120
1121
1122
1124
1125
1127
1128
1130
1132
1135
1136
1137
1138
1139
1140
1142
1143
1146
1147
1148
1149
1150
1151
1157
1159
1160
1161
1162
1164
1166
1168
1169
1170
1171
1175
1176
1177
1178
1180
1182
1183
1185
1186
1187
1192
1194
1195
1197
1198
1199
1200
1201
1204
1205
1207
1210
1211
1216
1217
1220
1221
1225
1227
1228
1231
1232
1233
1236
1238
1242
1244
1247
1249
1250
1254
1255
1257
1258
1262
1264
1268
1269
1270
1272
1273
1274
1276
1279
1284
1286
1288
1291
1293
1294
1297
1298
1300
1301
1303
1307
1311
1312
1314
1315
1317
1321
1322
1330
1331
1332
1333
1335
1340
1341
1342
1344
1345
1349
1350
1354
1355
1356
1357
1360
1365
1366
1367
1368
1370
1371
1372
1373
1375
1376
1377
1380
1382
1383
1386
1388
1389
1392
1395
1396
1397
1398
1399
1403
1404
1405
1406
1408
1409
1410
1414
1415
1416
1417
1418
1420
1421
1422
1423
1425
1427
1431
1432
1433
1434
1436
1438
1443
1446
1455
1458
1460
1461
1463
1464
1466
1467
1468
1469
1471
1472
1479
1481
1484
1485
1486
1488
1493
1495
1496
1498
1499
1503
1508
1511
1513
1514
1516
1520
1522
1523
1526
1528
1530
1531
1533
1534
1535
1536
1537
1538
1541
1550
1552
1554
1556
1557
1558
1559
1561
1562
1564
1565
1568
1571
1572
1573
1580
1581
1583
1584
1585
1587
1588
1589
1590
1591
1592
1593
1595
1596
1599
1602
1603
1604
1605
1607
1608
1609
1611
1614
1617
1619
1620
1621
1623
1625
1626
1628
1629
1630
1631
1632
1633
1634
1635
1636
1637
1639
1642
1644
1645
1648
1654
1662
1665
1667
1668
1669
1672
1674
1675
1679
1680
1681
1682
1686
1687
1688
1689
1690
1692
1693
1698
1700
1701
1702
1703
1705
1706
1707
1709
1712
1716
1717
1720
1722
1724
1726
1730
1733
1737
1738
1739
1740
1745
1746
1748
1749
1750
1754
1755
1756
1757
1759
1764
1765
1766
1768
1770
1772
1776
1778
1779
1783
1786
1788
1789
1790
1792
1796
1798
1800
1802
1803
1804
1807
1809
1813
1817
1818
1819
1820
1821
1822
1823
1825
1826
1829
1830
1833
1836
1838
1844
1845
1848
1852
1853
1855
1856
1857
1858
1866
1867
1871
1876
1879
1882
1884
1885
1889
1894
1896
1897
1899
1901
1903
1906
1907
1909
1911
1912
1914
1916
1918
1919
1920
1921
1927
1928
1930
1936
1938
1940
1942
1943
1944
1945
1948
1955
1956
1958
1961
1962
1963
1970
1971
1972
1974
1976
1979
1982
1983
1984
1986
1987
1988
1989
1992
1994
1995
2000
2001
2002
2003
2004
2005
2007
2008
2009
2010
2011
2012
2013
2014
2015
2016
2017
2018
2019
2020
2021
2022
2023
2024
2025
2027
2028
2029
2030
2031
2032
2033
2034
2035
2036
2038
2040
2041
2042
2043
2044
2047
2048
2049
2050
2051
2052
2053
2054
2055
2057
2058
2059
2061
2062
2063
2065
2067
2068
2069
2070
2071
2072
2073
2074
2075
2076
2077
2078
2079
2080
2081
2082
2083
2084
