2
5
12
19
26
63
64
83
87
91
105
135
142
148
158
184
228
236
244
252
269
275
277
284
286
290
292
294
301
306
311
336
342
393
406
414
419
420
462
488
489
492
504
508
513
527
542
545
559
579
582
584
595
601
605
613
643
660
725
728
734
743
782
827
843
858
885
903
935
936
939
954
982
994
1006
1007
1016
1020
1033
1053
1086
1105
1110
1111
1122
1140
1146
1180
1181
1206
1216
1220
1242
1250
1254
1274
1284
1295
1325
1343
1345
1356
1357
1358
1370
1374
1379
1396
1408
1410
1422
1423
1455
1460
1476
1493
1495
1496
1524
1537
1543
1559
1573
1576
1585
1591
1630
1634
1659
1666
1682
1688
1700
1707
1709
1747
1768
1796
1803
1814
1817
1819
1829
1834
1858
1866
1867
1873
1889
1907
1918
1930
1944
1945
1956
1964
1970
1987
2003
2004
2005
2007
2008
2009
2012
2013
2015
2016
2017
2018
2020
2022
2025
2026
2027
2028
2033
2036
2037
2040
2041
2042
2043
2045
2046
2047
2048
2050
2051
2052
2056
2061
2063
2065
2066
2067
2068
2069
2071
2072
2073
2074
2075
2077
2078
2079
2080
2084
