2
3
4
5
9
10
11
12
13
14
15
17
18
19
21
24
25
26
28
30
32
33
35
36
38
41
44
45
49
51
53
54
55
57
58
59
61
62
63
64
66
67
68
69
70
71
72
74
75
76
77
79
80
83
84
86
87
89
91
92
94
97
101
102
103
104
107
108
111
114
115
116
117
120
121
123
124
126
127
129
130
134
141
142
143
145
148
149
150
154
158
165
166
167
170
171
172
177
181
185
190
192
199
205
206
208
209
210
211
213
216
219
220
221
222
225
226
229
231
232
234
235
238
243
244
245
246
247
249
251
253
254
257
260
261
264
266
267
268
269
274
275
280
281
285
287
288
290
292
293
294
297
299
300
301
304
305
308
309
310
312
318
320
324
326
327
328
330
331
334
336
340
344
346
347
348
350
353
355
357
359
363
376
377
379
381
383
384
385
386
387
389
392
394
397
399
400
401
402
406
407
408
414
415
417
418
419
421
426
429
430
431
432
434
441
443
451
452
453
454
460
461
463
465
468
470
477
478
480
482
483
484
485
486
487
488
489
491
492
493
494
500
501
503
505
506
509
511
512
513
515
519
521
523
524
525
528
532
537
538
541
542
543
544
545
546
550
554
555
556
561
567
568
569
571
572
574
575
578
583
588
590
594
598
600
602
603
604
607
608
609
610
611
612
613
614
619
620
622
624
626
627
628
629
630
631
632
634
635
636
637
641
642
644
646
647
649
650
655
656
657
659
660
662
663
668
669
670
672
678
679
681
684
686
687
689
694
697
698
699
700
704
706
710
713
715
720
722
723
724
726
727
728
729
730
731
732
733
739
741
742
745
746
748
749
750
751
752
754
758
759
760
761
764
765
766
771
773
776
777
780
783
785
787
788
789
790
792
793
794
797
800
802
803
806
807
809
810
813
818
819
820
821
823
827
828
830
831
833
834
838
839
840
842
843
845
846
847
848
849
850
853
856
858
860
863
864
865
868
869
870
873
875
877
878
883
885
888
889
890
891
893
895
897
899
901
902
903
904
908
909
911
913
916
918
919
920
921
922
926
928
934
937
938
939
940
945
946
949
950
954
958
959
961
967
968
971
972
975
976
980
982
986
987
991
993
995
996
997
1001
1002
1003
1006
1011
1013
1018
1020
1021
1022
1023
1026
1027
1028
1032
1033
1035
1038
1039
1040
1043
1046
1047
1048
1051
1057
1058
1060
1061
1063
1064
1065
1067
1068
1069
1071
1073
1076
1077
1078
1079
1080
1088
1089
1090
1093
1099
1100
1103
1110
1114
1115
1117
1121
1122
1124
1127
1128
1129
1131
1132
1134
1137
1138
1139
1142
1145
1146
1148
1150
1151
1153
1155
1157
1161
1162
1163
1168
1169
1171
1172
1173
1175
1179
1181
1185
1186
1187
1190
1191
1192
1194
1195
1196
1197
1198
1199
1202
1204
1205
1206
1207
1208
1210
1211
1214
1215
1217
1220
1221
1223
1224
1226
1227
1230
1231
1232
1234
1235
1239
1240
1242
1244
1247
1248
1254
1260
1264
1265
1267
1268
1270
1271
1273
1276
1277
1279
1281
1282
1284
1285
1288
1289
1290
1295
1298
1303
1306
1307
1308
1310
1311
1312
1315
1316
1317
1321
1322
1324
1325
1328
1330
1331
1333
1335
1336
1338
1342
1343
1344
1345
1346
1351
1352
1354
1357
1359
1363
1365
1372
1374
1375
1376
1377
1379
1380
1382
1383
1386
1389
1393
1396
1397
1398
1400
1404
1405
1406
1408
1409
1412
1419
1425
1429
1432
1433
1441
1446
1447
1450
1452
1453
1455
1458
1459
1460
1461
1462
1463
1464
1465
1467
1468
1469
1471
1472
1474
1475
1476
1477
1478
1483
1484
1485
1486
1493
1495
1497
1503
1504
1508
1511
1516
1518
1520
1522
1526
1527
1528
1529
1530
1531
1533
1534
1536
1538
1539
1543
1546
1547
1551
1552
1553
1556
1557
1565
1566
1567
1569
1570
1571
1572
1573
1574
1575
1576
1577
1579
1580
1582
1583
1585
1587
1589
1591
1594
1595
1596
1599
1602
1604
1605
1606
1607
1611
1614
1616
1617
1619
1620
1621
1623
1624
1625
1632
1634
1635
1639
1640
1641
1642
1643
1645
1647
1651
1654
1655
1657
1659
1660
1662
1663
1665
1666
1667
1671
1673
1675
1676
1678
1680
1683
1686
1687
1688
1690
1693
1694
1696
1705
1706
1709
1710
1712
1713
1715
1718
1719
1722
1723
1726
1728
1730
1734
1735
1739
1742
1744
1745
1746
1747
1749
1751
1752
1757
1758
1763
1765
1766
1768
1770
1773
1775
1777
1783
1786
1791
1794
1796
1801
1802
1803
1805
1807
1812
1814
1815
1820
1821
1822
1823
1824
1825
1829
1839
1840
1841
1843
1844
1845
1846
1847
1852
1853
1855
1856
1859
1862
1864
1866
1867
1868
1869
1871
1873
1877
1879
1882
1883
1885
1886
1888
1889
1895
1896
1900
1901
1902
1903
1904
1905
1907
1909
1915
1916
1917
1919
1920
1924
1927
1934
1935
1936
1938
1939
1941
1942
1943
1945
1947
1950
1951
1953
1955
1965
1970
1971
1973
1974
1975
1979
1982
1983
1984
1989
1991
1992
1993
1994
1996
1997
2000
2001
2002
2003
2004
2005
2007
2008
2009
2010
2011
2012
2013
2014
2015
2016
2017
2018
2019
2020
2021
2022
2023
2025
2026
2027
2028
2029
2030
2031
2032
2033
2034
2035
2036
2037
2038
2039
2040
2041
2042
2043
2044
2045
2046
2048
2049
2050
2051
2052
2053
2054
2055
2056
2057
2058
2059
2060
2061
2062
2063
2064
2065
2066
2067
2068
2069
2070
2071
2072
2073
2074
2075
2076
2077
2078
2079
2080
2081
2082
2083
2084
