2
4
11
14
15
16
17
18
19
22
25
28
37
38
48
51
55
64
66
69
71
73
83
86
91
93
96
98
100
104
109
110
128
129
130
135
139
141
142
144
150
151
153
158
164
167
169
170
172
182
185
188
205
206
210
214
215
225
227
236
242
252
253
256
257
266
269
272
275
277
287
296
311
313
314
315
316
317
319
321
325
326
327
328
329
336
340
342
348
354
362
363
366
368
372
374
375
378
381
384
399
411
419
420
424
430
431
437
439
454
462
466
468
473
475
482
485
486
487
489
491
495
498
503
510
511
513
514
517
525
526
529
536
539
547
553
555
560
561
564
568
574
591
604
605
609
622
626
627
634
638
639
645
649
650
656
661
674
676
677
682
683
686
689
701
706
716
720
721
724
727
728
729
733
735
737
743
746
747
751
753
755
757
762
767
769
772
773
774
784
794
797
804
805
808
811
815
823
838
839
843
853
855
858
859
860
862
874
881
886
887
888
890
899
902
903
905
913
917
930
934
936
938
939
941
955
956
960
963
974
975
983
984
990
993
994
996
1001
1007
1008
1012
1013
1014
1015
1020
1029
1030
1032
1035
1036
1041
1045
1046
1053
1054
1061
1062
1064
1075
1079
1102
1106
1110
1122
1124
1128
1138
1145
1147
1153
1157
1161
1167
1176
1183
1185
1186
1187
1194
1197
1199
1204
1207
1217
1221
1228
1236
1238
1242
1253
1254
1257
1261
1262
1265
1268
1269
1270
1281
1284
1286
1288
1301
1321
1322
1323
1330
1335
1336
1341
1342
1343
1357
1358
1360
1369
1370
1374
1376
1383
1391
1409
1411
1413
1414
1417
1418
1419
1420
1422
1423
1432
1434
1440
1452
1454
1456
1457
1469
1471
1472
1480
1481
1482
1483
1484
1488
1491
1496
1503
1511
1512
1515
1516
1522
1527
1528
1533
1537
1539
1558
1574
1578
1583
1584
1586
1587
1594
1610
1611
1618
1619
1620
1626
1634
1636
1647
1653
1654
1658
1666
1669
1671
1673
1677
1678
1680
1681
1691
1692
1693
1705
1708
1709
1711
1718
1719
1721
1730
1734
1744
1746
1765
1772
1779
1782
1783
1786
1787
1789
1803
1808
1812
1821
1822
1824
1825
1827
1829
1853
1855
1866
1867
1879
1881
1882
1884
1895
1900
1905
1908
1910
1913
1919
1923
1924
1931
1938
1942
1944
1945
1951
1955
1956
1961
1962
1963
1964
1965
1969
1970
1975
1991
1992
1994
1996
2000
2001
2002
2003
2008
2009
2012
2013
2014
2016
2017
2018
2019
2020
2021
2022
2023
2025
2026
2027
2028
2029
2030
2031
2032
2033
2036
2037
2038
2040
2042
2043
2044
2045
2047
2048
2050
2051
2052
2053
2056
2057
2058
2059
2060
2061
2062
2063
2064
2065
2068
2069
2070
2071
2073
2074
2075
2076
2077
2078
2080
2081
2082
2083
2084
