1
3
4
8
14
17
22
23
25
37
40
52
53
63
65
88
92
94
101
104
106
113
128
135
138
154
157
162
163
171
172
174
177
180
193
194
198
201
209
210
220
231
233
241
248
251
256
260
264
265
277
279
281
285
286
288
291
298
301
304
311
314
315
316
317
323
327
329
331
336
339
340
341
351
362
366
367
368
377
379
395
397
399
400
401
404
407
413
417
419
423
425
427
428
430
434
435
450
461
463
478
479
484
485
489
494
495
496
498
501
506
507
513
516
535
539
546
558
559
560
563
564
565
567
572
578
579
580
581
583
586
593
603
611
612
613
621
630
631
634
642
643
648
652
657
667
669
672
674
676
678
680
682
685
687
696
699
700
701
703
708
712
715
718
721
724
725
731
733
743
747
754
759
761
764
765
770
771
772
773
777
778
782
784
796
803
805
820
823
824
827
833
835
839
840
854
858
864
865
866
868
869
880
887
888
900
901
902
905
913
919
920
923
926
934
938
939
945
947
953
962
971
980
983
987
992
994
997
1003
1005
1007
1018
1022
1030
1036
1039
1042
1054
1070
1076
1081
1088
1090
1092
1094
1100
1106
1109
1119
1121
1122
1127
1128
1132
1134
1144
1146
1148
1157
1162
1165
1166
1168
1171
1178
1181
1185
1186
1191
1192
1194
1196
1197
1199
1201
1207
1212
1216
1218
1220
1224
1225
1228
1235
1244
1248
1260
1262
1263
1264
1275
1276
1280
1283
1285
1299
1301
1318
1324
1332
1338
1342
1345
1347
1358
1359
1362
1369
1370
1371
1373
1376
1381
1382
1383
1389
1391
1393
1394
1395
1398
1400
1404
1406
1414
1418
1419
1426
1434
1438
1439
1443
1452
1454
1455
1463
1464
1468
1476
1478
1482
1483
1484
1496
1501
1502
1505
1508
1514
1516
1519
1530
1533
1534
1537
1539
1540
1543
1547
1553
1556
1564
1566
1567
1573
1574
1575
1576
1578
1579
1585
1588
1590
1593
1597
1600
1601
1606
1612
1613
1615
1620
1621
1624
1628
1631
1634
1641
1644
1647
1649
1650
1664
1666
1669
1671
1673
1674
1682
1683
1688
1692
1693
1702
1707
1708
1711
1712
1716
1719
1721
1724
1726
1736
1737
1740
1746
1747
1754
1757
1771
1774
1781
1784
1788
1791
1806
1807
1819
1823
1825
1831
1834
1836
1837
1846
1859
1864
1866
1867
1868
1870
1872
1877
1880
1882
1883
1888
1889
1896
1897
1900
1907
1915
1916
1919
1921
1926
1930
1935
1938
1944
1948
1949
1951
1956
1964
1969
1970
1972
1978
1982
1986
1990
1991
1992
1998
2000
2002
2004
2005
2007
2009
2010
2011
2012
2013
2015
2017
2020
2024
2025
2026
2027
2028
2031
2032
2033
2034
2037
2039
2040
2041
2043
2044
2045
2048
2050
2051
2052
2054
2055
2057
2062
2063
2068
2070
2071
2074
2080
2084
