1
3
8
9
10
11
14
18
19
20
21
22
24
25
28
29
31
32
33
38
40
41
45
46
47
49
51
54
55
59
61
63
64
65
67
69
70
71
72
75
77
79
80
82
83
88
89
92
93
94
97
98
99
104
105
111
112
115
116
118
119
121
124
130
131
132
136
138
139
143
144
147
150
151
154
155
157
158
160
161
162
163
168
170
171
173
174
177
181
182
184
186
188
189
190
191
192
196
197
200
201
202
203
204
206
208
210
219
220
222
223
225
228
229
230
231
232
234
237
238
239
241
242
243
245
247
248
249
251
252
253
254
257
258
260
264
267
269
273
277
278
279
280
284
288
290
292
293
299
300
301
304
308
309
315
318
320
323
324
325
329
331
335
338
339
340
343
345
346
347
349
353
354
355
357
362
366
368
371
374
375
377
378
379
381
383
385
387
388
390
395
397
400
402
404
407
410
411
412
413
415
416
419
420
424
425
426
428
429
430
433
436
437
438
440
444
445
447
449
451
456
457
461
462
463
466
468
469
470
477
478
482
485
486
488
490
491
494
496
498
500
501
503
507
508
512
515
516
519
522
523
524
525
526
527
529
531
533
534
535
536
537
538
541
543
544
546
548
554
556
558
559
560
561
564
565
568
574
575
577
580
581
582
583
584
585
586
591
593
595
596
597
599
600
603
605
607
608
612
613
614
615
617
625
629
630
631
636
637
642
644
647
648
649
651
652
654
655
657
658
659
662
665
667
668
672
674
678
679
681
682
685
686
688
692
693
695
696
699
707
708
709
711
712
714
715
722
723
728
729
730
731
732
733
735
736
740
741
742
745
747
749
751
752
753
754
758
759
760
761
762
766
769
770
774
775
777
778
779
781
782
783
784
785
787
788
791
792
793
794
795
796
797
800
802
803
806
807
809
812
813
814
815
817
818
820
821
823
825
826
832
835
837
838
840
841
845
847
850
851
854
855
856
857
858
864
869
871
872
875
876
877
878
882
883
885
887
888
889
890
891
896
897
900
901
902
903
904
905
907
908
911
912
914
919
920
921
922
923
926
927
928
929
936
938
940
943
944
946
949
951
952
954
957
962
963
964
965
966
969
970
973
974
976
977
979
981
982
983
985
988
989
992
994
997
1006
1008
1009
1011
1012
1013
1016
1022
1024
1027
1030
1032
1033
1036
1037
1039
1040
1044
1045
1047
1051
1052
1055
1056
1057
1058
1060
1062
1063
1066
1068
1070
1072
1074
1075
1082
1084
1085
1089
1091
1094
1095
1096
1097
1100
1104
1105
1106
1109
1111
1112
1114
1117
1118
1121
1122
1128
1129
1130
1131
1134
1137
1138
1140
1141
1142
1146
1147
1148
1150
1153
1154
1156
1158
1162
1163
1164
1167
1168
1170
1172
1174
1179
1180
1181
1182
1185
1187
1188
1192
1195
1196
1198
1199
1202
1205
1206
1207
1208
1211
1216
1218
1221
1227
1228
1229
1232
1233
1234
1235
1236
1241
1242
1244
1246
1248
1250
1251
1252
1253
1254
1255
1258
1259
1261
1263
1269
1270
1273
1275
1277
1280
1283
1284
1286
1287
1289
1291
1292
1295
1299
1301
1303
1305
1306
1307
1309
1311
1313
1316
1317
1320
1321
1323
1324
1326
1327
1328
1329
1330
1331
1336
1339
1340
1343
1345
1347
1351
1353
1354
1358
1362
1366
1368
1369
1370
1374
1376
1377
1379
1381
1382
1383
1385
1389
1391
1392
1393
1396
1397
1398
1401
1402
1405
1406
1410
1411
1414
1416
1417
1419
1420
1423
1431
1433
1439
1443
1445
1447
1448
1454
1455
1457
1458
1459
1460
1465
1466
1468
1469
1470
1471
1472
1473
1475
1476
1480
1481
1482
1484
1486
1488
1489
1490
1492
1493
1494
1495
1496
1497
1499
1500
1501
1502
1505
1506
1508
1512
1514
1517
1518
1519
1521
1522
1525
1529
1530
1534
1535
1536
1537
1538
1539
1541
1544
1545
1546
1548
1552
1554
1555
1557
1558
1560
1563
1565
1566
1567
1571
1573
1574
1576
1581
1583
1585
1587
1589
1591
1592
1597
1600
1606
1611
1612
1614
1615
1616
1617
1620
1622
1623
1624
1625
1628
1630
1631
1634
1635
1637
1638
1639
1643
1648
1649
1652
1653
1654
1656
1658
1659
1660
1663
1664
1667
1673
1674
1676
1680
1682
1683
1685
1686
1688
1689
1690
1693
1694
1703
1704
1706
1710
1712
1713
1714
1715
1718
1721
1723
1725
1726
1730
1733
1735
1737
1739
1740
1744
1745
1747
1757
1763
1764
1765
1766
1767
1771
1772
1776
1778
1781
1784
1786
1790
1791
1798
1800
1802
1803
1808
1811
1812
1815
1820
1825
1826
1827
1828
1832
1835
1838
1841
1842
1844
1846
1847
1848
1850
1851
1852
1854
1856
1859
1860
1861
1863
1864
1866
1867
1869
1872
1874
1877
1878
1880
1881
1882
1883
1885
1887
1888
1890
1893
1895
1896
1897
1901
1903
1907
1909
1910
1912
1914
1917
1918
1919
1920
1922
1924
1926
1927
1931
1932
1934
1938
1939
1940
1944
1947
1949
1950
1951
1953
1954
1955
1957
1958
1959
1962
1964
1965
1967
1970
1971
1975
1976
1978
1980
1981
1983
1984
1986
1987
1989
1990
1993
1995
1996
1997
1998
1999
2000
2001
2002
2003
2004
2005
2006
2007
2008
2010
2011
2012
2013
2014
2016
2017
2018
2019
2020
2021
2022
2023
2027
2029
2030
2031
2032
2034
2035
2036
2037
2039
2040
2042
2043
2044
2047
2049
2050
2051
2053
2054
2056
2057
2058
2059
2061
2062
2063
2064
2065
2067
2068
2069
2070
2071
2072
2073
2074
2075
2076
2077
2078
2079
2081
2082
2083
