2
5
25
101
110
128
130
151
166
192
242
243
252
274
293
309
329
331
346
351
355
361
434
445
454
462
479
481
483
491
492
495
517
534
546
555
566
574
590
604
611
623
627
631
632
642
677
682
708
710
715
728
730
731
758
766
769
776
779
782
783
786
788
820
838
839
840
848
858
863
864
923
938
943
974
994
1014
1018
1020
1053
1061
1066
1089
1127
1169
1181
1185
1191
1202
1218
1222
1231
1235
1237
1240
1254
1268
1279
1301
1302
1307
1322
1323
1355
1357
1358
1370
1389
1410
1417
1426
1452
1454
1479
1482
1510
1516
1537
1538
1558
1592
1610
1618
1619
1620
1626
1640
1644
1654
1677
1680
1681
1686
1756
1772
1779
1796
1833
1838
1870
1885
1886
1933
1956
1973
1976
2000
2001
2002
2003
2004
2005
2008
2009
2011
2012
2014
2015
2016
2017
2018
2019
2020
2021
2022
2024
2026
2028
2029
2030
2031
2032
2033
2035
2036
2037
2040
2041
2042
2044
2045
2046
2048
2049
2052
2053
2054
2056
2057
2059
2060
2061
2062
2063
2064
2065
2067
2070
2071
2072
2075
2076
2077
2079
2081
2082
2083
2084
