5
8
11
18
32
38
48
91
93
98
104
106
120
150
174
176
191
242
243
256
257
277
313
318
347
348
378
384
385
400
407
409
414
421
429
430
444
466
474
477
489
495
503
523
526
561
580
617
625
627
631
658
674
676
693
707
720
724
729
743
746
747
773
776
783
801
837
840
843
864
880
887
902
908
916
926
936
939
947
960
967
971
980
1015
1020
1028
1029
1061
1081
1110
1119
1120
1138
1143
1161
1169
1188
1197
1218
1220
1262
1265
1301
1306
1323
1325
1345
1357
1370
1429
1438
1442
1444
1446
1448
1475
1481
1492
1494
1518
1527
1619
1661
1667
1668
1669
1677
1705
1708
1739
1765
1779
1789
1822
1841
1881
1900
1909
1913
1917
1928
1938
1944
1964
1970
1982
1992
1994
1998
2000
2001
2002
2003
2004
2008
2009
2011
2013
2014
2016
2017
2018
2019
2020
2021
2023
2025
2026
2027
2028
2029
2030
2031
2032
2033
2035
2036
2037
2038
2039
2040
2041
2042
2044
2045
2049
2050
2051
2052
2053
2055
2056
2057
2059
2060
2061
2064
2065
2067
2070
2072
2074
2075
2076
2080
2082
2083
2084
