6
20
46
53
54
62
76
83
99
113
115
118
132
142
144
150
170
199
207
225
227
233
275
279
301
306
325
331
336
363
368
395
399
404
407
420
422
428
429
477
492
495
496
500
530
560
568
581
613
622
638
683
706
708
731
733
734
746
753
761
768
778
794
813
833
834
873
874
878
886
909
930
934
944
962
1000
1013
1082
1089
1090
1110
1117
1127
1144
1149
1164
1248
1254
1261
1272
1306
1334
1345
1367
1370
1379
1395
1409
1420
1434
1475
1483
1491
1494
1505
1523
1538
1544
1565
1597
1598
1606
1615
1619
1636
1647
1653
1674
1685
1686
1747
1765
1779
1789
1836
1848
1864
1867
1870
1880
1894
1897
1909
1917
1931
1959
1965
1998
2000
2001
2002
2003
2004
2005
2007
2008
2009
2010
2011
2012
2013
2014
2015
2017
2018
2019
2020
2021
2022
2023
2024
2025
2026
2027
2028
2030
2031
2032
2035
2036
2037
2038
2040
2041
2042
2043
2044
2046
2047
2048
2049
2050
2051
2052
2054
2057
2058
2059
2061
2062
2063
2064
2065
2068
2069
2071
2072
2073
2074
2075
2076
2077
2078
2079
2080
2081
2082
2084
