1
4
5
7
11
14
18
19
23
24
26
29
31
34
39
41
42
47
48
50
51
52
53
54
55
57
58
64
66
71
75
80
81
83
84
85
86
87
90
91
95
96
97
98
99
100
103
106
110
114
115
120
122
123
124
126
129
134
135
136
137
139
142
143
146
148
149
150
151
152
154
156
157
164
166
167
168
169
174
176
177
180
186
187
196
200
204
205
208
211
213
215
218
219
222
223
225
232
235
236
238
241
242
243
244
246
247
249
250
253
255
258
261
264
265
267
268
269
270
272
273
275
280
283
284
285
286
288
289
290
292
296
297
300
301
306
309
310
312
315
316
317
321
322
325
326
328
330
331
333
334
336
339
343
344
346
354
355
356
357
358
359
363
367
369
370
371
373
374
376
377
380
383
385
386
387
388
392
394
395
396
399
400
404
408
411
413
416
420
423
426
430
431
432
434
437
438
439
440
443
444
449
450
451
452
455
456
457
465
469
470
471
472
473
474
477
478
481
485
486
488
491
492
497
502
504
505
508
510
512
518
519
520
522
523
524
526
527
530
532
533
534
535
541
542
543
545
546
553
554
556
563
564
565
568
569
574
576
578
580
581
584
585
586
588
589
590
591
593
594
595
596
598
599
600
608
611
612
614
616
622
623
627
628
629
631
632
633
634
637
639
641
642
643
647
649
650
652
653
657
658
659
660
662
665
668
670
671
674
675
676
677
678
679
680
682
683
685
686
687
688
689
691
692
693
695
698
700
703
704
705
706
708
709
711
714
716
718
720
721
722
723
724
725
726
727
728
729
731
732
734
736
737
738
739
742
743
749
750
752
753
757
759
760
761
762
763
764
765
766
768
770
771
773
774
776
777
778
779
780
781
783
784
786
793
799
803
804
805
806
807
810
811
814
816
818
819
822
823
825
826
827
829
830
831
832
833
834
837
838
841
842
843
849
851
852
853
855
857
858
860
862
863
864
865
866
869
872
874
877
878
880
882
884
885
886
887
888
892
899
901
902
903
906
907
908
910
911
917
918
920
922
924
926
929
930
932
934
936
939
943
945
946
947
948
953
954
957
959
960
962
964
965
966
967
968
972
973
974
976
977
978
984
985
988
991
992
993
995
996
997
1002
1005
1006
1007
1008
1011
1012
1013
1016
1018
1019
1022
1023
1024
1026
1035
1037
1038
1040
1043
1045
1047
1049
1050
1053
1055
1056
1061
1062
1066
1069
1071
1073
1075
1078
1084
1088
1089
1090
1092
1093
1095
1096
1101
1102
1103
1104
1105
1106
1107
1108
1109
1115
1116
1117
1122
1127
1128
1134
1136
1137
1138
1142
1144
1146
1147
1148
1154
1155
1158
1159
1160
1164
1167
1168
1173
1177
1179
1180
1181
1183
1185
1187
1188
1190
1193
1194
1195
1196
1197
1198
1203
1209
1210
1211
1212
1213
1215
1216
1217
1218
1219
1223
1225
1226
1229
1231
1233
1236
1237
1238
1242
1243
1244
1248
1249
1250
1252
1254
1255
1256
1259
1262
1263
1264
1265
1267
1269
1274
1276
1277
1280
1282
1284
1286
1288
1289
1293
1294
1295
1301
1302
1304
1305
1306
1309
1313
1315
1316
1319
1320
1321
1322
1323
1327
1336
1338
1340
1345
1348
1352
1353
1354
1355
1356
1357
1358
1359
1362
1365
1369
1370
1377
1378
1379
1380
1382
1385
1386
1388
1389
1392
1393
1394
1395
1398
1399
1401
1404
1408
1409
1411
1412
1414
1415
1417
1422
1423
1424
1425
1426
1427
1429
1433
1441
1442
1443
1451
1452
1456
1459
1460
1462
1463
1465
1468
1469
1471
1473
1475
1477
1478
1479
1483
1484
1485
1486
1488
1491
1492
1494
1496
1498
1499
1500
1501
1505
1507
1508
1510
1511
1512
1513
1518
1520
1523
1527
1531
1535
1539
1540
1543
1544
1549
1551
1555
1556
1557
1558
1564
1565
1566
1567
1571
1572
1573
1574
1576
1578
1581
1583
1585
1586
1587
1589
1590
1594
1595
1597
1600
1601
1602
1605
1607
1610
1612
1613
1615
1617
1618
1621
1623
1624
1629
1631
1632
1633
1635
1639
1641
1642
1645
1646
1647
1649
1654
1655
1656
1657
1662
1667
1669
1671
1672
1674
1675
1678
1682
1683
1686
1687
1688
1689
1692
1693
1694
1696
1698
1699
1700
1701
1702
1704
1706
1707
1708
1710
1711
1712
1716
1719
1721
1723
1725
1726
1727
1730
1731
1732
1734
1742
1743
1744
1745
1746
1747
1748
1749
1750
1751
1752
1756
1757
1759
1762
1764
1765
1767
1768
1770
1772
1775
1776
1778
1781
1782
1784
1786
1787
1789
1792
1794
1795
1797
1800
1803
1804
1806
1807
1810
1814
1815
1818
1819
1821
1823
1825
1826
1829
1831
1833
1834
1835
1836
1838
1839
1841
1843
1844
1847
1851
1852
1855
1856
1858
1859
1863
1864
1866
1867
1868
1870
1872
1873
1874
1876
1879
1884
1885
1887
1888
1897
1903
1907
1909
1910
1911
1912
1914
1919
1920
1921
1922
1923
1925
1930
1931
1933
1934
1936
1939
1943
1944
1945
1950
1951
1954
1955
1956
1957
1958
1959
1960
1963
1966
1969
1971
1974
1975
1980
1981
1982
1986
1988
1989
1990
1992
1994
1998
1999
2000
2003
2004
2005
2007
2008
2009
2010
2011
2012
2013
2015
2016
2017
2019
2020
2022
2023
2024
2025
2026
2027
2028
2029
2030
2032
2033
2034
2036
2037
2039
2040
2041
2042
2043
2045
2046
2047
2048
2049
2050
2051
2052
2053
2054
2055
2056
2057
2058
2062
2063
2064
2065
2066
2067
2068
2069
2071
2072
2073
2074
2075
2076
2077
2078
2079
2080
2081
2082
2083
2084
