0
3
4
5
6
7
8
10
11
12
13
14
17
18
19
20
21
22
24
25
26
29
30
31
32
33
34
35
37
38
41
42
46
48
49
51
52
53
55
56
57
59
61
62
63
65
69
70
73
74
75
78
79
80
81
82
83
84
85
86
88
91
93
95
97
98
99
101
103
104
107
109
110
113
115
116
117
118
119
120
121
123
124
125
126
128
130
131
133
135
136
137
138
139
141
142
143
144
145
149
150
152
153
158
159
161
162
163
164
165
166
167
168
169
170
171
172
173
174
176
177
178
182
183
185
187
188
191
192
193
194
195
196
197
199
200
201
202
204
205
207
208
209
210
213
214
215
217
218
219
220
221
222
223
224
225
226
227
228
229
230
231
234
236
237
238
239
240
241
242
243
244
245
246
247
248
249
250
251
252
253
254
255
256
257
259
261
263
265
266
267
268
269
270
271
272
273
275
276
277
278
279
281
283
284
285
286
288
289
291
292
293
294
295
297
299
300
301
302
304
305
306
307
310
311
312
315
316
317
319
320
322
323
326
327
328
329
330
331
332
333
334
336
338
339
341
342
343
345
346
347
348
350
351
352
353
354
355
358
359
360
361
362
363
365
366
368
369
370
371
373
375
376
377
378
381
384
385
386
388
389
391
392
393
396
397
398
399
400
401
402
403
404
405
407
409
410
411
412
413
414
415
416
417
420
421
422
423
424
425
426
427
428
429
430
433
434
435
437
438
439
440
441
442
443
444
445
446
447
449
450
451
453
455
456
457
458
459
460
463
464
465
467
468
469
470
472
474
477
478
480
481
482
483
484
486
487
488
489
490
491
492
493
494
496
499
500
501
502
503
504
505
507
509
510
511
513
514
515
519
521
522
523
524
525
527
528
529
530
531
532
533
534
535
536
537
538
539
542
543
544
545
547
548
549
551
552
555
556
557
558
560
562
563
564
565
567
568
569
570
571
574
575
577
579
580
581
583
584
586
589
594
596
597
598
599
601
603
604
605
606
607
609
610
611
612
614
615
618
619
621
622
623
624
625
626
627
628
629
632
633
634
635
636
637
638
640
642
643
645
646
648
649
651
652
653
655
657
659
661
662
663
665
666
667
670
671
674
675
676
677
678
679
680
681
682
683
684
685
686
687
688
691
692
693
694
697
698
700
701
702
703
704
707
708
709
710
711
712
713
714
715
720
721
722
723
724
725
726
727
728
729
731
732
733
734
737
738
739
740
742
743
744
745
746
747
748
749
750
751
753
754
755
756
757
758
759
761
764
766
767
768
769
771
772
773
774
777
778
780
783
784
785
787
788
789
793
794
795
796
797
799
801
802
803
804
805
806
807
808
809
810
812
813
814
815
816
817
818
819
820
822
823
824
825
826
828
829
830
831
832
833
834
836
837
838
839
840
842
843
844
845
846
847
848
850
851
852
853
854
855
856
857
858
859
860
861
862
863
864
865
866
867
870
871
872
873
874
875
876
878
881
882
883
886
888
891
892
893
894
895
896
899
901
902
903
904
905
907
908
909
910
912
914
915
916
917
918
919
920
921
922
923
924
927
929
930
931
932
934
935
936
938
939
940
941
942
943
944
945
946
947
948
949
952
954
955
957
958
959
960
962
963
964
965
967
968
970
972
973
975
976
977
978
979
980
982
983
984
986
987
988
989
990
991
992
993
994
995
997
998
999
1000
1001
1002
1003
1004
1005
1006
1007
1008
1009
1012
1013
1014
1016
1017
1019
1022
1024
1025
1026
1028
1029
1032
1033
1034
1036
1038
1039
1044
1045
1046
1048
1049
1050
1051
1052
1053
1054
1055
1056
1057
1059
1060
1062
1063
1066
1067
1068
1070
1071
1074
1075
1078
1079
1080
1081
1082
1083
1084
1085
1086
1087
1088
1089
1090
1091
1092
1093
1094
1095
1096
1097
1098
1102
1103
1104
1105
1106
1107
1108
1109
1110
1111
1112
1113
1115
1116
1117
1118
1119
1121
1122
1123
1125
1126
1128
1129
1130
1131
1132
1133
1135
1136
1137
1139
1140
1141
1142
1143
1144
1145
1147
1148
1149
1151
1153
1155
1159
1160
1162
1163
1165
1166
1168
1169
1171
1172
1173
1174
1176
1177
1180
1181
1183
1187
1190
1191
1192
1194
1195
1196
1197
1198
1199
1200
1201
1203
1206
1208
1209
1212
1214
1215
1216
1217
1218
1219
1220
1221
1222
1223
1224
1226
1228
1229
1230
1231
1232
1235
1236
1237
1238
1239
1241
1242
1244
1245
1246
1247
1248
1249
1250
1251
1254
1255
1256
1257
1260
1261
1262
1263
1264
1265
1266
1267
1268
1270
1271
1272
1273
1274
1275
1276
1277
1278
1280
1281
1282
1283
1284
1285
1287
1288
1292
1294
1295
1296
1297
1298
1299
1300
1301
1302
1303
1305
1306
1307
1310
1311
1312
1313
1314
1317
1318
1319
1321
1322
1323
1326
1327
1330
1331
1332
1333
1334
1335
1336
1338
1341
1342
1343
1344
1345
1346
1348
1350
1351
1353
1357
1358
1359
1361
1367
1368
1369
1370
1372
1374
1375
1376
1378
1379
1381
1382
1383
1385
1386
1387
1389
1391
1392
1393
1394
1395
1397
1399
1403
1404
1405
1406
1407
1408
1409
1410
1411
1412
1413
1414
1415
1416
1417
1418
1420
1422
1423
1424
1425
1426
1428
1429
1430
1431
1432
1433
1435
1436
1437
1438
1441
1442
1443
1446
1447
1448
1450
1452
1453
1454
1455
1457
1458
1459
1460
1462
1463
1464
1465
1466
1467
1469
1470
1471
1472
1474
1475
1476
1477
1478
1479
1480
1481
1484
1485
1486
1488
1489
1490
1492
1493
1495
1496
1498
1499
1501
1502
1503
1504
1505
1506
1507
1508
1509
1511
1514
1515
1516
1518
1519
1520
1521
1522
1523
1525
1527
1528
1529
1530
1531
1532
1533
1536
1537
1538
1539
1540
1541
1543
1544
1545
1546
1547
1548
1550
1552
1554
1556
1557
1558
1560
1561
1562
1563
1564
1565
1566
1567
1568
1569
1571
1572
1573
1575
1576
1577
1580
1581
1582
1584
1585
1587
1588
1589
1591
1592
1593
1597
1598
1600
1601
1603
1604
1605
1607
1608
1609
1610
1611
1612
1615
1616
1617
1618
1619
1620
1621
1624
1625
1626
1627
1628
1629
1631
1632
1635
1636
1637
1638
1639
1640
1642
1643
1644
1645
1646
1647
1648
1649
1651
1652
1653
1654
1655
1656
1657
1658
1659
1660
1661
1662
1664
1667
1668
1669
1670
1671
1672
1673
1675
1677
1678
1681
1683
1684
1685
1687
1688
1689
1692
1693
1695
1696
1697
1698
1699
1700
1702
1704
1705
1706
1707
1708
1712
1714
1715
1716
1717
1718
1719
1721
1722
1724
1726
1728
1729
1730
1732
1733
1734
1737
1738
1739
1740
1741
1745
1746
1747
1748
1749
1750
1751
1752
1754
1757
1758
1760
1761
1762
1763
1764
1765
1766
1767
1768
1770
1772
1773
1774
1777
1778
1779
1780
1781
1782
1784
1787
1788
1789
1791
1792
1793
1795
1796
1797
1798
1800
1801
1802
1804
1805
1806
1807
1808
1810
1811
1812
1813
1814
1815
1817
1819
1820
1822
1823
1824
1826
1827
1828
1830
1831
1832
1833
1834
1835
1836
1838
1839
1840
1841
1842
1845
1846
1847
1848
1849
1850
1851
1852
1853
1856
1857
1859
1860
1861
1862
1864
1867
1869
1870
1871
1872
1873
1877
1878
1879
1880
1882
1884
1885
1886
1887
1889
1890
1891
1892
1893
1894
1895
1896
1897
1898
1899
1900
1901
1902
1903
1904
1905
1908
1910
1911
1912
1913
1914
1915
1916
1917
1918
1920
1921
1922
1924
1925
1928
1929
1930
1932
1933
1934
1936
1937
1938
1940
1942
1943
1944
1945
1946
1947
1948
1949
1952
1954
1955
1956
1957
1958
1959
1960
1962
1963
1964
1965
1966
1968
1969
1971
1972
1973
1974
1975
1976
1977
1978
1979
1980
1981
1982
1984
1988
1989
1990
1991
1992
1993
1994
1995
1996
1998
1999
2000
2001
2002
2003
2004
2005
2006
2007
2008
2009
2010
2011
2012
2013
2014
2015
2016
2017
2018
2019
2020
2021
2022
2023
2024
2025
2026
2027
2028
2029
2030
2031
2032
2033
2035
2036
2037
2038
2039
2040
2041
2042
2043
2044
2045
2046
2047
2049
2050
2051
2052
2053
2054
2055
2056
2058
2059
2060
2061
2062
2063
2064
2065
2066
2067
2068
2069
2070
2071
2072
2073
2074
2075
2076
2077
2078
2079
2080
2081
2082
2083
2084
