1
2
3
4
6
7
8
9
10
13
14
15
17
18
25
26
29
31
32
33
34
35
37
38
40
43
44
45
46
47
49
50
51
55
56
57
58
59
60
62
64
66
67
68
69
70
72
73
74
75
76
77
78
79
80
81
82
83
85
86
87
88
89
90
91
92
93
94
95
96
97
99
100
101
102
103
104
105
107
108
110
111
113
115
116
117
119
122
123
124
125
126
127
132
133
134
135
137
138
139
141
143
144
146
149
150
151
153
155
156
158
160
161
162
163
164
165
166
168
170
171
172
173
174
175
176
178
179
182
183
185
187
188
190
191
192
194
195
196
197
198
199
200
201
202
203
204
205
206
208
209
211
213
214
216
217
218
219
220
221
222
224
225
226
227
229
232
233
235
236
237
239
241
242
243
247
248
249
250
251
252
253
255
256
257
258
259
261
262
263
265
266
267
268
269
270
271
272
273
274
276
278
279
280
281
282
283
284
285
286
287
288
290
291
292
294
295
296
297
298
299
300
301
303
304
305
306
308
309
310
311
313
315
316
318
320
323
324
325
326
328
329
330
331
332
333
335
336
339
340
342
344
346
348
351
352
353
354
355
356
357
358
359
360
361
362
363
364
365
366
367
368
369
370
371
372
373
374
375
376
377
378
379
381
382
383
384
385
387
388
389
390
392
393
394
396
398
399
400
401
404
405
406
407
409
410
411
412
413
415
416
417
419
420
421
422
424
425
426
428
429
430
431
432
433
434
435
436
437
438
439
440
441
442
444
445
446
447
448
450
451
452
453
454
456
457
458
459
460
462
463
464
465
466
467
469
470
472
473
475
476
477
479
480
481
482
483
484
485
486
487
490
491
492
493
494
495
496
497
498
500
501
502
503
504
505
506
509
510
512
513
514
515
518
519
520
521
522
523
525
526
528
529
530
532
534
536
537
541
542
543
544
545
547
548
549
550
551
553
554
555
557
558
559
560
562
563
564
565
567
568
569
571
572
574
575
576
579
580
583
584
585
586
587
588
591
592
593
595
596
598
599
600
601
602
603
604
605
606
607
608
609
610
612
613
614
619
620
621
622
625
627
628
629
631
632
633
634
635
636
639
641
642
644
645
647
648
649
651
652
653
654
655
656
657
659
660
661
663
664
665
667
668
669
670
671
673
674
675
677
678
679
680
681
682
683
684
685
687
688
689
691
693
694
695
696
697
700
701
703
704
705
706
709
710
711
712
713
714
715
716
717
719
720
721
722
723
728
729
730
731
732
733
734
735
738
739
741
742
743
745
746
747
749
752
753
755
758
759
761
762
766
768
769
770
771
773
774
775
776
778
779
780
782
783
784
788
789
790
791
792
793
795
796
797
800
801
802
803
804
805
807
809
810
812
813
814
816
817
818
819
821
822
823
824
825
827
829
830
831
832
833
835
836
837
840
841
842
845
846
847
848
849
850
851
853
854
855
858
859
860
861
862
863
864
865
868
870
872
874
875
877
878
880
881
882
883
885
886
889
890
892
893
895
897
899
901
902
903
904
905
906
908
909
910
911
912
913
917
918
919
920
921
923
924
925
926
927
928
929
930
932
934
935
936
937
938
939
940
943
945
947
948
950
952
953
954
956
958
959
960
961
962
963
964
965
966
967
968
970
971
974
975
977
979
980
982
983
984
985
988
989
990
991
994
995
996
997
999
1000
1003
1004
1005
1006
1007
1008
1009
1010
1011
1012
1013
1016
1017
1018
1019
1020
1021
1022
1023
1024
1025
1026
1029
1033
1034
1035
1036
1037
1039
1041
1043
1044
1046
1047
1049
1050
1051
1052
1053
1055
1057
1058
1059
1060
1061
1062
1063
1064
1065
1066
1067
1069
1070
1071
1072
1073
1074
1075
1077
1079
1080
1082
1083
1084
1086
1087
1088
1089
1090
1091
1093
1096
1097
1099
1101
1102
1103
1105
1106
1107
1109
1110
1112
1117
1118
1120
1122
1123
1124
1127
1128
1130
1132
1133
1134
1135
1136
1137
1138
1139
1140
1141
1142
1143
1144
1145
1146
1148
1149
1150
1151
1153
1154
1157
1159
1160
1164
1165
1166
1167
1168
1169
1170
1171
1172
1175
1176
1177
1178
1179
1180
1182
1183
1184
1185
1186
1190
1191
1192
1193
1194
1197
1199
1200
1201
1202
1203
1204
1205
1206
1207
1208
1209
1210
1211
1212
1213
1214
1215
1216
1217
1218
1219
1220
1221
1222
1223
1224
1225
1226
1227
1228
1231
1232
1234
1235
1236
1237
1238
1239
1240
1241
1243
1244
1247
1249
1251
1252
1254
1255
1259
1260
1261
1262
1265
1268
1269
1270
1272
1273
1274
1275
1276
1277
1278
1280
1281
1282
1285
1286
1287
1288
1289
1291
1292
1294
1295
1298
1299
1300
1301
1302
1303
1304
1305
1306
1307
1312
1313
1314
1315
1317
1318
1319
1321
1323
1326
1327
1329
1330
1331
1332
1333
1334
1336
1337
1338
1339
1340
1341
1342
1343
1344
1345
1347
1350
1351
1352
1354
1356
1357
1358
1361
1362
1365
1366
1367
1369
1370
1371
1372
1373
1376
1377
1378
1379
1382
1383
1385
1386
1387
1389
1390
1391
1392
1393
1394
1395
1396
1397
1398
1399
1400
1402
1403
1404
1405
1406
1408
1409
1410
1411
1412
1413
1415
1416
1417
1420
1421
1422
1423
1424
1425
1426
1427
1429
1431
1432
1434
1436
1438
1439
1441
1442
1444
1446
1447
1448
1449
1450
1452
1453
1455
1457
1460
1461
1462
1464
1466
1467
1468
1470
1471
1472
1473
1474
1475
1476
1477
1478
1479
1480
1481
1483
1484
1485
1486
1487
1488
1489
1490
1491
1492
1493
1496
1498
1500
1501
1502
1505
1506
1507
1508
1509
1510
1511
1512
1514
1515
1516
1517
1518
1519
1520
1521
1522
1523
1524
1526
1527
1528
1529
1530
1531
1532
1534
1535
1536
1537
1538
1539
1540
1541
1542
1543
1544
1547
1548
1549
1550
1551
1552
1553
1554
1555
1557
1558
1560
1561
1562
1563
1564
1565
1566
1567
1568
1569
1571
1572
1573
1574
1575
1577
1578
1581
1583
1584
1585
1587
1588
1589
1590
1591
1592
1593
1595
1596
1597
1599
1600
1601
1602
1604
1606
1608
1609
1611
1612
1613
1614
1615
1617
1618
1620
1621
1622
1623
1624
1625
1626
1627
1628
1629
1631
1632
1636
1637
1638
1639
1640
1643
1644
1646
1647
1648
1649
1650
1651
1653
1654
1655
1659
1660
1662
1663
1664
1666
1667
1668
1669
1670
1671
1672
1674
1675
1676
1677
1680
1682
1683
1684
1688
1690
1691
1693
1694
1696
1697
1698
1700
1701
1702
1703
1704
1705
1707
1708
1711
1712
1713
1714
1715
1716
1717
1718
1719
1720
1721
1723
1724
1726
1727
1728
1729
1730
1731
1733
1734
1735
1736
1737
1738
1739
1740
1741
1742
1743
1744
1745
1746
1747
1749
1750
1751
1752
1753
1754
1755
1756
1759
1763
1764
1765
1766
1767
1768
1769
1772
1774
1777
1779
1782
1783
1785
1786
1787
1788
1789
1790
1792
1794
1795
1796
1797
1799
1800
1801
1806
1808
1809
1810
1811
1812
1814
1816
1817
1818
1819
1820
1821
1822
1823
1825
1826
1828
1829
1831
1832
1833
1835
1836
1837
1838
1839
1841
1842
1843
1844
1845
1846
1847
1849
1852
1853
1854
1855
1856
1857
1858
1859
1861
1862
1863
1864
1865
1866
1868
1870
1872
1874
1875
1876
1879
1880
1881
1884
1885
1886
1887
1888
1889
1892
1893
1894
1895
1896
1897
1898
1899
1900
1902
1904
1905
1906
1907
1908
1909
1910
1912
1913
1914
1917
1919
1920
1922
1923
1924
1925
1926
1927
1928
1929
1930
1932
1933
1935
1941
1942
1943
1944
1945
1946
1947
1948
1950
1951
1954
1955
1957
1959
1960
1961
1962
1963
1964
1966
1967
1968
1969
1970
1973
1974
1975
1976
1977
1978
1979
1980
1981
1982
1984
1985
1986
1987
1988
1990
1991
1992
1994
1995
1996
1998
2000
2001
2002
2003
2004
2005
2007
2008
2009
2010
2011
2012
2013
2014
2015
2016
2017
2018
2019
2020
2021
2022
2023
2024
2025
2026
2027
2028
2029
2030
2031
2032
2033
2034
2035
2036
2037
2038
2039
2040
2041
2043
2044
2045
2046
2047
2048
2049
2050
2051
2052
2053
2054
2055
2056
2057
2058
2059
2061
2062
2063
2064
2065
2067
2068
2069
2070
2071
2072
2073
2074
2075
2076
2077
2078
2079
2080
2081
2082
2083
2084
