2
10
14
22
32
40
47
48
53
56
62
72
73
80
81
91
93
97
99
103
107
108
111
129
130
131
135
136
137
139
142
144
146
150
156
157
158
160
163
166
170
178
181
187
188
195
202
205
206
214
218
219
225
228
236
244
246
253
254
259
260
262
269
274
276
281
283
284
288
289
294
298
300
301
304
308
315
324
326
331
339
358
361
363
367
368
369
376
377
379
383
384
385
386
388
390
392
399
404
405
411
413
414
415
417
429
436
438
450
454
466
468
472
473
479
481
482
487
489
496
497
499
510
513
515
517
518
521
527
537
541
545
546
548
549
552
555
561
568
569
574
580
591
594
598
600
604
609
615
619
620
621
624
632
646
650
656
665
676
685
691
693
697
699
704
716
720
728
732
743
747
749
752
759
764
769
773
775
778
780
782
785
786
792
794
796
797
799
801
808
811
819
821
823
825
826
833
838
856
862
864
874
877
878
886
887
888
900
902
905
911
918
919
922
925
927
928
933
934
935
936
937
938
945
949
950
955
961
962
966
971
977
980
985
990
994
997
1004
1006
1010
1018
1019
1022
1039
1043
1044
1045
1050
1058
1063
1064
1066
1078
1083
1089
1090
1091
1095
1100
1102
1105
1109
1115
1119
1122
1124
1132
1138
1139
1144
1145
1146
1149
1153
1156
1160
1161
1166
1171
1177
1180
1190
1192
1195
1204
1207
1212
1213
1220
1227
1231
1235
1246
1248
1252
1255
1256
1262
1268
1275
1280
1286
1288
1292
1296
1304
1309
1314
1318
1320
1322
1324
1325
1328
1330
1333
1343
1347
1357
1366
1367
1369
1370
1380
1385
1391
1392
1396
1398
1405
1406
1417
1421
1424
1425
1432
1435
1436
1438
1447
1452
1455
1456
1457
1461
1462
1468
1469
1471
1477
1483
1490
1491
1496
1497
1507
1515
1518
1519
1521
1523
1533
1535
1536
1537
1545
1554
1559
1565
1573
1582
1583
1584
1590
1593
1597
1599
1600
1608
1610
1615
1623
1626
1629
1641
1644
1646
1647
1651
1655
1661
1668
1671
1678
1684
1687
1692
1696
1705
1717
1718
1722
1724
1727
1731
1734
1744
1750
1752
1756
1765
1767
1770
1772
1773
1780
1783
1787
1790
1793
1795
1798
1800
1802
1804
1806
1818
1820
1821
1824
1827
1833
1836
1839
1841
1842
1847
1852
1863
1864
1866
1874
1898
1901
1905
1918
1919
1923
1928
1931
1933
1935
1945
1955
1960
1962
1963
1964
1965
1968
1969
1970
1972
1983
1993
1995
1996
2000
2002
2005
2007
2008
2012
2013
2015
2017
2019
2021
2023
2024
2025
2026
2027
2028
2029
2030
2031
2034
2036
2037
2038
2039
2040
2041
2042
2044
2049
2050
2051
2052
2053
2055
2057
2059
2060
2061
2062
2063
2064
2065
2066
2071
2072
2073
2075
2076
2078
2079
2081
2083
2084
