46
69
82
83
88
93
108
113
116
132
136
139
144
146
147
184
205
218
222
229
242
244
253
301
306
345
356
357
358
363
367
369
389
399
400
416
422
430
431
438
445
462
464
488
494
509
510
527
581
593
595
596
600
631
632
683
686
691
704
728
733
746
753
777
778
783
784
786
827
832
844
873
877
886
888
893
909
922
939
975
986
998
1006
1008
1024
1026
1033
1039
1040
1051
1052
1060
1066
1101
1107
1143
1146
1153
1167
1183
1188
1195
1220
1225
1253
1262
1272
1279
1291
1301
1308
1313
1316
1333
1356
1360
1367
1380
1389
1397
1427
1432
1442
1447
1460
1464
1520
1528
1538
1549
1553
1575
1576
1592
1602
1608
1617
1623
1642
1644
1657
1666
1667
1669
1684
1685
1700
1716
1727
1732
1735
1741
1743
1762
1765
1783
1789
1812
1822
1852
1863
1880
1895
1927
1962
1963
1971
1981
2000
2001
2003
2005
2008
2009
2010
2012
2013
2014
2016
2022
2023
2025
2028
2031
2033
2035
2036
2038
2039
2040
2043
2044
2045
2047
2048
2050
2051
2057
2061
2067
2068
2072
2073
2075
2076
2080
2081
2083
