1
2
3
5
6
11
17
20
23
24
25
26
28
30
31
33
34
35
37
38
40
41
42
43
45
46
49
52
54
56
60
62
63
64
66
67
69
73
75
77
78
79
81
82
83
85
91
92
93
94
95
100
101
102
103
104
105
109
110
111
112
113
114
118
119
120
121
122
123
125
126
128
129
130
131
132
133
136
137
138
139
141
142
144
146
149
150
151
153
158
160
163
164
165
167
169
170
173
174
175
177
178
183
188
194
196
197
199
205
206
207
210
211
212
213
217
218
222
223
225
227
231
236
241
245
246
252
255
256
257
260
261
262
263
264
267
270
273
274
275
278
279
284
285
288
291
292
294
295
296
297
298
300
301
304
306
310
312
317
318
322
324
326
329
331
334
336
339
340
343
345
346
347
350
359
360
364
366
367
368
371
372
373
374
377
379
383
384
387
388
393
396
397
399
403
404
406
407
409
411
414
416
418
419
420
421
424
428
429
430
433
434
437
439
442
445
448
450
452
453
455
456
458
461
462
465
467
468
471
474
475
478
481
482
486
487
488
489
490
494
495
496
497
499
502
503
504
508
509
513
515
516
517
518
520
525
526
527
528
529
530
533
534
535
539
541
542
543
546
547
549
556
560
561
563
564
565
569
573
577
578
579
581
583
584
588
590
592
593
594
595
596
598
600
602
603
604
605
608
609
611
612
613
619
620
621
625
627
629
631
632
634
635
637
638
641
644
646
650
653
655
657
660
665
669
671
672
673
676
677
678
680
681
683
684
688
693
694
695
696
698
699
700
701
704
707
708
709
715
718
719
720
722
723
728
729
730
732
734
736
739
742
744
745
747
749
751
753
754
755
756
759
760
761
762
765
766
768
769
770
771
777
778
779
780
781
782
783
784
785
786
787
790
797
801
802
803
804
809
811
812
813
815
818
819
820
821
822
823
824
825
831
834
835
836
837
838
840
842
843
844
845
848
850
854
856
858
864
866
868
869
870
871
872
873
874
876
877
878
880
882
886
888
891
893
895
896
901
902
904
905
908
909
910
911
913
914
915
916
917
921
923
927
932
933
934
938
941
946
949
950
957
963
965
966
967
968
971
976
978
979
981
982
984
985
987
990
994
997
998
1002
1003
1004
1005
1006
1008
1010
1012
1013
1014
1016
1017
1018
1019
1020
1023
1024
1025
1027
1028
1030
1032
1033
1037
1043
1044
1048
1050
1051
1052
1062
1064
1065
1067
1070
1077
1078
1081
1082
1084
1087
1088
1089
1091
1092
1093
1096
1104
1106
1108
1109
1110
1117
1118
1119
1120
1121
1124
1127
1128
1129
1131
1138
1139
1140
1141
1143
1148
1154
1160
1161
1162
1164
1166
1167
1168
1170
1171
1177
1178
1180
1181
1184
1186
1187
1188
1190
1195
1196
1198
1202
1203
1205
1209
1212
1214
1216
1217
1218
1220
1222
1224
1228
1232
1234
1235
1236
1239
1240
1242
1244
1246
1248
1250
1253
1256
1258
1260
1264
1265
1267
1268
1277
1278
1281
1283
1286
1288
1289
1290
1292
1293
1295
1297
1298
1299
1301
1302
1303
1305
1306
1307
1308
1311
1313
1315
1316
1317
1319
1320
1325
1328
1333
1334
1335
1337
1342
1343
1345
1349
1352
1355
1356
1357
1358
1363
1366
1369
1370
1375
1379
1387
1388
1389
1390
1392
1396
1399
1401
1402
1406
1407
1412
1417
1418
1419
1420
1421
1423
1425
1428
1429
1430
1432
1433
1434
1436
1438
1439
1440
1441
1443
1448
1449
1450
1452
1458
1459
1461
1462
1463
1466
1468
1469
1471
1473
1474
1475
1476
1477
1481
1482
1483
1484
1489
1491
1493
1494
1495
1496
1498
1499
1500
1501
1503
1505
1506
1507
1508
1511
1517
1518
1519
1522
1523
1524
1531
1536
1537
1538
1543
1544
1545
1547
1549
1551
1555
1557
1558
1559
1564
1565
1566
1568
1570
1582
1583
1587
1588
1589
1590
1593
1600
1601
1603
1604
1605
1609
1611
1612
1614
1617
1618
1619
1620
1622
1624
1632
1634
1636
1639
1644
1646
1647
1649
1650
1651
1652
1653
1654
1655
1656
1657
1658
1660
1661
1663
1664
1665
1668
1670
1671
1673
1677
1678
1680
1681
1683
1684
1685
1686
1688
1689
1690
1691
1693
1694
1698
1700
1703
1704
1705
1706
1707
1708
1710
1711
1712
1716
1718
1721
1722
1723
1724
1725
1727
1728
1730
1734
1736
1738
1743
1744
1745
1748
1751
1752
1753
1755
1756
1763
1764
1765
1766
1768
1769
1771
1772
1773
1775
1777
1778
1780
1781
1783
1784
1785
1787
1788
1789
1791
1794
1803
1804
1807
1808
1810
1811
1812
1815
1820
1821
1822
1824
1827
1829
1830
1831
1833
1835
1838
1839
1840
1844
1845
1848
1852
1857
1859
1860
1861
1863
1864
1867
1871
1872
1875
1876
1880
1881
1884
1885
1887
1888
1890
1894
1895
1898
1901
1902
1906
1908
1913
1916
1918
1923
1924
1925
1928
1930
1931
1934
1935
1936
1941
1945
1947
1948
1949
1950
1957
1958
1961
1962
1963
1964
1965
1968
1969
1970
1971
1972
1973
1974
1975
1977
1978
1979
1980
1981
1982
1986
1988
1991
1994
1996
1998
2000
2001
2002
2003
2004
2007
2008
2009
2010
2011
2012
2013
2014
2015
2016
2018
2019
2020
2021
2022
2023
2025
2026
2027
2028
2029
2030
2031
2032
2033
2034
2035
2036
2037
2038
2040
2041
2042
2043
2044
2045
2046
2047
2048
2049
2050
2051
2052
2053
2055
2056
2057
2058
2059
2060
2061
2062
2063
2064
2065
2067
2068
2069
2070
2071
2072
2073
2074
2075
2076
2078
2080
2081
2082
2083
