1
2
3
4
5
8
9
10
11
13
14
15
16
17
18
19
21
22
23
24
25
29
31
32
33
34
35
38
39
41
42
43
44
45
47
48
50
51
53
54
55
56
58
59
61
62
63
65
66
67
68
69
70
71
73
74
75
77
80
81
82
83
84
85
87
88
89
91
92
93
94
95
96
97
98
99
101
102
104
105
106
107
108
110
112
113
114
115
116
120
121
122
124
125
127
128
129
130
132
133
135
136
137
138
139
142
143
144
145
146
147
150
151
153
155
156
157
160
162
163
166
168
169
170
172
173
175
176
177
179
180
181
182
183
185
186
190
191
192
193
194
197
198
199
200
201
202
203
204
206
207
208
209
211
213
215
216
217
218
219
220
221
222
223
224
225
226
227
228
229
230
232
234
236
237
238
239
240
241
243
244
246
247
248
249
252
253
254
255
256
257
259
260
261
263
264
268
269
271
272
273
274
275
277
278
279
280
282
283
284
285
286
287
288
289
290
291
292
293
294
297
298
300
301
302
304
305
306
307
309
311
312
313
314
317
318
319
321
322
323
324
326
327
329
330
331
333
334
336
337
338
339
340
341
342
343
344
347
348
349
350
351
352
353
354
355
357
358
359
360
361
362
363
364
365
366
370
371
372
373
376
377
379
380
381
383
385
386
387
388
389
392
393
394
396
397
398
399
400
401
404
405
406
407
409
410
411
412
413
414
415
416
418
419
420
421
422
423
424
425
427
428
429
431
432
433
434
436
437
439
440
441
442
444
445
447
448
449
450
451
452
454
455
457
459
460
462
463
465
466
470
472
474
477
479
480
481
482
483
488
489
490
491
492
493
495
496
497
498
499
501
502
505
506
507
508
509
510
511
512
515
517
518
520
523
525
528
529
531
532
534
535
537
538
539
540
541
542
543
545
546
547
548
550
551
553
554
555
558
559
560
562
563
565
566
568
570
572
573
574
577
578
579
582
583
584
586
587
589
590
591
593
595
596
598
600
601
602
603
604
606
607
612
613
614
615
616
617
620
621
622
624
626
627
629
630
632
633
634
635
636
638
639
640
643
644
646
647
648
649
650
651
653
654
655
656
657
658
660
661
662
663
665
667
668
670
671
673
674
676
677
678
681
683
684
685
686
687
688
689
690
691
692
693
694
695
696
698
699
700
701
702
704
705
706
708
709
710
711
712
713
714
715
716
717
718
719
720
721
722
723
725
726
728
729
730
731
732
733
734
735
738
740
741
743
744
745
746
747
748
749
750
751
752
753
754
755
756
758
760
762
763
764
765
767
769
770
771
772
773
774
777
778
779
781
782
783
784
785
786
787
788
789
790
791
792
794
795
796
797
799
800
801
802
803
805
806
807
808
809
810
811
812
813
815
816
817
819
820
822
823
824
826
827
828
829
830
831
832
833
834
835
836
837
838
839
840
841
842
843
845
849
850
851
853
854
855
857
858
859
860
861
862
863
864
865
867
868
869
870
871
874
875
876
877
878
880
881
882
883
884
885
886
887
888
889
890
892
893
895
896
897
898
900
901
902
904
905
906
908
909
910
911
912
913
914
915
916
917
918
919
921
922
923
926
927
928
929
930
931
932
934
937
938
940
941
943
944
945
946
948
949
951
954
956
957
958
965
966
967
968
971
973
974
975
976
977
978
979
980
982
983
984
985
986
987
988
989
990
992
993
995
996
997
998
999
1000
1002
1004
1005
1006
1007
1008
1010
1012
1013
1014
1015
1016
1018
1019
1020
1021
1024
1025
1026
1027
1028
1029
1030
1032
1033
1034
1035
1036
1038
1039
1040
1041
1042
1044
1045
1046
1047
1048
1050
1051
1052
1056
1057
1058
1059
1060
1061
1062
1063
1065
1066
1067
1069
1070
1071
1072
1074
1075
1076
1077
1080
1081
1083
1085
1089
1090
1091
1094
1096
1097
1098
1099
1102
1103
1104
1106
1107
1108
1109
1110
1111
1113
1114
1115
1116
1117
1118
1119
1120
1121
1125
1126
1128
1132
1133
1134
1135
1136
1137
1140
1141
1142
1143
1144
1145
1146
1147
1148
1149
1150
1151
1153
1154
1155
1157
1158
1160
1161
1162
1163
1164
1165
1166
1167
1168
1169
1170
1172
1173
1174
1175
1176
1177
1178
1179
1180
1181
1182
1183
1184
1185
1186
1187
1190
1191
1192
1193
1195
1197
1199
1200
1201
1202
1203
1205
1206
1208
1209
1212
1213
1214
1215
1216
1217
1218
1219
1220
1221
1222
1223
1225
1226
1227
1229
1231
1233
1234
1236
1237
1238
1239
1241
1242
1243
1244
1246
1247
1248
1249
1250
1251
1252
1253
1254
1255
1257
1258
1259
1260
1262
1263
1264
1267
1268
1269
1270
1271
1272
1274
1276
1277
1278
1279
1280
1281
1282
1285
1286
1288
1292
1293
1295
1296
1297
1298
1299
1300
1302
1303
1305
1306
1308
1310
1314
1316
1317
1319
1320
1321
1322
1323
1324
1327
1328
1329
1332
1333
1334
1335
1336
1339
1341
1342
1343
1347
1348
1349
1350
1351
1352
1353
1354
1355
1356
1357
1358
1359
1360
1361
1363
1364
1365
1368
1369
1370
1371
1373
1374
1377
1378
1379
1380
1382
1383
1385
1386
1387
1388
1389
1390
1392
1393
1394
1395
1396
1397
1398
1399
1400
1401
1402
1403
1404
1405
1406
1409
1411
1413
1414
1415
1416
1417
1418
1419
1420
1421
1422
1423
1424
1425
1426
1427
1429
1431
1433
1434
1436
1437
1438
1439
1440
1441
1444
1445
1446
1447
1448
1449
1450
1451
1453
1454
1455
1456
1457
1458
1459
1460
1461
1462
1463
1467
1468
1469
1473
1474
1475
1476
1477
1478
1482
1483
1484
1485
1486
1487
1488
1489
1491
1492
1495
1496
1497
1498
1499
1500
1501
1503
1504
1505
1506
1507
1509
1510
1511
1512
1514
1515
1516
1518
1520
1521
1522
1523
1524
1526
1527
1530
1531
1532
1533
1534
1535
1536
1538
1539
1542
1543
1544
1546
1547
1548
1549
1552
1554
1555
1556
1559
1560
1561
1562
1563
1564
1565
1566
1567
1568
1569
1570
1571
1572
1574
1575
1576
1578
1581
1582
1585
1586
1587
1589
1590
1591
1592
1593
1594
1596
1602
1603
1604
1605
1606
1608
1610
1611
1613
1614
1615
1618
1620
1621
1622
1623
1624
1627
1628
1629
1630
1631
1632
1636
1637
1638
1639
1640
1644
1646
1647
1648
1649
1650
1652
1653
1654
1655
1657
1658
1659
1660
1661
1662
1663
1664
1666
1669
1670
1672
1674
1676
1678
1679
1680
1681
1682
1684
1687
1688
1689
1690
1691
1693
1694
1695
1696
1697
1698
1699
1700
1701
1702
1703
1704
1706
1707
1708
1709
1710
1711
1712
1715
1716
1718
1719
1722
1725
1726
1727
1728
1730
1732
1733
1734
1735
1737
1739
1740
1741
1744
1745
1746
1747
1748
1749
1750
1752
1753
1754
1756
1757
1758
1759
1760
1762
1763
1764
1765
1766
1767
1768
1769
1770
1771
1772
1773
1774
1777
1778
1779
1780
1781
1782
1783
1784
1786
1787
1789
1790
1791
1792
1793
1795
1796
1798
1799
1800
1801
1802
1803
1804
1806
1807
1808
1810
1811
1812
1814
1815
1818
1820
1821
1822
1825
1827
1828
1829
1831
1832
1833
1835
1837
1838
1839
1840
1841
1842
1843
1844
1846
1847
1850
1853
1857
1859
1860
1861
1862
1864
1865
1866
1867
1868
1870
1872
1874
1875
1876
1877
1878
1879
1880
1881
1883
1884
1886
1888
1889
1890
1891
1892
1893
1894
1895
1896
1900
1903
1905
1906
1907
1909
1911
1912
1913
1914
1916
1917
1918
1919
1921
1923
1924
1925
1927
1928
1929
1931
1932
1934
1935
1936
1937
1938
1939
1940
1941
1942
1943
1946
1947
1948
1953
1954
1955
1956
1957
1958
1959
1960
1961
1962
1963
1964
1965
1967
1969
1971
1972
1974
1977
1978
1979
1980
1981
1982
1983
1984
1985
1987
1988
1989
1991
1992
1993
1994
1995
1997
1998
2000
2001
2002
2003
2004
2005
2006
2007
2008
2009
2010
2011
2013
2014
2015
2016
2017
2018
2019
2020
2021
2022
2023
2024
2025
2026
2027
2028
2029
2030
2031
2032
2033
2034
2035
2036
2037
2038
2039
2040
2041
2042
2043
2044
2045
2046
2047
2048
2049
2050
2051
2052
2053
2054
2055
2056
2058
2059
2061
2062
2063
2064
2065
2066
2067
2068
2069
2070
2071
2072
2073
2074
2075
2076
2078
2079
2080
2081
2082
2083
