10
13
14
15
17
18
22
25
30
35
38
42
43
45
46
59
60
65
66
70
76
83
87
94
97
99
101
102
105
111
112
114
115
120
122
123
125
126
127
129
141
142
148
157
166
169
173
174
178
179
185
190
192
196
198
210
211
215
225
228
236
251
252
253
260
261
265
266
279
289
290
292
294
301
311
312
316
321
335
336
340
346
347
366
368
379
380
395
397
399
400
404
406
409
415
416
420
428
429
450
455
469
472
487
488
489
500
501
514
518
525
526
534
536
543
548
549
550
552
553
555
559
560
563
564
565
568
575
581
584
591
598
603
604
605
607
609
613
629
632
634
640
653
665
671
681
682
683
684
688
690
691
699
708
715
720
722
723
730
731
739
745
746
751
752
753
759
763
764
767
771
774
775
782
783
786
788
792
793
797
803
812
818
823
827
828
829
834
840
848
850
857
864
869
870
872
882
887
901
903
908
915
918
923
934
938
940
948
950
954
968
975
979
982
984
989
993
994
997
999
1004
1006
1012
1016
1019
1039
1044
1047
1049
1050
1059
1061
1062
1066
1076
1082
1089
1094
1096
1100
1101
1102
1103
1108
1109
1110
1111
1113
1122
1127
1128
1132
1140
1143
1145
1153
1154
1161
1164
1171
1175
1178
1181
1185
1194
1196
1197
1202
1203
1207
1208
1210
1213
1216
1218
1220
1221
1222
1224
1228
1231
1232
1246
1254
1264
1268
1269
1275
1290
1292
1295
1296
1299
1300
1301
1310
1312
1313
1319
1334
1339
1342
1343
1353
1355
1356
1357
1376
1380
1383
1393
1399
1403
1420
1421
1427
1432
1443
1446
1454
1458
1459
1468
1469
1472
1473
1475
1476
1477
1481
1483
1491
1494
1496
1499
1500
1501
1504
1522
1524
1529
1532
1537
1538
1541
1546
1547
1548
1551
1553
1568
1578
1583
1591
1594
1602
1621
1628
1636
1637
1640
1643
1647
1649
1650
1651
1653
1660
1666
1667
1674
1682
1692
1700
1708
1709
1737
1744
1746
1747
1752
1754
1756
1759
1762
1764
1765
1771
1775
1777
1781
1788
1791
1792
1793
1807
1814
1818
1822
1826
1829
1839
1844
1849
1852
1856
1857
1858
1861
1866
1875
1886
1894
1895
1896
1905
1911
1918
1919
1921
1922
1925
1930
1933
1944
1945
1951
1954
1958
1964
1965
1967
1969
1970
1976
1981
1984
1987
1994
1996
1998
2000
2001
2002
2003
2004
2005
2006
2007
2008
2009
2010
2011
2012
2013
2014
2015
2016
2017
2018
2019
2020
2022
2023
2024
2025
2027
2028
2030
2031
2032
2033
2034
2035
2036
2037
2038
2039
2040
2041
2042
2043
2044
2045
2046
2047
2048
2049
2050
2051
2052
2054
2055
2056
2057
2058
2059
2061
2062
2063
2064
2065
2066
2067
2068
2069
2070
2071
2072
2073
2074
2075
2076
2077
2078
2079
2080
2081
2082
2083
2084
