0
1
2
3
11
12
13
16
17
19
20
21
25
26
28
29
30
33
37
39
41
42
43
44
46
48
51
54
56
58
60
61
62
64
65
66
67
69
72
73
76
79
81
82
83
88
92
93
95
96
99
100
104
106
115
116
117
121
122
124
126
127
130
136
138
139
142
147
149
150
151
152
156
160
162
164
166
170
175
176
177
179
180
182
184
188
191
192
194
196
197
200
204
205
209
210
211
213
222
223
225
227
230
232
235
236
237
242
243
244
245
249
250
252
261
263
264
265
268
269
273
276
280
281
283
286
287
288
289
290
291
295
297
300
303
307
308
309
310
312
314
317
321
322
324
325
330
331
333
335
336
339
341
342
345
347
348
350
351
352
353
355
357
359
360
361
367
371
380
387
389
393
394
395
398
399
400
404
406
407
415
420
424
428
429
430
431
433
434
436
438
439
441
442
443
445
448
451
452
453
454
457
460
463
465
469
473
474
475
478
481
482
484
486
487
488
490
491
492
493
494
496
498
499
500
503
504
505
506
508
510
513
514
515
516
517
518
519
524
527
529
531
533
534
535
536
541
543
544
545
546
553
556
558
559
561
563
564
565
568
570
573
574
577
578
579
580
582
583
584
586
588
593
594
595
596
597
598
600
601
605
608
611
612
613
615
616
617
625
627
628
631
633
634
637
638
641
642
646
650
651
655
656
657
658
661
666
667
668
669
671
672
673
676
677
680
681
684
685
686
688
689
690
691
695
696
697
698
699
701
702
703
707
708
710
711
712
714
715
719
721
722
723
725
727
734
738
740
741
743
747
749
752
754
758
760
762
763
765
769
770
771
776
777
778
779
780
783
784
786
788
791
792
794
797
799
800
801
804
805
808
809
811
812
815
816
820
824
825
826
827
829
831
835
836
838
839
844
846
847
851
852
853
855
857
858
860
862
863
864
865
866
869
870
873
874
875
877
878
880
883
885
886
887
888
894
897
898
899
902
905
907
909
912
913
914
915
916
917
918
919
920
921
922
923
927
929
930
931
935
936
937
945
946
947
948
951
954
955
956
957
960
962
965
966
968
969
970
972
975
976
977
981
982
983
984
990
992
993
994
997
998
1000
1001
1002
1003
1005
1007
1009
1014
1015
1018
1019
1020
1027
1028
1029
1035
1039
1040
1041
1043
1045
1047
1048
1050
1051
1053
1055
1059
1060
1061
1062
1064
1067
1071
1072
1074
1076
1077
1080
1081
1085
1086
1089
1092
1095
1097
1098
1099
1100
1101
1102
1103
1105
1106
1107
1108
1110
1111
1113
1114
1115
1116
1118
1119
1120
1121
1122
1124
1127
1132
1133
1135
1137
1138
1139
1140
1143
1144
1146
1151
1153
1154
1160
1163
1166
1168
1170
1172
1174
1175
1179
1180
1182
1183
1185
1190
1191
1192
1193
1194
1196
1197
1198
1199
1200
1201
1202
1203
1205
1206
1207
1208
1210
1211
1212
1214
1215
1218
1220
1223
1224
1226
1228
1235
1240
1242
1243
1244
1248
1249
1250
1251
1254
1259
1261
1262
1264
1267
1268
1272
1273
1276
1279
1280
1282
1283
1284
1285
1286
1292
1296
1298
1299
1301
1305
1306
1308
1310
1311
1312
1313
1314
1315
1320
1323
1329
1332
1333
1336
1337
1339
1340
1341
1343
1344
1345
1346
1351
1353
1355
1356
1358
1365
1366
1367
1370
1374
1375
1377
1379
1380
1383
1384
1385
1388
1390
1392
1396
1398
1401
1406
1407
1408
1409
1414
1416
1417
1418
1420
1421
1426
1427
1429
1432
1434
1435
1438
1442
1443
1448
1449
1450
1454
1455
1459
1461
1462
1463
1465
1467
1469
1471
1475
1476
1477
1480
1482
1486
1490
1491
1492
1494
1496
1498
1499
1502
1503
1504
1505
1509
1511
1512
1514
1516
1518
1520
1521
1522
1523
1525
1529
1530
1532
1533
1535
1536
1537
1538
1539
1550
1551
1552
1554
1555
1556
1563
1567
1572
1574
1576
1577
1583
1585
1587
1589
1591
1594
1595
1597
1602
1604
1605
1606
1607
1609
1610
1612
1613
1614
1617
1618
1622
1624
1626
1628
1629
1630
1631
1634
1642
1644
1646
1647
1648
1650
1654
1658
1661
1668
1669
1674
1677
1678
1679
1681
1683
1685
1686
1688
1689
1691
1692
1694
1696
1697
1700
1702
1706
1707
1709
1711
1713
1714
1715
1716
1717
1718
1721
1722
1723
1724
1725
1730
1733
1734
1735
1737
1738
1740
1741
1742
1744
1747
1748
1750
1751
1752
1753
1755
1757
1760
1762
1765
1767
1768
1771
1772
1777
1778
1779
1781
1782
1783
1784
1788
1789
1790
1794
1795
1796
1797
1805
1807
1808
1811
1814
1815
1817
1818
1820
1821
1822
1824
1825
1826
1830
1831
1832
1834
1840
1842
1847
1848
1850
1852
1855
1859
1862
1864
1867
1870
1873
1874
1880
1881
1882
1883
1885
1886
1887
1888
1889
1892
1895
1897
1899
1901
1903
1906
1907
1908
1913
1914
1917
1920
1923
1924
1928
1932
1933
1935
1936
1937
1938
1939
1941
1944
1945
1949
1950
1953
1954
1956
1959
1960
1962
1964
1965
1966
1970
1971
1972
1973
1978
1980
1981
1982
1983
1984
1985
1989
1991
1994
1998
1999
2000
2001
2003
2004
2005
2007
2008
2010
2011
2013
2014
2016
2017
2018
2019
2021
2022
2023
2024
2025
2026
2027
2028
2030
2031
2032
2033
2034
2035
2036
2037
2038
2039
2040
2041
2042
2043
2044
2046
2047
2048
2049
2050
2051
2052
2054
2055
2056
2057
2058
2059
2061
2062
2063
2064
2065
2066
2067
2068
2069
2070
2071
2072
2073
2074
2075
2076
2077
2078
2079
2080
2081
2082
2083
2084
