0
2
4
5
7
8
11
13
14
16
17
18
19
20
21
22
23
24
25
27
28
29
32
33
34
35
37
38
39
41
42
43
44
45
46
47
48
49
51
52
53
54
55
57
58
59
60
62
63
64
65
66
67
69
70
71
72
73
74
75
77
78
80
83
84
86
87
88
91
92
93
95
96
97
101
102
103
104
105
106
110
111
112
113
114
116
117
118
121
123
124
125
126
127
128
129
130
131
133
134
135
136
137
138
139
142
144
145
146
148
150
151
153
156
157
158
160
161
162
164
166
167
170
171
172
174
175
177
178
179
180
181
182
183
185
186
188
189
190
191
192
193
195
196
197
198
200
201
202
205
206
207
208
209
210
211
212
214
215
216
217
218
219
220
221
222
223
225
226
227
228
229
231
232
233
234
235
236
237
239
240
241
242
243
244
245
249
251
253
254
256
259
262
263
264
265
266
267
268
269
270
271
272
273
274
275
276
277
279
282
283
284
285
288
289
290
291
293
295
296
297
300
301
302
303
304
306
307
308
309
310
311
312
314
315
316
317
318
319
320
321
323
325
326
327
328
329
330
331
332
335
336
338
339
341
343
344
346
347
348
349
350
352
353
354
358
359
360
361
363
364
365
366
368
370
371
372
373
374
375
376
377
378
381
383
386
387
388
389
390
392
393
394
395
398
400
402
403
404
405
407
409
411
412
413
419
420
421
423
424
425
427
429
430
433
434
435
436
437
443
444
445
447
449
450
451
452
453
454
456
457
458
461
463
464
465
466
467
470
473
475
476
477
478
479
480
482
483
484
486
487
488
489
491
492
493
494
496
498
499
500
501
502
503
505
506
509
510
511
512
513
515
516
517
519
520
522
523
524
525
526
527
529
531
532
534
535
536
537
538
539
540
541
542
544
545
546
547
548
549
550
553
554
555
556
558
559
560
563
564
566
567
569
571
572
573
574
575
576
577
578
579
580
582
583
584
586
588
589
593
594
595
596
597
598
600
601
602
604
606
607
609
610
611
612
613
614
615
616
617
618
620
621
622
623
624
625
626
629
630
631
633
635
638
641
642
643
644
646
647
648
649
650
651
652
653
654
655
657
658
659
662
663
664
665
666
667
668
669
670
671
672
673
676
678
680
681
682
683
684
685
687
688
689
690
691
693
694
695
696
697
698
699
700
701
703
704
705
706
708
709
710
712
713
715
716
717
718
721
722
723
724
725
726
727
728
729
730
731
732
733
734
736
737
739
740
741
742
743
744
745
746
747
749
750
752
753
755
757
758
759
760
761
762
764
765
766
767
768
769
771
772
773
774
776
780
781
782
783
784
785
788
789
790
793
794
795
796
799
800
802
803
805
806
808
809
810
811
813
814
816
817
818
819
820
822
824
825
827
829
831
833
834
835
836
838
839
840
841
843
845
847
849
851
852
853
854
856
857
858
859
860
861
862
863
864
865
866
867
868
869
870
871
872
873
874
875
876
877
878
879
881
882
883
884
885
886
887
888
890
893
894
895
896
897
898
899
901
902
903
904
905
906
907
908
909
910
911
912
913
914
915
916
917
918
919
920
922
923
924
926
927
928
931
933
936
937
938
939
941
942
944
945
946
948
949
950
952
953
954
955
956
958
959
960
962
963
964
965
966
967
968
970
971
972
973
975
976
977
978
979
981
982
983
984
985
986
987
989
991
992
993
995
996
999
1000
1003
1004
1005
1006
1008
1009
1012
1013
1014
1015
1016
1018
1019
1020
1021
1022
1023
1024
1026
1027
1028
1029
1030
1031
1032
1033
1035
1036
1037
1038
1039
1040
1041
1042
1044
1045
1047
1049
1050
1051
1052
1056
1059
1060
1061
1062
1063
1064
1065
1067
1069
1071
1073
1075
1076
1077
1079
1080
1083
1085
1086
1087
1088
1089
1092
1093
1094
1095
1096
1097
1099
1100
1101
1102
1103
1104
1105
1106
1107
1108
1109
1110
1111
1112
1114
1115
1116
1118
1119
1120
1121
1122
1124
1127
1128
1129
1132
1133
1134
1136
1137
1138
1139
1141
1142
1143
1144
1145
1146
1147
1148
1149
1150
1151
1154
1156
1157
1159
1160
1162
1163
1164
1165
1166
1168
1169
1170
1171
1172
1174
1175
1176
1177
1178
1179
1180
1181
1182
1183
1184
1185
1187
1188
1191
1193
1194
1195
1196
1197
1198
1199
1200
1201
1202
1203
1204
1207
1211
1212
1213
1215
1216
1217
1218
1221
1223
1226
1227
1228
1229
1230
1232
1233
1234
1236
1238
1239
1240
1241
1242
1243
1245
1246
1249
1250
1251
1252
1253
1254
1256
1257
1258
1260
1261
1262
1265
1268
1269
1270
1271
1275
1276
1277
1278
1279
1282
1283
1284
1285
1286
1287
1289
1290
1291
1292
1295
1296
1298
1299
1300
1301
1302
1303
1304
1305
1306
1307
1308
1309
1310
1311
1316
1317
1319
1321
1322
1323
1324
1325
1326
1328
1330
1331
1332
1333
1334
1336
1338
1339
1340
1342
1344
1345
1347
1348
1349
1351
1353
1355
1359
1363
1364
1365
1366
1367
1368
1369
1372
1374
1375
1376
1378
1379
1382
1383
1385
1386
1387
1392
1393
1394
1395
1397
1398
1399
1400
1401
1403
1404
1405
1406
1407
1408
1409
1410
1411
1413
1414
1415
1416
1418
1419
1420
1421
1423
1424
1425
1426
1427
1429
1430
1431
1432
1433
1434
1435
1437
1438
1439
1440
1441
1442
1443
1444
1445
1446
1447
1448
1449
1450
1451
1452
1453
1458
1460
1464
1465
1466
1467
1468
1469
1471
1472
1474
1475
1476
1478
1480
1482
1484
1485
1486
1487
1490
1492
1493
1495
1496
1498
1500
1501
1502
1503
1504
1505
1507
1508
1509
1510
1511
1512
1513
1514
1515
1516
1517
1518
1521
1522
1524
1525
1526
1527
1528
1529
1531
1532
1534
1535
1536
1537
1538
1539
1541
1542
1543
1544
1546
1547
1548
1549
1550
1553
1554
1556
1559
1560
1562
1563
1564
1565
1566
1567
1568
1570
1571
1572
1573
1574
1575
1576
1577
1579
1580
1581
1582
1583
1584
1585
1586
1587
1588
1589
1590
1591
1592
1594
1596
1597
1599
1601
1602
1603
1605
1607
1609
1610
1611
1614
1617
1618
1619
1620
1621
1622
1623
1624
1626
1627
1628
1632
1636
1638
1639
1640
1642
1643
1645
1646
1647
1648
1649
1650
1651
1652
1654
1655
1656
1658
1660
1662
1663
1664
1665
1666
1667
1669
1671
1672
1673
1674
1676
1677
1678
1679
1680
1681
1682
1683
1685
1686
1688
1690
1691
1692
1693
1695
1696
1697
1698
1699
1702
1703
1704
1705
1706
1707
1708
1709
1710
1711
1712
1713
1715
1716
1717
1718
1719
1720
1723
1724
1725
1727
1728
1730
1734
1736
1737
1738
1739
1740
1743
1745
1746
1747
1748
1750
1751
1752
1754
1755
1756
1757
1758
1759
1761
1763
1764
1765
1766
1767
1768
1769
1770
1771
1772
1774
1775
1777
1778
1779
1780
1782
1783
1785
1786
1787
1788
1789
1790
1791
1793
1794
1795
1796
1797
1798
1799
1801
1802
1803
1804
1805
1808
1810
1811
1812
1819
1820
1822
1823
1824
1825
1826
1827
1828
1829
1830
1831
1832
1833
1836
1837
1838
1839
1840
1841
1842
1843
1844
1846
1847
1848
1849
1850
1851
1852
1853
1854
1855
1856
1857
1858
1859
1861
1862
1863
1864
1865
1866
1869
1870
1872
1873
1874
1876
1878
1880
1881
1882
1883
1884
1885
1886
1887
1888
1889
1892
1893
1894
1898
1899
1900
1901
1902
1903
1904
1906
1907
1909
1910
1911
1913
1914
1915
1916
1917
1918
1919
1920
1921
1922
1923
1924
1925
1928
1929
1930
1931
1933
1934
1935
1936
1938
1939
1940
1941
1942
1944
1945
1947
1948
1949
1951
1954
1955
1956
1957
1959
1960
1962
1963
1964
1965
1967
1969
1970
1972
1973
1975
1976
1977
1978
1979
1980
1982
1983
1984
1986
1987
1988
1989
1990
1991
1993
1994
1995
1996
1997
1998
2000
2001
2003
2004
2005
2007
2008
2009
2011
2012
2013
2014
2015
2016
2017
2018
2019
2020
2021
2023
2024
2025
2026
2027
2028
2029
2030
2031
2033
2034
2035
2036
2037
2038
2039
2040
2041
2042
2043
2044
2045
2046
2047
2048
2049
2050
2051
2052
2053
2054
2056
2057
2058
2059
2061
2062
2063
2064
2065
2066
2067
2068
2069
2070
2071
2072
2073
2074
2075
2076
2077
2078
2079
2080
2081
2082
2083
