4
11
22
25
29
42
49
53
60
65
101
115
136
137
139
142
148
155
156
185
186
196
200
243
275
286
299
328
330
361
371
374
411
434
438
440
472
478
481
491
502
505
508
518
519
522
545
546
578
585
593
595
598
599
629
659
676
681
686
693
714
716
720
723
731
739
750
760
761
774
804
805
806
807
832
837
843
849
856
863
865
869
882
917
920
929
931
954
962
966
968
977
1013
1024
1035
1053
1061
1062
1066
1071
1080
1089
1103
1106
1108
1122
1133
1134
1144
1154
1183
1194
1212
1223
1238
1243
1244
1257
1259
1264
1268
1269
1313
1336
1342
1345
1385
1388
1401
1404
1422
1433
1456
1474
1475
1477
1480
1488
1505
1508
1510
1531
1532
1587
1601
1604
1624
1629
1632
1670
1678
1689
1723
1744
1745
1748
1750
1752
1762
1779
1783
1819
1822
1825
1826
1833
1834
1856
1867
1879
1909
1911
1918
1943
1945
1956
1975
1989
1994
1998
1999
2003
2004
2005
2010
2011
2015
2016
2019
2020
2030
2032
2042
2046
2047
2050
2054
2055
2057
2058
2066
2068
2069
2071
2072
2076
2077
2079
