2
3
4
5
6
7
8
9
10
11
12
13
14
15
17
18
19
21
22
24
25
26
28
29
30
31
32
33
35
36
37
38
41
42
43
44
45
47
49
51
52
53
54
55
56
57
58
59
60
61
62
63
64
66
67
68
69
70
71
72
74
75
76
77
78
79
80
83
84
85
86
87
89
90
91
92
94
95
97
100
101
102
103
104
105
107
108
111
114
115
116
117
119
120
121
123
124
125
126
127
128
129
130
132
134
139
141
142
143
144
145
147
148
149
150
151
154
156
158
160
161
162
163
164
165
166
167
169
170
171
172
173
174
175
176
177
180
181
185
187
188
190
191
192
193
194
196
197
199
200
202
204
205
206
207
208
209
210
211
212
213
214
216
219
220
221
222
224
225
226
228
229
230
231
232
233
234
235
236
238
241
242
243
244
245
246
247
248
249
250
251
252
253
254
257
258
259
260
261
262
263
264
265
266
267
268
269
270
271
272
274
275
276
277
278
280
281
283
285
287
288
289
290
291
292
293
294
295
297
299
300
301
303
304
305
306
308
309
310
312
314
317
318
319
320
324
326
327
328
329
330
331
332
334
335
336
337
340
342
344
346
347
348
349
350
351
353
355
356
357
359
360
362
363
364
367
368
373
374
375
376
377
378
379
380
381
383
384
385
386
387
388
389
392
394
396
397
399
400
401
402
403
404
405
406
407
408
411
412
414
415
416
417
418
419
421
422
424
426
427
428
429
430
431
432
433
434
437
438
441
442
443
445
446
450
451
452
453
454
455
457
458
459
460
461
462
463
465
466
467
468
469
470
471
473
474
477
478
479
480
482
483
484
485
486
487
488
489
490
491
492
493
494
500
501
502
503
505
506
507
509
510
511
512
513
515
519
521
522
523
524
525
527
528
529
530
531
532
533
537
538
540
541
542
543
544
545
546
547
548
549
550
554
555
556
558
560
561
565
567
568
569
571
572
573
574
575
578
583
584
587
588
589
590
591
594
595
597
598
600
601
602
603
604
605
607
608
609
610
611
612
613
614
616
617
619
620
621
622
624
626
627
628
629
630
631
632
633
634
635
636
637
638
639
640
641
642
643
644
645
646
647
648
649
650
651
652
653
654
655
656
657
659
660
662
663
665
666
668
669
670
672
676
678
679
681
684
685
686
687
688
689
690
691
692
694
695
697
698
699
700
702
704
706
707
710
713
715
717
718
719
720
721
722
723
724
726
727
728
729
730
731
732
733
734
735
737
739
740
741
742
744
745
746
747
748
749
750
751
752
754
755
757
758
759
760
761
764
765
766
767
768
771
773
776
777
778
779
780
781
783
785
787
788
789
790
792
793
794
795
797
799
800
802
803
804
806
807
809
810
812
813
815
816
817
818
819
820
821
822
823
825
827
828
829
830
831
832
833
834
837
838
839
840
841
842
843
844
845
846
847
848
849
850
853
854
855
856
858
860
861
863
864
865
867
868
869
870
871
872
873
874
875
877
878
881
882
883
884
885
887
888
889
890
891
892
893
894
895
897
898
899
901
902
903
904
906
908
909
910
911
913
915
916
918
919
920
921
922
924
925
926
927
928
929
930
932
933
934
937
938
939
940
941
944
945
946
947
948
949
950
951
952
954
957
958
959
960
961
962
963
967
968
969
971
972
973
975
976
980
981
982
984
986
987
989
991
992
993
994
995
996
997
1000
1001
1002
1003
1004
1006
1008
1009
1011
1013
1014
1017
1018
1020
1021
1022
1023
1025
1026
1027
1028
1030
1031
1032
1033
1034
1035
1038
1039
1040
1042
1043
1044
1046
1047
1048
1050
1051
1052
1054
1055
1056
1057
1058
1060
1061
1062
1063
1064
1065
1066
1067
1068
1069
1070
1071
1073
1074
1076
1077
1078
1079
1080
1083
1084
1086
1087
1088
1089
1090
1091
1093
1094
1095
1096
1098
1099
1100
1102
1103
1104
1105
1108
1109
1110
1113
1114
1115
1117
1121
1122
1123
1124
1125
1127
1128
1129
1131
1132
1134
1136
1137
1138
1139
1140
1142
1143
1145
1146
1148
1150
1151
1152
1153
1154
1155
1156
1157
1159
1160
1161
1162
1163
1164
1165
1167
1168
1169
1170
1171
1172
1173
1174
1175
1178
1179
1180
1181
1184
1185
1186
1187
1188
1190
1191
1192
1193
1194
1195
1196
1197
1198
1199
1200
1202
1203
1204
1205
1206
1207
1208
1210
1211
1214
1215
1216
1217
1218
1220
1221
1222
1223
1224
1225
1226
1227
1230
1231
1232
1234
1235
1236
1238
1239
1240
1241
1242
1243
1244
1245
1247
1248
1252
1254
1256
1257
1258
1259
1260
1261
1263
1264
1265
1267
1268
1270
1271
1272
1273
1276
1277
1278
1279
1281
1282
1283
1284
1285
1286
1288
1289
1290
1291
1294
1295
1296
1298
1299
1302
1303
1305
1306
1307
1308
1309
1310
1311
1312
1313
1315
1316
1317
1318
1319
1321
1322
1323
1324
1325
1326
1327
1328
1329
1330
1331
1333
1335
1336
1337
1338
1339
1341
1342
1343
1344
1345
1346
1347
1349
1351
1352
1353
1354
1355
1356
1357
1359
1360
1361
1362
1363
1365
1366
1367
1369
1372
1373
1374
1375
1376
1377
1378
1379
1380
1382
1383
1386
1389
1390
1391
1393
1395
1396
1397
1398
1400
1401
1402
1404
1405
1406
1408
1409
1411
1412
1414
1416
1417
1419
1421
1424
1425
1426
1427
1429
1430
1432
1433
1436
1438
1439
1441
1443
1446
1447
1450
1452
1453
1454
1455
1458
1459
1460
1461
1462
1463
1464
1465
1466
1467
1468
1469
1470
1471
1472
1474
1475
1476
1477
1478
1479
1482
1483
1484
1485
1486
1487
1488
1490
1493
1495
1497
1501
1503
1504
1506
1507
1508
1510
1511
1512
1513
1514
1516
1518
1520
1522
1526
1527
1528
1529
1530
1531
1532
1533
1534
1535
1536
1538
1539
1543
1544
1546
1547
1548
1551
1552
1553
1554
1556
1557
1558
1561
1562
1565
1566
1567
1569
1570
1571
1572
1573
1574
1575
1576
1577
1579
1580
1582
1583
1584
1585
1586
1587
1589
1590
1591
1593
1594
1595
1596
1599
1601
1602
1604
1605
1606
1607
1608
1609
1610
1611
1613
1614
1616
1617
1619
1620
1621
1623
1624
1625
1628
1629
1630
1631
1632
1634
1635
1636
1639
1640
1641
1642
1643
1645
1646
1647
1648
1649
1651
1652
1653
1654
1655
1656
1657
1658
1659
1660
1662
1663
1664
1665
1666
1667
1668
1670
1671
1672
1673
1674
1675
1676
1677
1678
1680
1682
1683
1685
1686
1687
1688
1689
1690
1691
1693
1694
1695
1696
1697
1700
1701
1703
1705
1706
1707
1709
1710
1712
1713
1714
1715
1717
1718
1719
1722
1723
1724
1725
1726
1728
1729
1730
1732
1733
1734
1735
1736
1739
1740
1741
1742
1744
1745
1746
1747
1748
1749
1751
1752
1753
1754
1755
1757
1758
1759
1760
1763
1764
1765
1766
1768
1769
1770
1771
1772
1773
1774
1775
1776
1777
1778
1779
1780
1782
1783
1786
1787
1788
1789
1791
1794
1796
1797
1798
1800
1801
1802
1803
1804
1805
1807
1808
1809
1811
1812
1813
1814
1815
1816
1819
1820
1821
1822
1823
1824
1825
1827
1829
1830
1831
1832
1834
1836
1838
1839
1840
1841
1842
1843
1844
1845
1846
1847
1849
1850
1852
1853
1854
1855
1856
1859
1860
1862
1863
1864
1866
1867
1868
1869
1871
1873
1875
1876
1877
1879
1882
1883
1885
1886
1887
1888
1889
1895
1896
1898
1899
1900
1901
1902
1903
1904
1905
1907
1908
1909
1911
1915
1916
1917
1919
1920
1921
1922
1924
1926
1927
1928
1929
1930
1933
1934
1935
1936
1938
1939
1941
1942
1943
1944
1945
1947
1950
1951
1953
1955
1956
1958
1962
1964
1965
1966
1967
1968
1970
1971
1973
1974
1975
1976
1978
1979
1982
1983
1984
1986
1989
1991
1992
1993
1994
1996
1997
1998
2000
2001
2002
2003
2004
2005
2006
2007
2008
2009
2010
2011
2012
2013
2014
2015
2016
2017
2018
2019
2020
2021
2022
2023
2024
2025
2026
2027
2028
2029
2030
2031
2032
2033
2034
2035
2036
2037
2038
2039
2040
2041
2042
2043
2044
2045
2046
2047
2048
2049
2050
2051
2052
2053
2054
2055
2056
2057
2058
2059
2060
2061
2062
2063
2064
2065
2066
2067
2068
2069
2070
2071
2072
2073
2074
2075
2076
2077
2078
2079
2080
2081
2082
2083
2084
