1
2
3
4
8
9
10
11
13
15
18
22
23
25
26
27
29
31
32
33
35
39
40
41
42
51
54
55
56
57
64
66
68
70
74
77
83
85
86
87
92
93
94
98
100
101
105
107
109
110
111
114
116
117
119
120
122
124
126
128
129
130
131
133
134
135
136
137
142
143
146
147
148
150
151
153
155
156
158
162
167
168
170
172
175
178
196
197
200
205
206
207
208
209
211
212
213
214
215
216
218
220
225
227
228
229
231
235
237
240
243
244
245
252
253
254
256
257
258
260
267
268
269
273
274
275
276
277
278
281
283
284
287
288
291
294
298
300
301
304
305
307
309
311
315
316
317
325
327
328
329
331
333
334
335
338
340
341
343
344
346
347
348
349
350
353
356
357
359
360
363
364
366
367
368
369
371
375
376
380
381
384
386
387
390
392
393
396
397
399
402
408
409
410
412
413
414
415
417
420
429
430
431
433
434
438
439
440
444
445
447
448
454
456
464
465
469
470
471
472
473
477
481
482
484
485
486
488
489
495
496
500
501
502
507
508
510
511
513
515
517
518
520
521
528
529
534
535
536
540
542
543
545
549
551
553
555
558
561
562
567
569
570
574
577
578
579
580
583
584
586
588
591
593
595
596
598
603
604
605
608
609
611
613
615
617
619
620
622
626
627
628
629
631
632
633
637
638
643
644
646
647
648
649
650
651
655
656
658
660
662
667
673
674
679
684
686
687
689
691
692
693
695
696
697
698
701
702
707
708
713
714
716
718
721
725
728
729
731
732
738
739
742
745
746
748
749
751
752
753
755
759
760
762
763
764
769
772
775
780
782
783
784
785
788
792
793
794
796
797
800
801
803
806
808
809
810
811
814
817
820
821
823
824
825
827
828
829
831
833
834
837
838
839
840
842
852
854
856
858
859
862
866
868
869
873
874
877
878
880
882
887
888
890
891
898
899
901
902
904
910
911
913
915
916
917
918
919
920
923
926
927
928
930
934
936
937
939
941
943
944
948
950
955
958
959
962
966
969
971
973
978
980
981
982
983
984
985
986
988
991
993
994
995
996
997
1000
1001
1003
1006
1007
1008
1011
1013
1014
1016
1018
1019
1020
1027
1028
1029
1033
1036
1039
1040
1042
1044
1046
1050
1051
1052
1053
1056
1059
1060
1061
1063
1064
1065
1068
1071
1073
1074
1079
1080
1081
1082
1083
1084
1088
1089
1090
1092
1096
1101
1102
1105
1106
1109
1110
1111
1112
1113
1115
1117
1118
1120
1124
1126
1127
1129
1131
1132
1136
1142
1145
1146
1148
1152
1154
1156
1160
1161
1162
1164
1167
1168
1169
1170
1171
1173
1176
1180
1182
1183
1185
1186
1190
1191
1192
1194
1195
1197
1198
1200
1202
1203
1209
1210
1211
1213
1215
1217
1220
1221
1222
1225
1226
1230
1231
1234
1235
1236
1237
1239
1240
1249
1253
1254
1255
1256
1260
1261
1262
1264
1265
1268
1269
1271
1273
1274
1275
1281
1282
1284
1291
1292
1293
1296
1298
1301
1302
1304
1305
1307
1308
1312
1313
1318
1321
1322
1325
1328
1329
1333
1334
1335
1336
1338
1341
1343
1345
1349
1352
1353
1354
1355
1356
1357
1360
1361
1363
1365
1367
1370
1372
1375
1376
1381
1382
1383
1386
1388
1390
1392
1395
1396
1397
1400
1401
1403
1404
1406
1408
1409
1412
1414
1417
1420
1422
1423
1425
1427
1429
1435
1436
1437
1438
1441
1442
1443
1444
1447
1448
1450
1451
1452
1456
1457
1458
1459
1461
1462
1464
1466
1468
1471
1473
1475
1478
1482
1483
1487
1488
1489
1491
1492
1493
1494
1496
1502
1505
1508
1509
1511
1512
1514
1515
1516
1518
1520
1521
1522
1523
1525
1526
1537
1540
1542
1543
1546
1547
1550
1551
1554
1555
1556
1558
1559
1561
1562
1563
1564
1565
1569
1573
1574
1576
1578
1579
1580
1583
1584
1585
1587
1588
1589
1593
1595
1599
1601
1603
1605
1606
1611
1613
1614
1615
1616
1618
1620
1621
1623
1624
1625
1626
1629
1632
1633
1636
1639
1642
1643
1644
1646
1647
1651
1652
1653
1655
1656
1660
1661
1666
1668
1670
1671
1672
1673
1675
1678
1679
1680
1681
1682
1683
1684
1686
1687
1688
1690
1694
1697
1699
1700
1702
1703
1705
1707
1708
1712
1713
1714
1715
1716
1718
1720
1722
1723
1726
1730
1731
1732
1733
1734
1736
1737
1739
1741
1742
1743
1744
1745
1746
1749
1750
1753
1754
1756
1757
1759
1760
1761
1762
1764
1765
1766
1770
1771
1774
1775
1776
1777
1779
1782
1784
1786
1787
1789
1790
1792
1795
1800
1802
1805
1806
1808
1809
1812
1813
1819
1824
1826
1827
1833
1834
1836
1838
1839
1840
1841
1844
1846
1848
1858
1860
1861
1863
1864
1865
1866
1867
1868
1873
1874
1875
1880
1881
1882
1885
1886
1887
1888
1894
1895
1897
1900
1903
1904
1905
1907
1908
1911
1913
1918
1920
1921
1922
1924
1925
1926
1928
1930
1933
1934
1935
1938
1949
1952
1954
1956
1959
1960
1963
1964
1965
1967
1969
1970
1971
1972
1974
1975
1976
1978
1980
1982
1983
1985
1987
1989
1990
1991
1994
1996
1999
2000
2001
2002
2003
2004
2007
2008
2009
2010
2011
2012
2013
2014
2015
2016
2017
2018
2019
2020
2021
2022
2023
2024
2026
2027
2028
2029
2030
2031
2032
2033
2035
2036
2038
2039
2040
2041
2042
2043
2044
2045
2046
2047
2048
2049
2050
2051
2052
2053
2054
2056
2057
2058
2059
2060
2061
2062
2063
2064
2065
2067
2068
2069
2071
2072
2073
2074
2075
2076
2078
2079
2080
2082
2083
2084
