0
1
2
4
5
6
10
11
12
13
14
15
16
18
19
20
21
22
23
24
25
26
28
29
30
31
32
33
34
35
38
40
41
42
43
45
46
47
48
49
51
52
54
58
59
60
61
62
63
64
66
67
68
69
71
72
73
74
77
78
79
80
81
84
85
86
87
88
90
91
92
93
94
95
96
97
98
99
100
101
102
103
105
106
108
109
110
111
115
116
117
120
121
122
123
124
125
126
127
129
130
133
135
136
137
138
139
141
142
143
144
145
146
147
148
149
150
151
152
154
155
156
158
159
162
163
164
165
167
168
170
172
174
175
176
177
178
179
181
183
184
185
186
187
191
193
197
198
199
200
201
203
205
206
207
208
209
211
214
215
216
218
219
223
224
225
226
227
228
229
230
231
235
236
241
243
245
246
247
250
252
253
254
257
259
264
265
266
267
268
269
272
273
274
275
276
277
278
279
281
283
285
286
287
289
290
291
292
294
296
297
298
299
301
302
304
305
306
307
310
311
312
314
315
316
317
319
322
323
325
326
327
328
329
330
333
335
336
337
338
339
340
341
342
343
344
345
346
347
348
349
351
352
354
356
357
360
361
362
363
364
365
366
367
368
369
371
372
373
374
375
376
377
378
380
381
382
383
384
386
387
388
390
391
393
394
395
399
400
401
402
404
405
406
407
408
409
410
413
414
415
416
417
419
420
421
422
423
424
425
426
427
429
430
431
433
434
435
437
438
439
441
442
444
445
446
447
448
450
451
452
453
454
455
457
458
460
462
464
465
466
467
468
469
470
471
472
476
477
478
479
482
483
484
485
486
487
488
489
491
492
493
494
495
499
500
501
502
503
504
505
508
509
511
513
515
516
517
518
519
521
522
523
524
525
526
527
528
532
533
534
535
536
537
539
541
542
543
544
545
546
548
549
550
552
554
555
556
558
559
560
562
564
567
569
570
573
574
575
576
577
578
579
580
581
582
583
584
585
586
587
589
590
594
595
596
597
598
600
602
603
604
605
607
609
610
611
612
615
616
617
618
619
620
623
624
626
627
629
630
631
635
636
637
638
639
640
642
643
644
646
647
648
649
651
652
653
655
657
658
659
660
661
663
665
666
667
668
669
670
673
674
676
678
679
680
682
684
685
686
687
688
689
691
692
693
694
696
698
700
701
702
703
704
706
707
708
709
710
711
712
713
715
717
718
719
720
722
723
726
727
728
729
731
732
733
736
738
739
741
742
743
744
745
746
747
748
749
754
755
756
757
758
759
760
761
762
764
766
767
769
770
771
773
774
776
778
780
781
782
783
784
785
786
787
788
789
790
791
792
793
794
796
797
799
800
801
802
803
804
805
806
808
809
810
812
813
814
815
816
818
820
821
822
823
824
825
826
828
830
831
832
833
835
836
837
838
839
842
843
844
845
847
851
852
853
854
855
856
857
858
859
860
863
864
867
868
869
870
872
873
874
875
878
879
881
883
884
885
886
887
889
890
892
893
894
895
896
897
898
901
903
905
906
907
908
909
911
913
916
917
918
920
922
923
928
930
932
933
934
935
938
939
941
942
943
946
947
953
955
956
957
958
960
961
962
963
966
968
970
971
972
973
974
975
976
977
979
980
981
982
983
985
986
987
988
989
990
991
992
993
994
995
996
1000
1001
1002
1003
1004
1005
1006
1008
1009
1011
1012
1014
1015
1016
1017
1019
1020
1021
1022
1024
1025
1027
1028
1029
1030
1031
1032
1033
1035
1039
1041
1043
1045
1046
1047
1049
1050
1051
1052
1053
1059
1060
1061
1062
1063
1064
1065
1068
1069
1070
1071
1072
1074
1075
1076
1077
1078
1079
1080
1081
1082
1083
1085
1086
1087
1088
1089
1090
1091
1092
1093
1094
1096
1098
1099
1100
1101
1102
1103
1104
1105
1106
1108
1109
1110
1111
1113
1115
1116
1118
1119
1120
1122
1123
1124
1126
1127
1128
1129
1131
1132
1133
1134
1135
1136
1137
1138
1140
1141
1142
1143
1145
1146
1147
1148
1149
1151
1153
1154
1155
1157
1158
1159
1160
1161
1162
1163
1165
1166
1167
1168
1171
1172
1173
1175
1176
1179
1180
1181
1182
1183
1184
1186
1190
1191
1192
1194
1195
1196
1197
1198
1200
1204
1205
1206
1207
1209
1210
1212
1215
1216
1217
1218
1221
1222
1223
1225
1226
1227
1228
1230
1231
1232
1234
1235
1236
1240
1243
1244
1245
1246
1247
1248
1249
1250
1251
1253
1256
1257
1258
1260
1261
1262
1263
1264
1266
1268
1269
1270
1271
1273
1274
1275
1276
1281
1283
1284
1286
1287
1288
1289
1290
1291
1292
1295
1296
1297
1298
1299
1300
1301
1303
1304
1305
1306
1307
1308
1310
1311
1312
1313
1314
1315
1317
1318
1320
1321
1322
1323
1324
1325
1327
1328
1329
1330
1331
1333
1334
1336
1337
1338
1340
1341
1342
1344
1345
1347
1348
1349
1352
1353
1354
1355
1356
1357
1358
1360
1361
1362
1363
1366
1367
1368
1369
1370
1372
1374
1375
1376
1377
1379
1380
1381
1382
1383
1385
1386
1388
1389
1390
1391
1392
1393
1394
1395
1396
1397
1399
1400
1401
1402
1404
1405
1406
1409
1410
1411
1413
1414
1418
1419
1420
1421
1422
1423
1424
1426
1427
1429
1430
1431
1432
1434
1435
1436
1437
1438
1440
1442
1443
1444
1445
1446
1449
1450
1452
1453
1454
1455
1459
1460
1461
1462
1463
1464
1465
1466
1467
1468
1469
1470
1471
1472
1473
1474
1475
1477
1478
1479
1480
1481
1482
1483
1484
1486
1487
1489
1490
1491
1492
1493
1494
1496
1497
1499
1500
1501
1502
1503
1504
1505
1508
1509
1511
1512
1513
1515
1516
1518
1519
1521
1522
1523
1524
1525
1526
1527
1529
1530
1532
1533
1535
1536
1537
1540
1541
1542
1543
1544
1545
1546
1547
1549
1550
1551
1552
1553
1554
1555
1557
1558
1559
1561
1563
1565
1566
1567
1568
1569
1571
1572
1573
1574
1575
1576
1577
1579
1580
1583
1584
1585
1586
1587
1588
1589
1590
1591
1593
1594
1595
1596
1598
1599
1600
1602
1605
1606
1608
1609
1610
1611
1612
1614
1615
1616
1617
1618
1619
1620
1621
1622
1623
1625
1626
1627
1631
1632
1633
1634
1635
1636
1638
1639
1640
1641
1642
1644
1646
1647
1650
1651
1653
1654
1655
1656
1657
1658
1660
1661
1662
1663
1664
1665
1666
1667
1668
1669
1671
1672
1673
1674
1675
1676
1677
1679
1680
1681
1682
1683
1685
1686
1687
1689
1690
1691
1692
1693
1694
1695
1696
1697
1702
1706
1708
1710
1711
1712
1714
1716
1717
1718
1719
1720
1721
1722
1723
1724
1725
1726
1727
1728
1730
1731
1733
1734
1737
1738
1739
1740
1741
1742
1743
1744
1745
1746
1747
1749
1751
1752
1753
1754
1755
1756
1757
1758
1759
1760
1762
1763
1764
1765
1766
1767
1768
1769
1770
1771
1772
1773
1775
1777
1778
1780
1781
1782
1783
1784
1785
1786
1787
1789
1790
1793
1794
1796
1798
1800
1801
1802
1803
1805
1806
1807
1809
1810
1811
1813
1814
1815
1817
1819
1820
1821
1822
1824
1825
1826
1827
1828
1831
1832
1833
1836
1837
1838
1839
1840
1841
1842
1843
1844
1845
1846
1847
1848
1849
1850
1852
1853
1855
1856
1857
1858
1859
1861
1862
1864
1866
1867
1868
1869
1870
1872
1873
1876
1877
1880
1881
1882
1885
1886
1887
1888
1890
1893
1894
1895
1897
1898
1900
1901
1902
1905
1906
1911
1912
1913
1914
1915
1916
1918
1923
1924
1925
1926
1927
1928
1929
1930
1931
1932
1933
1934
1935
1936
1937
1938
1939
1941
1942
1944
1945
1947
1948
1950
1951
1953
1954
1955
1956
1957
1960
1961
1962
1964
1965
1966
1967
1969
1970
1972
1973
1974
1975
1976
1977
1978
1979
1980
1982
1983
1985
1986
1987
1988
1989
1990
1991
1992
1993
1994
1995
1996
1997
1998
1999
2000
2001
2002
2003
2004
2005
2006
2007
2008
2009
2011
2012
2013
2014
2015
2016
2017
2018
2019
2020
2021
2022
2023
2024
2025
2026
2027
2028
2029
2030
2031
2032
2033
2034
2035
2036
2037
2038
2039
2040
2041
2042
2043
2044
2045
2046
2047
2048
2049
2050
2051
2052
2053
2054
2056
2057
2058
2059
2060
2061
2062
2063
2064
2065
2066
2067
2068
2069
2070
2071
2072
2073
2074
2075
2076
2077
2078
2079
2080
2081
2082
2083
2084
