0
1
2
3
5
6
8
9
10
11
12
14
15
16
17
18
20
21
22
23
24
26
27
28
31
32
33
34
38
39
41
42
43
44
46
47
48
50
52
53
54
55
56
57
58
59
60
61
62
63
65
66
67
68
69
70
71
72
73
74
75
76
77
78
79
81
82
83
84
88
89
90
91
93
94
95
96
97
99
101
102
103
104
105
106
107
108
109
110
111
112
114
115
116
117
118
119
120
122
123
124
126
127
128
129
130
131
132
134
135
136
137
138
139
141
142
143
144
145
147
148
150
151
154
158
160
161
162
163
164
166
169
170
172
174
175
176
177
178
179
180
181
182
183
184
185
186
187
188
191
192
194
195
196
197
198
199
200
201
202
203
205
206
208
209
210
211
214
215
216
217
218
219
222
224
225
226
228
229
231
233
234
236
237
238
239
240
243
244
246
247
250
251
253
254
255
256
257
258
259
261
262
263
265
266
267
268
269
270
271
272
273
274
275
276
277
278
282
284
287
288
290
291
292
294
295
296
298
299
300
301
306
307
308
309
310
311
312
313
314
315
316
317
318
319
320
322
323
324
325
326
327
328
329
330
331
332
333
334
335
336
337
339
340
341
342
343
344
345
346
348
349
353
354
356
357
359
360
361
362
363
364
365
366
367
368
369
370
371
372
373
374
375
376
377
378
379
380
381
382
383
384
385
386
387
388
389
390
391
392
396
397
400
401
402
404
406
407
408
409
410
411
412
413
414
415
416
417
418
420
421
422
424
426
427
429
430
431
432
433
434
435
436
437
438
439
440
441
442
443
445
446
447
448
452
453
454
455
456
457
459
460
461
462
463
464
465
466
468
469
470
471
473
474
475
476
477
478
479
480
481
482
483
484
486
487
488
490
491
492
493
494
495
496
497
499
501
502
503
504
505
507
508
509
510
511
512
513
514
516
517
518
519
520
522
524
525
526
527
528
529
532
533
534
535
536
539
541
542
543
544
545
546
547
548
549
551
552
554
555
558
560
561
563
564
565
567
569
570
571
572
573
574
576
577
579
581
582
584
585
587
588
589
590
593
594
595
596
597
598
599
600
601
602
604
605
606
607
608
610
612
613
614
617
618
619
620
621
622
623
624
625
626
628
629
630
632
633
634
635
636
638
639
640
641
642
646
648
649
650
651
652
655
656
657
658
659
660
661
662
667
668
669
670
673
674
677
678
679
680
681
682
683
684
685
686
687
691
693
694
695
699
701
702
703
704
705
706
709
710
711
712
714
715
716
717
719
720
723
724
725
726
728
729
732
734
735
737
738
742
743
744
745
746
749
751
753
754
755
756
757
758
759
761
765
766
767
769
770
771
775
776
778
779
781
782
783
784
785
786
788
789
791
793
794
797
800
801
802
803
804
805
806
808
809
812
813
814
815
816
817
818
819
820
821
822
823
824
825
826
827
828
829
833
835
836
838
839
840
841
843
844
845
846
848
850
851
853
857
858
861
863
864
865
866
867
869
870
871
873
874
875
876
877
878
879
881
882
883
886
887
888
889
892
893
894
896
897
898
901
902
904
905
907
908
909
911
912
913
914
915
916
917
919
920
921
922
923
925
928
929
930
931
932
933
934
935
936
937
938
939
941
943
945
946
948
949
950
951
954
955
956
957
958
960
961
962
963
964
966
967
968
969
971
972
973
974
975
976
977
980
981
983
984
985
986
987
988
989
990
991
993
994
995
996
997
998
999
1001
1002
1003
1005
1006
1007
1008
1009
1010
1011
1012
1013
1014
1016
1019
1020
1021
1023
1024
1025
1026
1027
1029
1030
1033
1035
1036
1037
1038
1039
1040
1041
1044
1045
1046
1047
1048
1049
1050
1051
1052
1054
1056
1059
1061
1062
1063
1065
1066
1068
1071
1072
1074
1078
1079
1080
1081
1083
1084
1085
1086
1088
1090
1091
1093
1095
1096
1097
1098
1101
1103
1104
1105
1106
1107
1108
1109
1110
1111
1113
1115
1116
1118
1119
1121
1122
1123
1124
1126
1127
1128
1129
1130
1131
1133
1134
1136
1137
1138
1139
1140
1141
1142
1143
1145
1146
1147
1148
1149
1153
1154
1155
1156
1157
1158
1159
1160
1161
1162
1163
1164
1166
1168
1169
1170
1171
1172
1174
1175
1177
1178
1179
1180
1181
1182
1183
1184
1185
1188
1190
1191
1192
1193
1194
1195
1196
1197
1198
1199
1200
1202
1203
1204
1207
1208
1209
1210
1211
1215
1217
1218
1219
1220
1221
1222
1224
1225
1226
1227
1228
1230
1231
1233
1235
1236
1238
1240
1244
1245
1249
1251
1252
1253
1254
1256
1257
1258
1259
1260
1261
1262
1265
1266
1267
1268
1270
1271
1272
1273
1274
1275
1276
1278
1280
1282
1283
1284
1285
1287
1288
1289
1290
1291
1292
1293
1294
1295
1296
1298
1299
1301
1302
1303
1305
1308
1309
1310
1312
1313
1315
1316
1318
1319
1321
1323
1324
1325
1326
1328
1329
1330
1331
1332
1333
1337
1339
1340
1342
1343
1344
1345
1348
1349
1350
1351
1352
1353
1355
1356
1357
1358
1359
1361
1363
1365
1369
1373
1374
1375
1376
1378
1380
1382
1383
1385
1386
1387
1388
1389
1390
1391
1392
1393
1395
1397
1398
1399
1402
1403
1404
1406
1408
1409
1411
1412
1413
1414
1415
1417
1418
1419
1420
1421
1422
1423
1424
1427
1428
1429
1433
1434
1435
1436
1437
1438
1440
1443
1444
1446
1447
1448
1449
1450
1452
1459
1461
1462
1463
1464
1465
1467
1468
1470
1471
1472
1473
1474
1476
1479
1480
1481
1482
1483
1484
1485
1486
1487
1488
1489
1490
1491
1492
1493
1494
1495
1496
1498
1499
1500
1501
1502
1503
1504
1505
1506
1507
1508
1510
1511
1512
1514
1516
1517
1518
1520
1521
1522
1523
1525
1526
1527
1528
1529
1530
1531
1533
1535
1537
1538
1539
1540
1543
1544
1546
1548
1550
1551
1552
1556
1557
1558
1559
1560
1561
1562
1563
1564
1565
1566
1567
1568
1569
1570
1571
1572
1573
1575
1576
1577
1578
1580
1582
1583
1584
1585
1586
1587
1588
1589
1590
1591
1593
1594
1595
1596
1597
1598
1599
1600
1601
1602
1604
1607
1608
1610
1611
1612
1613
1614
1616
1617
1618
1619
1621
1622
1624
1625
1626
1627
1629
1632
1633
1634
1635
1636
1637
1638
1639
1640
1641
1642
1643
1644
1645
1646
1648
1649
1650
1651
1653
1656
1659
1660
1662
1665
1666
1667
1668
1669
1672
1673
1674
1675
1676
1677
1678
1680
1681
1683
1686
1687
1688
1689
1690
1691
1692
1693
1694
1696
1697
1698
1699
1701
1702
1704
1705
1708
1709
1710
1711
1712
1714
1715
1717
1718
1719
1721
1723
1724
1726
1727
1728
1730
1731
1732
1734
1735
1736
1737
1739
1740
1741
1742
1744
1745
1746
1748
1752
1753
1754
1755
1756
1757
1758
1760
1761
1763
1764
1765
1767
1768
1769
1771
1772
1773
1774
1776
1778
1780
1782
1783
1784
1786
1787
1789
1790
1791
1792
1793
1795
1796
1797
1802
1803
1804
1805
1806
1807
1808
1809
1812
1813
1814
1817
1818
1819
1820
1821
1825
1826
1827
1828
1829
1830
1831
1834
1838
1839
1841
1842
1843
1845
1846
1847
1849
1850
1851
1852
1853
1854
1855
1857
1858
1860
1862
1864
1865
1866
1867
1868
1869
1870
1872
1873
1874
1875
1876
1877
1879
1880
1881
1882
1883
1885
1886
1887
1889
1890
1891
1892
1893
1895
1896
1897
1898
1899
1900
1901
1904
1905
1906
1908
1909
1910
1912
1913
1914
1915
1916
1917
1918
1919
1922
1924
1925
1928
1929
1931
1934
1935
1936
1937
1938
1939
1940
1941
1942
1943
1944
1945
1946
1947
1949
1953
1954
1955
1958
1960
1963
1964
1965
1968
1969
1970
1971
1972
1973
1974
1975
1977
1978
1979
1981
1982
1983
1984
1987
1989
1991
1992
1993
1994
1996
1998
1999
2000
2001
2002
2003
2004
2005
2006
2007
2008
2009
2010
2012
2013
2014
2015
2016
2017
2018
2019
2020
2021
2022
2024
2025
2027
2028
2029
2030
2031
2032
2033
2034
2035
2036
2037
2038
2039
2040
2041
2042
2043
2044
2046
2047
2048
2049
2050
2051
2052
2053
2054
2055
2056
2057
2058
2059
2060
2061
2062
2063
2064
2065
2067
2068
2069
2070
2071
2072
2073
2074
2075
2076
2077
2078
2079
2080
2081
2082
2083
2084
