5
6
11
13
15
16
17
20
21
22
23
24
25
29
31
32
35
38
40
41
43
45
48
51
53
54
56
57
59
60
61
62
66
69
71
72
73
74
79
80
83
85
87
89
91
93
94
98
100
101
102
104
107
109
114
115
116
117
118
121
123
124
127
128
131
134
135
136
137
138
139
142
146
147
148
150
151
152
157
159
160
162
165
167
169
170
171
173
177
180
184
188
198
202
203
205
206
208
212
213
221
222
227
229
231
232
233
235
236
237
239
242
243
246
249
250
251
252
253
258
260
262
265
269
271
273
274
276
277
278
289
292
293
294
295
301
306
307
308
310
311
312
313
314
315
316
317
318
319
321
324
325
328
329
330
331
334
335
336
338
340
342
343
346
348
350
352
355
360
362
363
365
366
368
369
376
379
381
385
386
387
390
393
394
395
396
397
399
400
402
403
406
409
411
413
415
418
419
422
426
430
433
434
435
437
439
441
442
444
445
450
454
458
459
460
462
463
465
466
467
472
474
477
478
479
484
486
490
491
492
495
496
498
499
501
502
503
504
505
508
511
514
515
517
518
520
521
522
523
526
529
530
531
533
535
537
539
541
542
546
547
548
552
553
555
557
560
561
564
568
570
571
572
574
575
579
581
582
583
589
591
595
596
600
603
604
605
609
613
614
617
619
626
629
631
632
634
635
638
639
644
646
649
654
655
656
658
659
660
661
662
663
665
667
668
669
672
674
679
681
682
683
685
688
693
700
701
706
708
713
714
715
716
718
720
722
724
725
727
729
732
733
736
743
744
745
746
747
748
750
752
753
755
756
761
765
766
767
768
769
773
774
775
776
778
779
780
781
782
783
784
785
787
792
794
796
800
801
802
804
805
807
808
809
811
813
814
815
816
817
820
825
826
827
833
834
838
839
840
841
842
845
846
848
849
850
851
853
856
857
858
859
860
862
863
864
865
867
868
869
870
871
875
876
878
879
881
884
887
888
893
894
895
897
903
904
905
907
910
914
916
917
919
920
923
925
926
928
933
934
935
936
938
939
943
945
946
947
949
950
951
952
953
954
957
958
959
960
962
964
967
968
969
970
974
975
976
977
980
983
984
987
990
1000
1001
1002
1003
1005
1006
1007
1009
1010
1011
1012
1013
1014
1015
1016
1018
1019
1020
1021
1022
1023
1024
1027
1028
1029
1030
1031
1039
1041
1044
1047
1049
1050
1051
1052
1055
1057
1059
1060
1062
1065
1066
1067
1072
1074
1075
1079
1084
1085
1087
1092
1093
1099
1102
1106
1110
1112
1113
1114
1117
1119
1120
1121
1122
1126
1128
1130
1131
1132
1133
1135
1136
1137
1139
1140
1146
1148
1151
1155
1157
1160
1161
1163
1164
1166
1167
1169
1171
1175
1176
1177
1181
1182
1183
1184
1186
1190
1191
1194
1197
1199
1200
1201
1202
1203
1211
1214
1216
1217
1218
1220
1222
1223
1224
1225
1226
1228
1231
1232
1233
1234
1235
1237
1238
1243
1244
1245
1250
1251
1252
1254
1255
1256
1258
1259
1262
1265
1267
1275
1276
1277
1283
1284
1285
1289
1291
1295
1296
1298
1300
1301
1306
1308
1309
1310
1312
1315
1322
1323
1325
1328
1329
1334
1337
1338
1339
1342
1343
1345
1346
1349
1352
1355
1358
1359
1361
1365
1366
1375
1380
1381
1385
1391
1392
1393
1397
1400
1403
1404
1406
1411
1417
1418
1420
1421
1422
1423
1424
1427
1429
1433
1434
1435
1436
1437
1438
1440
1441
1442
1443
1444
1448
1450
1454
1455
1457
1458
1459
1460
1468
1469
1475
1477
1480
1481
1482
1483
1484
1489
1490
1491
1493
1494
1495
1496
1497
1498
1499
1501
1503
1507
1508
1513
1515
1519
1521
1522
1523
1525
1526
1529
1530
1531
1533
1535
1538
1539
1540
1541
1549
1550
1551
1552
1553
1554
1557
1558
1559
1560
1561
1562
1563
1565
1566
1573
1575
1577
1578
1579
1580
1582
1583
1584
1585
1587
1588
1590
1591
1592
1595
1599
1602
1606
1607
1609
1610
1613
1618
1620
1623
1624
1625
1628
1629
1631
1634
1636
1639
1642
1645
1648
1650
1651
1653
1655
1656
1658
1660
1665
1667
1668
1669
1671
1673
1674
1676
1679
1680
1682
1686
1692
1693
1696
1697
1700
1703
1705
1706
1708
1710
1712
1715
1716
1719
1724
1725
1726
1729
1739
1740
1742
1744
1745
1746
1747
1751
1753
1754
1756
1758
1760
1765
1768
1769
1772
1774
1777
1778
1779
1782
1783
1784
1785
1786
1787
1788
1789
1794
1797
1800
1803
1804
1807
1808
1810
1811
1812
1814
1815
1817
1818
1820
1821
1822
1824
1828
1829
1831
1832
1835
1841
1842
1843
1844
1845
1848
1849
1853
1854
1855
1859
1861
1865
1867
1868
1869
1870
1872
1880
1881
1882
1885
1886
1887
1888
1891
1893
1894
1895
1897
1900
1901
1902
1905
1907
1908
1909
1910
1911
1916
1917
1918
1928
1932
1933
1934
1935
1937
1938
1941
1942
1943
1945
1948
1949
1950
1953
1956
1959
1960
1962
1964
1965
1967
1968
1969
1970
1971
1973
1975
1976
1978
1981
1982
1985
1987
1991
1992
1995
1996
1998
1999
2000
2001
2002
2003
2004
2005
2007
2008
2009
2010
2011
2012
2013
2014
2015
2016
2017
2018
2019
2020
2021
2022
2023
2024
2026
2027
2028
2029
2030
2031
2032
2033
2034
2035
2036
2037
2039
2040
2041
2042
2043
2044
2045
2046
2047
2048
2049
2050
2051
2052
2053
2056
2057
2058
2059
2060
2061
2062
2063
2064
2065
2067
2068
2069
2070
2071
2072
2073
2075
2076
2077
2079
2080
2081
2082
2083
2084
