0
1
3
5
7
10
11
12
14
15
16
18
22
23
27
30
31
33
34
35
39
40
42
46
47
50
51
54
55
57
58
63
65
67
71
74
76
77
81
82
83
84
86
87
89
90
91
92
95
97
98
99
100
103
104
105
106
107
108
110
113
116
117
119
120
122
123
124
126
128
129
132
133
135
136
138
139
141
142
144
148
149
150
154
157
160
161
163
166
169
171
172
175
178
180
188
190
192
194
195
197
199
200
203
205
207
209
211
214
215
216
219
221
226
230
232
233
235
236
237
239
241
243
244
245
246
248
249
251
252
253
254
256
259
260
265
266
268
269
273
274
276
281
282
283
285
286
287
289
290
291
292
294
297
300
301
302
304
306
307
309
310
311
316
318
319
320
322
323
325
326
327
328
329
332
335
336
339
341
342
343
344
345
346
348
349
351
353
354
357
358
359
361
362
363
364
366
368
373
374
375
377
378
379
380
381
386
387
388
389
392
393
394
397
398
404
407
411
412
414
418
420
421
422
426
427
428
429
430
431
432
434
437
438
440
445
446
449
450
452
453
454
458
462
465
469
470
474
479
482
483
486
487
489
492
494
496
497
500
501
502
503
508
509
510
512
514
517
518
519
521
522
523
525
527
529
533
534
539
541
542
543
546
547
550
551
552
556
558
560
561
562
563
567
573
575
576
578
579
580
583
584
585
586
589
591
593
597
598
600
603
604
607
611
612
614
617
619
623
626
631
634
636
638
639
646
647
648
651
654
655
663
665
666
668
670
672
673
676
677
678
681
682
683
684
687
688
689
690
692
693
695
696
699
700
701
706
707
708
714
715
716
722
724
727
729
730
731
733
734
740
742
743
744
745
746
747
749
751
752
753
754
755
756
759
760
762
766
767
769
770
771
775
777
778
781
783
784
786
788
789
791
792
793
794
796
797
807
810
813
814
817
819
821
823
824
827
828
829
830
832
833
839
840
845
849
851
854
855
856
862
863
868
869
870
871
873
874
875
876
878
880
881
883
884
885
887
889
891
892
894
903
907
908
909
911
915
917
918
926
928
929
931
934
939
940
941
947
948
951
952
954
958
960
962
963
965
966
967
968
971
973
975
976
977
978
980
982
985
990
992
994
996
998
1000
1001
1002
1006
1008
1012
1014
1016
1019
1024
1025
1026
1028
1030
1032
1033
1036
1041
1043
1045
1046
1052
1054
1055
1060
1061
1062
1063
1065
1066
1073
1074
1075
1076
1079
1080
1081
1082
1084
1090
1092
1093
1099
1101
1102
1104
1106
1109
1110
1111
1114
1116
1120
1122
1124
1128
1133
1134
1135
1137
1140
1143
1144
1145
1146
1147
1148
1149
1150
1153
1157
1160
1164
1168
1169
1173
1177
1180
1182
1183
1185
1196
1197
1200
1201
1205
1208
1209
1211
1212
1215
1216
1217
1218
1220
1221
1226
1227
1228
1231
1232
1233
1236
1237
1239
1240
1243
1246
1249
1254
1257
1258
1260
1261
1264
1267
1268
1270
1276
1277
1278
1281
1282
1283
1284
1286
1289
1291
1299
1300
1301
1302
1303
1304
1305
1306
1307
1309
1310
1316
1317
1324
1325
1330
1331
1333
1334
1335
1336
1339
1340
1341
1342
1343
1345
1350
1351
1352
1354
1355
1356
1357
1358
1363
1367
1369
1370
1372
1374
1376
1380
1381
1386
1391
1392
1393
1399
1400
1401
1402
1405
1406
1414
1415
1417
1418
1419
1421
1424
1426
1427
1432
1435
1437
1438
1439
1441
1442
1443
1445
1447
1449
1450
1455
1459
1462
1466
1467
1468
1469
1471
1472
1475
1477
1478
1479
1480
1481
1483
1484
1485
1486
1489
1491
1492
1494
1499
1500
1503
1505
1507
1514
1515
1517
1518
1521
1523
1527
1528
1531
1533
1535
1537
1539
1540
1544
1548
1551
1552
1553
1554
1555
1558
1559
1563
1564
1565
1567
1568
1570
1571
1572
1573
1575
1576
1578
1581
1582
1583
1587
1588
1590
1591
1593
1594
1596
1598
1599
1600
1603
1604
1606
1608
1611
1617
1619
1622
1625
1626
1629
1632
1633
1634
1636
1640
1642
1643
1645
1646
1647
1649
1650
1655
1657
1659
1661
1662
1663
1665
1666
1667
1668
1673
1674
1675
1676
1677
1678
1680
1684
1685
1686
1692
1693
1694
1695
1698
1699
1700
1701
1702
1707
1708
1710
1712
1714
1718
1719
1720
1722
1723
1724
1729
1730
1731
1732
1735
1737
1739
1741
1742
1746
1748
1750
1752
1753
1754
1755
1756
1758
1762
1763
1764
1765
1767
1768
1770
1771
1773
1775
1778
1779
1781
1783
1784
1786
1790
1791
1792
1794
1795
1797
1798
1801
1803
1804
1806
1807
1812
1814
1816
1817
1819
1820
1823
1829
1830
1833
1835
1836
1837
1839
1840
1841
1846
1847
1853
1858
1864
1868
1869
1870
1871
1872
1873
1875
1876
1881
1882
1884
1886
1887
1890
1891
1894
1895
1896
1897
1899
1903
1906
1907
1908
1909
1910
1912
1913
1914
1917
1918
1923
1924
1925
1927
1929
1931
1932
1934
1935
1940
1942
1943
1944
1951
1953
1956
1959
1964
1965
1966
1967
1968
1969
1974
1975
1976
1979
1981
1984
1987
1988
1990
1991
1992
1994
1996
1998
2000
2001
2002
2003
2004
2005
2008
2009
2010
2011
2012
2014
2015
2016
2017
2018
2019
2020
2021
2023
2024
2025
2026
2027
2028
2029
2030
2031
2032
2033
2034
2035
2037
2038
2039
2040
2041
2042
2043
2044
2046
2048
2049
2050
2052
2053
2054
2055
2056
2057
2058
2059
2061
2062
2063
2064
2065
2068
2069
2070
2071
2072
2073
2074
2077
2078
2079
2081
2082
2083
2084
