0
1
2
3
4
5
6
9
10
11
13
14
15
17
18
19
20
21
22
28
29
32
33
34
35
38
39
40
41
43
44
45
46
47
48
49
50
52
53
54
55
56
59
60
61
62
63
64
65
66
67
68
69
70
74
75
77
78
79
80
81
82
83
84
85
86
89
91
92
93
94
95
96
98
100
101
102
103
104
105
107
108
109
110
113
114
115
116
117
119
121
122
123
124
126
127
128
130
131
133
135
137
138
139
143
144
146
147
148
149
150
151
153
154
156
158
161
162
163
164
166
167
168
169
170
171
172
173
175
177
178
179
180
181
182
183
184
186
191
192
193
194
195
197
198
200
202
203
204
205
206
207
208
210
211
213
214
215
216
217
218
219
220
223
225
228
229
230
231
233
237
238
239
242
245
247
248
249
250
251
252
253
254
256
257
259
260
261
262
263
266
268
269
270
274
275
276
277
278
279
280
281
283
284
285
287
288
290
292
293
294
295
296
297
298
300
301
302
303
304
305
306
307
309
310
311
312
313
314
315
316
317
318
319
320
322
323
324
326
327
328
329
330
331
336
337
339
341
342
345
346
347
348
349
351
352
353
354
356
358
359
361
362
363
365
367
369
370
371
373
374
375
376
377
379
380
381
384
385
386
387
389
392
393
394
395
396
397
398
400
401
403
404
405
406
407
408
409
410
411
413
418
419
420
421
422
423
424
425
426
428
429
430
431
432
433
434
435
436
437
438
439
441
442
443
445
447
448
450
451
456
457
458
459
462
463
464
465
466
468
469
470
472
474
476
478
479
480
483
484
485
487
488
490
493
494
496
497
498
499
500
501
502
503
504
505
506
507
508
509
510
511
512
513
515
517
518
519
520
521
522
524
525
526
527
528
529
530
531
532
533
534
535
538
539
540
541
542
543
544
546
547
548
549
550
552
553
555
558
559
560
562
563
564
566
567
568
569
570
571
572
574
576
577
578
579
580
581
582
583
584
585
586
588
589
591
592
593
595
596
599
600
601
602
603
605
607
608
611
612
613
615
616
617
618
619
622
623
625
626
627
628
629
630
631
632
633
635
636
640
641
642
643
644
646
647
649
650
651
652
653
655
656
657
658
659
660
661
662
663
665
666
667
668
669
670
671
672
673
674
675
676
679
680
681
682
683
685
688
689
691
692
693
694
695
698
699
700
701
703
705
706
707
708
709
710
711
712
713
714
715
716
719
720
721
722
723
724
725
726
729
730
732
733
734
735
736
737
738
739
740
742
743
744
745
746
747
748
749
752
754
755
757
758
759
762
764
765
766
767
769
771
772
775
776
777
778
779
780
781
782
783
784
786
788
789
790
791
792
793
794
795
796
797
799
800
801
803
804
805
808
809
811
814
815
817
818
820
821
823
824
826
827
828
830
831
832
833
834
835
836
837
838
839
840
841
842
843
845
846
848
849
851
853
854
856
858
859
860
861
862
863
865
866
867
868
869
873
875
876
878
879
880
881
882
883
884
885
886
887
888
889
890
892
895
896
897
898
901
902
903
904
905
907
908
909
910
911
912
913
914
915
916
917
918
919
920
923
924
925
926
927
928
929
930
931
932
934
936
937
938
941
942
943
945
946
947
948
949
950
951
954
957
958
960
961
962
963
964
965
967
969
970
971
972
973
974
975
976
977
978
979
980
981
982
983
984
985
986
987
990
991
992
993
996
997
999
1000
1001
1002
1003
1005
1006
1008
1010
1011
1012
1013
1014
1017
1018
1019
1020
1021
1022
1023
1025
1026
1028
1029
1031
1032
1033
1034
1035
1036
1037
1038
1039
1040
1041
1042
1044
1045
1046
1047
1050
1051
1052
1054
1055
1057
1058
1059
1061
1062
1063
1064
1066
1068
1070
1071
1072
1073
1074
1076
1079
1080
1081
1082
1083
1084
1086
1087
1088
1089
1090
1091
1092
1093
1095
1098
1100
1101
1102
1104
1105
1107
1109
1110
1111
1112
1114
1115
1116
1117
1119
1120
1122
1123
1124
1126
1127
1128
1129
1130
1131
1132
1133
1134
1135
1136
1137
1138
1139
1140
1141
1142
1143
1144
1145
1146
1147
1148
1149
1150
1151
1152
1153
1154
1155
1156
1157
1158
1159
1160
1162
1164
1166
1167
1168
1169
1170
1171
1172
1173
1175
1176
1177
1178
1179
1180
1181
1182
1183
1185
1186
1188
1191
1192
1193
1194
1195
1196
1197
1199
1201
1202
1204
1205
1206
1207
1209
1211
1212
1213
1214
1217
1219
1220
1221
1222
1223
1224
1225
1226
1227
1228
1231
1234
1238
1239
1242
1245
1246
1247
1248
1249
1250
1251
1253
1254
1255
1257
1258
1259
1262
1263
1266
1267
1268
1269
1270
1271
1272
1273
1277
1281
1282
1284
1285
1286
1287
1289
1290
1292
1294
1295
1296
1297
1298
1299
1300
1301
1302
1305
1306
1307
1309
1310
1311
1313
1317
1320
1322
1324
1325
1326
1327
1328
1329
1330
1331
1333
1334
1335
1336
1337
1338
1341
1342
1343
1345
1346
1347
1348
1349
1350
1351
1352
1353
1354
1355
1358
1359
1360
1361
1364
1365
1366
1367
1368
1369
1370
1372
1373
1374
1375
1376
1377
1379
1380
1381
1382
1383
1385
1387
1388
1389
1390
1391
1392
1396
1397
1398
1399
1400
1402
1404
1405
1407
1408
1409
1410
1411
1412
1413
1414
1415
1418
1419
1420
1422
1423
1424
1425
1426
1427
1429
1430
1432
1433
1434
1436
1437
1439
1440
1441
1443
1444
1445
1446
1447
1448
1449
1450
1453
1454
1455
1456
1457
1461
1462
1463
1465
1468
1470
1472
1474
1475
1476
1477
1478
1479
1481
1482
1484
1485
1486
1488
1489
1491
1493
1494
1495
1496
1497
1498
1499
1500
1502
1503
1504
1506
1507
1508
1509
1510
1511
1512
1513
1518
1520
1521
1523
1524
1525
1526
1527
1530
1531
1533
1535
1536
1540
1541
1542
1543
1544
1545
1548
1549
1550
1551
1552
1553
1556
1557
1560
1561
1564
1565
1566
1568
1569
1571
1572
1573
1574
1575
1576
1579
1580
1581
1583
1584
1585
1586
1588
1589
1590
1594
1596
1598
1599
1600
1601
1602
1603
1604
1605
1606
1610
1611
1612
1616
1617
1618
1619
1620
1621
1623
1624
1625
1626
1628
1629
1630
1631
1633
1634
1635
1636
1637
1638
1639
1640
1642
1643
1646
1647
1648
1649
1651
1653
1655
1657
1658
1661
1662
1663
1666
1667
1668
1669
1670
1672
1673
1674
1675
1676
1678
1680
1681
1683
1685
1686
1687
1688
1691
1692
1693
1694
1695
1696
1698
1699
1700
1701
1702
1703
1704
1708
1709
1711
1712
1714
1716
1717
1718
1719
1720
1721
1722
1723
1724
1725
1726
1727
1728
1730
1731
1732
1733
1734
1735
1736
1737
1739
1741
1743
1744
1745
1747
1748
1749
1750
1751
1752
1753
1754
1756
1758
1759
1760
1761
1762
1763
1764
1765
1766
1768
1773
1775
1777
1779
1780
1781
1784
1785
1786
1787
1788
1789
1792
1793
1794
1796
1798
1800
1801
1802
1803
1805
1806
1807
1808
1809
1810
1812
1813
1815
1817
1818
1819
1820
1821
1822
1824
1825
1826
1828
1829
1830
1831
1832
1833
1834
1835
1836
1837
1838
1839
1840
1842
1843
1844
1845
1846
1847
1848
1849
1850
1851
1852
1853
1854
1855
1856
1857
1858
1861
1863
1865
1866
1867
1868
1869
1870
1871
1873
1874
1875
1876
1877
1878
1879
1880
1881
1882
1884
1886
1887
1888
1889
1890
1891
1893
1894
1896
1897
1898
1900
1901
1902
1904
1906
1908
1909
1911
1913
1915
1917
1918
1919
1920
1921
1923
1924
1926
1927
1930
1931
1933
1934
1935
1936
1937
1938
1939
1940
1941
1942
1943
1944
1945
1947
1948
1950
1951
1952
1953
1954
1955
1956
1958
1960
1961
1962
1963
1965
1966
1967
1968
1969
1971
1972
1974
1975
1977
1978
1979
1980
1981
1982
1983
1984
1987
1990
1991
1992
1993
1994
1997
2000
2001
2003
2004
2005
2006
2007
2008
2009
2010
2011
2012
2013
2014
2015
2016
2017
2018
2019
2020
2021
2022
2023
2024
2025
2026
2027
2028
2029
2030
2031
2032
2033
2034
2035
2036
2039
2040
2041
2042
2043
2044
2045
2046
2047
2048
2049
2050
2051
2052
2053
2054
2055
2056
2057
2058
2059
2061
2062
2063
2064
2066
2067
2068
2070
2071
2072
2073
2074
2075
2076
2077
2078
2079
2080
2081
2082
2083
2084
