1
2
3
4
5
9
10
11
13
18
19
21
22
23
24
33
35
38
39
45
46
48
51
52
53
54
55
56
58
60
63
64
65
66
67
72
73
74
78
80
82
83
84
85
86
87
93
94
100
102
106
109
111
114
115
116
117
120
121
123
125
126
128
135
137
139
142
143
145
148
149
150
151
152
153
154
157
158
161
163
169
170
171
172
173
175
176
178
181
185
186
187
188
191
193
196
198
199
205
206
207
211
213
216
219
223
225
233
237
239
243
244
245
249
250
252
253
254
255
256
257
259
260
261
262
265
266
267
269
271
272
273
274
275
276
277
278
282
284
286
287
288
295
296
301
305
307
309
313
317
318
319
327
328
331
332
334
335
336
338
339
341
345
346
347
348
354
357
359
360
362
363
364
369
371
374
375
380
382
383
384
385
387
388
390
391
393
394
397
399
400
402
407
409
411
412
413
418
420
421
422
425
426
427
429
430
433
436
438
443
444
445
446
447
454
456
457
462
465
467
468
469
472
473
478
479
481
483
485
487
488
492
500
502
503
505
506
509
512
514
515
517
520
523
524
526
527
529
530
531
537
541
542
543
544
545
546
547
548
550
552
553
555
556
558
564
565
566
567
568
569
574
577
580
582
585
586
587
588
589
591
593
595
598
599
600
601
604
605
607
611
613
614
615
617
619
620
622
623
626
627
629
630
632
634
638
639
643
644
646
647
651
657
665
667
668
674
678
681
683
685
686
688
689
691
692
693
694
695
696
698
699
701
703
708
710
712
713
715
719
721
722
723
725
727
728
730
731
732
733
734
736
737
739
743
745
746
747
748
749
752
753
754
759
760
761
765
766
769
772
773
774
775
777
778
780
782
783
788
792
801
804
805
809
812
813
814
815
817
818
822
825
830
833
834
838
839
840
848
852
853
854
857
858
859
862
863
864
868
871
873
874
876
880
882
884
885
886
887
889
891
892
894
896
897
899
901
902
904
906
907
909
912
914
915
917
918
919
920
922
923
924
926
930
934
936
941
942
943
944
945
947
950
951
952
954
956
957
958
960
962
966
967
968
970
972
974
975
977
979
980
982
986
987
996
1002
1005
1006
1007
1008
1013
1014
1015
1018
1019
1020
1021
1024
1026
1027
1029
1033
1036
1037
1039
1040
1042
1045
1048
1051
1052
1055
1057
1059
1061
1062
1063
1064
1066
1068
1069
1073
1075
1078
1082
1083
1084
1088
1089
1090
1091
1093
1094
1098
1099
1101
1102
1105
1106
1108
1109
1110
1111
1115
1118
1120
1126
1127
1129
1131
1132
1134
1137
1139
1140
1141
1142
1145
1146
1148
1149
1150
1154
1156
1159
1161
1163
1165
1166
1169
1178
1180
1181
1182
1183
1186
1187
1191
1196
1197
1198
1199
1200
1201
1202
1204
1205
1207
1208
1209
1212
1214
1215
1216
1219
1220
1222
1223
1226
1227
1230
1231
1232
1235
1236
1237
1238
1239
1240
1242
1248
1255
1257
1261
1263
1264
1265
1267
1269
1270
1273
1275
1276
1277
1280
1281
1284
1287
1288
1290
1291
1292
1294
1296
1299
1301
1302
1304
1305
1306
1307
1310
1311
1315
1321
1322
1324
1326
1327
1328
1330
1333
1334
1335
1337
1343
1345
1347
1352
1353
1355
1357
1360
1362
1368
1369
1370
1372
1373
1375
1378
1379
1385
1387
1391
1392
1395
1397
1398
1399
1403
1406
1408
1410
1412
1421
1423
1425
1426
1427
1429
1430
1432
1434
1436
1437
1440
1442
1443
1444
1446
1448
1449
1450
1451
1452
1454
1456
1457
1459
1460
1463
1464
1465
1468
1470
1471
1472
1473
1474
1475
1476
1477
1481
1483
1487
1489
1492
1493
1495
1496
1498
1499
1500
1501
1502
1503
1508
1509
1510
1511
1512
1513
1514
1516
1517
1518
1519
1521
1525
1526
1528
1529
1530
1531
1533
1534
1537
1538
1544
1546
1549
1551
1554
1555
1558
1560
1562
1563
1565
1571
1572
1574
1578
1579
1582
1583
1585
1586
1587
1588
1591
1595
1596
1601
1604
1605
1609
1610
1612
1616
1617
1618
1619
1620
1623
1625
1628
1631
1632
1634
1635
1636
1639
1642
1643
1645
1646
1656
1661
1663
1664
1665
1667
1669
1672
1674
1678
1680
1681
1682
1685
1686
1687
1688
1691
1692
1693
1694
1695
1696
1700
1701
1703
1706
1707
1710
1712
1718
1720
1721
1726
1728
1730
1731
1732
1733
1735
1736
1737
1740
1744
1746
1747
1752
1753
1754
1755
1756
1757
1759
1760
1761
1762
1764
1765
1766
1767
1769
1770
1773
1777
1778
1779
1783
1784
1786
1788
1789
1790
1792
1794
1797
1799
1801
1803
1805
1806
1810
1811
1826
1830
1831
1834
1837
1839
1841
1842
1843
1844
1847
1849
1850
1852
1853
1856
1858
1859
1861
1862
1866
1867
1868
1870
1873
1875
1876
1877
1880
1881
1882
1883
1884
1885
1887
1888
1889
1890
1891
1894
1895
1897
1899
1900
1901
1903
1905
1908
1909
1913
1917
1918
1924
1925
1934
1936
1937
1938
1940
1942
1943
1945
1947
1954
1955
1956
1958
1959
1960
1964
1965
1967
1971
1972
1973
1977
1980
1981
1983
1985
1987
1990
1991
1994
1999
2000
2001
2003
2004
2005
2007
2008
2009
2010
2011
2012
2013
2014
2015
2016
2017
2018
2019
2020
2021
2022
2025
2026
2027
2028
2029
2030
2031
2032
2033
2034
2035
2036
2037
2038
2039
2040
2041
2043
2044
2045
2046
2047
2048
2049
2050
2051
2052
2054
2055
2056
2057
2058
2059
2061
2062
2063
2064
2065
2067
2068
2069
2070
2071
2072
2073
2074
2075
2076
2077
2078
2079
2080
2081
2082
2083
2084
