19
55
69
83
86
93
98
104
110
128
129
144
167
169
182
236
242
257
269
277
296
315
317
326
328
329
348
362
384
399
420
431
437
439
468
487
495
503
517
526
536
555
564
574
605
626
627
634
649
656
701
720
727
728
729
737
743
747
751
755
773
815
838
853
858
862
888
960
983
993
994
1001
1012
1020
1029
1036
1053
1061
1064
1102
1106
1110
1128
1138
1145
1147
1183
1197
1217
1221
1228
1261
1262
1265
1281
1322
1341
1357
1369
1370
1374
1376
1419
1432
1482
1483
1484
1488
1491
1527
1537
1578
1583
1611
1619
1620
1647
1666
1669
1673
1677
1678
1680
1681
1692
1721
1730
1744
1746
1772
1779
1783
1787
1789
1821
1853
1855
1867
1881
1884
1910
1913
1923
1924
1938
1942
1955
1961
1964
1965
1969
2000
2001
2003
2008
2009
2013
2014
2016
2018
2019
2020
2021
2022
2023
2026
2028
2029
2030
2031
2032
2033
2036
2037
2038
2040
2042
2043
2044
2045
2047
2048
2050
2051
2052
2053
2056
2057
2058
2059
2060
2061
2062
2064
2065
2068
2069
2070
2071
2073
2074
2075
2076
2077
2080
2082
2083
2084
