2
3
4
6
10
12
14
18
20
22
23
24
25
26
28
29
30
33
35
39
40
43
45
49
51
54
59
60
63
64
66
67
68
69
70
72
73
74
80
81
82
86
87
88
89
90
91
98
101
104
106
109
111
113
114
115
117
120
127
128
129
130
131
132
134
137
138
141
142
144
147
148
149
150
152
155
157
163
166
167
170
171
174
175
176
177
179
180
181
184
186
188
189
190
191
192
194
195
196
198
201
208
209
211
213
214
215
218
220
222
223
224
227
228
229
231
232
233
237
239
240
242
243
245
249
250
251
252
253
256
260
262
263
265
266
268
270
273
275
277
281
288
290
293
296
297
299
300
303
304
306
313
317
318
320
325
326
327
331
336
339
340
342
348
353
355
356
357
358
361
363
365
368
371
373
374
375
376
377
379
381
383
385
388
389
390
395
396
399
400
404
405
406
407
414
415
416
419
420
421
422
424
425
429
430
432
433
434
435
436
437
439
441
443
444
445
446
450
453
455
456
457
458
461
463
464
465
469
470
471
472
473
474
477
480
481
482
483
486
487
488
489
493
494
495
496
500
502
503
505
506
507
511
516
517
518
523
524
526
527
528
529
530
533
534
535
539
543
544
546
547
548
550
552
553
554
555
558
559
560
561
562
563
565
567
568
571
572
573
575
579
580
581
582
583
584
585
588
590
595
596
597
598
601
608
610
613
621
623
624
625
628
632
633
636
638
643
646
648
650
651
655
658
659
665
666
668
669
670
672
675
676
677
681
682
683
685
690
692
693
698
700
701
703
705
709
710
711
712
714
715
718
721
724
725
726
727
728
729
730
731
732
733
735
738
739
743
748
749
752
753
755
757
758
760
765
767
770
771
772
773
774
775
777
778
782
783
784
785
786
788
790
791
792
797
801
802
804
805
808
810
811
815
818
821
823
824
825
827
830
835
837
838
839
842
843
844
845
848
851
856
859
863
864
865
866
867
868
870
872
873
874
876
878
879
881
883
886
888
889
891
893
896
898
902
903
904
905
908
910
911
913
918
920
930
931
936
939
940
943
945
946
948
949
953
954
955
956
957
960
964
970
971
972
973
974
976
978
980
982
984
985
986
987
989
993
996
998
999
1000
1003
1004
1006
1007
1008
1011
1015
1016
1017
1018
1019
1022
1025
1026
1027
1028
1030
1031
1032
1034
1035
1040
1042
1044
1045
1047
1048
1051
1052
1053
1054
1056
1057
1059
1064
1066
1067
1068
1072
1073
1074
1076
1077
1080
1081
1083
1084
1087
1089
1090
1092
1093
1095
1099
1101
1102
1105
1110
1113
1115
1116
1117
1119
1120
1121
1124
1128
1129
1134
1135
1136
1137
1138
1139
1141
1145
1146
1147
1149
1150
1157
1158
1160
1161
1162
1163
1164
1167
1172
1174
1175
1177
1178
1179
1181
1182
1183
1187
1192
1193
1194
1195
1198
1201
1202
1203
1205
1207
1208
1209
1211
1212
1213
1215
1216
1218
1220
1223
1225
1226
1228
1231
1236
1241
1242
1248
1252
1254
1255
1258
1259
1264
1266
1267
1268
1269
1270
1271
1272
1274
1278
1280
1281
1282
1286
1287
1288
1289
1291
1292
1296
1300
1301
1303
1304
1305
1306
1309
1312
1313
1317
1320
1323
1326
1327
1328
1329
1330
1331
1332
1333
1334
1338
1340
1341
1342
1343
1345
1347
1351
1356
1357
1362
1365
1367
1369
1370
1372
1373
1375
1376
1380
1382
1385
1397
1398
1400
1401
1403
1404
1405
1407
1409
1411
1412
1415
1416
1417
1418
1419
1421
1422
1423
1424
1426
1429
1431
1432
1433
1434
1437
1439
1441
1443
1444
1446
1447
1449
1452
1453
1455
1459
1460
1461
1462
1465
1467
1469
1471
1472
1474
1475
1476
1477
1478
1481
1483
1485
1487
1488
1490
1491
1492
1493
1496
1497
1499
1501
1502
1504
1505
1507
1509
1510
1511
1512
1514
1515
1516
1517
1519
1523
1524
1525
1526
1528
1530
1531
1534
1536
1538
1540
1541
1542
1543
1544
1547
1548
1550
1551
1553
1554
1555
1557
1559
1561
1564
1566
1567
1571
1573
1575
1577
1581
1582
1584
1585
1586
1588
1595
1599
1600
1601
1602
1604
1607
1612
1614
1616
1618
1619
1620
1621
1622
1623
1624
1626
1627
1634
1635
1636
1637
1639
1641
1643
1651
1652
1656
1658
1662
1664
1674
1676
1680
1681
1683
1685
1686
1687
1693
1694
1695
1697
1699
1700
1703
1704
1705
1706
1709
1711
1713
1714
1715
1717
1724
1727
1731
1733
1735
1736
1737
1739
1740
1746
1748
1751
1754
1755
1760
1765
1766
1768
1769
1772
1773
1774
1775
1776
1778
1779
1783
1784
1786
1787
1788
1789
1792
1793
1795
1796
1797
1800
1803
1805
1808
1814
1817
1819
1821
1824
1826
1827
1828
1829
1834
1835
1839
1841
1842
1843
1844
1847
1848
1849
1851
1852
1856
1857
1867
1870
1873
1876
1879
1881
1882
1884
1887
1889
1893
1894
1897
1898
1900
1903
1904
1905
1909
1910
1913
1915
1916
1917
1920
1922
1923
1925
1927
1931
1933
1934
1938
1939
1940
1941
1942
1945
1948
1950
1955
1956
1958
1959
1961
1962
1967
1969
1972
1973
1974
1976
1977
1978
1980
1984
1985
1991
1992
1995
1998
2000
2003
2004
2005
2007
2008
2009
2010
2011
2012
2013
2015
2017
2018
2019
2020
2021
2022
2023
2024
2026
2033
2035
2036
2038
2039
2040
2041
2042
2043
2044
2045
2046
2047
2048
2049
2050
2051
2052
2055
2056
2058
2059
2061
2062
2064
2065
2067
2068
2070
2071
2072
2073
2075
2076
2077
2078
2079
2080
2082
2083
2084
