0
1
2
3
4
5
6
7
8
9
10
11
12
14
15
16
18
19
20
21
22
23
24
25
26
28
29
30
31
34
35
36
37
38
39
40
41
42
45
46
47
48
50
51
52
53
54
55
57
58
59
62
64
65
66
69
71
73
75
78
80
81
82
83
84
85
86
87
88
89
90
91
92
94
95
96
97
98
99
100
102
103
104
106
107
108
110
114
115
117
118
119
120
121
122
123
124
126
129
130
131
132
134
135
136
137
138
139
142
143
146
147
148
149
150
151
152
153
154
155
156
157
158
160
164
165
166
167
168
169
170
172
173
174
175
176
177
178
180
181
185
186
187
189
190
191
192
193
196
199
200
202
204
205
206
208
209
210
211
212
213
215
218
219
222
223
225
230
232
233
235
236
237
238
241
242
243
244
246
247
248
249
250
252
253
254
255
256
257
258
259
261
262
263
264
265
267
268
269
270
271
272
273
275
276
279
280
281
283
284
285
286
288
289
290
291
292
294
295
296
297
298
299
300
301
303
304
305
306
308
309
310
312
313
314
315
316
317
318
319
321
322
324
325
326
327
328
329
330
331
332
333
334
336
338
339
340
341
343
344
346
349
351
352
354
355
356
357
358
359
360
363
367
369
370
371
373
374
375
376
377
378
379
380
381
383
384
385
386
387
388
389
390
392
394
395
396
399
400
402
404
406
407
408
409
410
411
413
416
418
419
420
421
422
423
424
426
427
428
429
430
431
432
434
436
437
438
439
440
441
443
444
446
449
450
451
452
454
455
456
457
458
463
464
465
467
469
470
471
472
473
474
476
477
478
480
481
482
484
485
486
488
490
491
492
493
494
497
500
501
502
504
505
508
509
510
511
512
516
518
519
520
522
523
524
526
527
528
529
530
531
532
533
534
535
536
537
538
540
541
542
543
545
546
547
551
552
553
554
555
556
557
558
559
561
563
564
565
566
568
569
571
573
574
576
578
579
580
581
584
585
586
587
588
589
590
591
592
593
594
595
596
597
598
599
600
601
602
604
605
608
611
612
614
615
616
620
621
622
623
624
625
627
628
629
631
632
633
634
635
636
637
639
641
642
643
644
645
646
647
649
650
652
653
654
655
656
657
658
659
660
662
665
667
668
670
671
674
675
676
677
678
679
680
681
682
683
685
686
687
688
689
691
692
693
695
698
700
702
703
704
705
706
708
709
710
711
713
714
716
717
718
720
721
722
723
724
725
726
727
728
729
731
732
734
735
736
737
738
739
740
741
742
743
744
745
749
750
752
753
754
755
757
758
759
760
761
762
763
764
765
766
768
770
771
772
773
774
776
777
778
779
780
781
782
783
784
786
787
792
793
795
797
799
800
802
803
804
805
806
807
810
811
813
814
815
816
817
818
819
821
822
823
824
825
826
827
829
830
831
832
833
834
836
837
838
839
840
841
842
843
844
845
846
849
850
851
852
853
855
856
857
858
860
861
862
863
864
865
866
869
871
872
873
874
876
877
878
879
880
881
882
883
884
885
886
887
888
889
892
893
894
898
899
900
901
902
903
904
905
906
907
908
909
910
911
916
917
918
920
922
924
925
926
928
929
930
931
932
934
936
939
941
942
943
944
945
946
947
948
953
954
955
957
959
960
962
963
964
965
966
967
968
971
972
973
974
975
976
977
978
981
982
984
985
987
988
989
991
992
993
995
996
997
998
999
1000
1001
1002
1003
1005
1006
1007
1008
1009
1011
1012
1013
1015
1016
1018
1019
1020
1022
1023
1024
1025
1026
1027
1029
1032
1034
1035
1036
1037
1038
1040
1042
1043
1045
1046
1047
1048
1049
1050
1051
1052
1053
1054
1055
1056
1061
1062
1066
1067
1068
1069
1070
1071
1073
1075
1077
1078
1083
1084
1085
1086
1088
1089
1090
1092
1093
1095
1096
1099
1101
1102
1103
1104
1105
1106
1107
1108
1109
1110
1114
1115
1116
1117
1118
1121
1122
1123
1125
1127
1128
1129
1130
1131
1132
1133
1134
1135
1136
1137
1138
1139
1140
1141
1142
1143
1144
1145
1146
1147
1148
1149
1150
1153
1154
1155
1157
1158
1159
1160
1161
1164
1166
1167
1168
1169
1171
1173
1174
1175
1177
1178
1179
1180
1181
1182
1183
1185
1187
1188
1190
1192
1193
1194
1195
1196
1197
1198
1201
1202
1203
1204
1206
1207
1209
1210
1211
1212
1213
1214
1215
1216
1217
1218
1219
1220
1223
1225
1226
1227
1229
1231
1233
1234
1235
1236
1237
1238
1239
1240
1241
1242
1243
1244
1245
1246
1248
1249
1250
1252
1253
1254
1255
1256
1257
1258
1259
1262
1263
1264
1265
1266
1267
1269
1274
1276
1277
1280
1281
1282
1283
1284
1286
1288
1289
1290
1292
1293
1294
1295
1296
1300
1301
1302
1303
1304
1305
1306
1309
1310
1313
1314
1315
1316
1319
1320
1321
1322
1323
1327
1328
1331
1334
1335
1336
1337
1338
1339
1340
1341
1342
1344
1345
1347
1348
1350
1351
1352
1353
1354
1355
1356
1357
1358
1359
1361
1362
1365
1367
1369
1370
1371
1375
1377
1378
1379
1380
1381
1382
1383
1385
1386
1388
1389
1390
1392
1393
1394
1395
1396
1398
1399
1401
1403
1404
1406
1407
1408
1409
1411
1412
1414
1415
1416
1417
1418
1419
1420
1421
1422
1423
1424
1425
1426
1427
1428
1429
1431
1432
1433
1435
1437
1441
1442
1443
1444
1446
1448
1449
1450
1451
1452
1456
1457
1458
1459
1460
1462
1463
1465
1468
1469
1470
1471
1472
1473
1475
1476
1477
1478
1479
1480
1482
1483
1484
1485
1486
1488
1489
1490
1491
1492
1494
1496
1497
1498
1499
1500
1501
1502
1504
1505
1506
1507
1508
1510
1511
1512
1513
1514
1515
1516
1518
1519
1520
1521
1523
1525
1526
1527
1528
1529
1530
1531
1532
1533
1534
1535
1536
1537
1539
1540
1543
1544
1545
1546
1549
1551
1553
1554
1555
1556
1557
1558
1559
1560
1561
1562
1564
1565
1566
1567
1571
1572
1573
1574
1576
1578
1579
1581
1583
1584
1585
1586
1587
1588
1589
1590
1591
1592
1594
1595
1596
1597
1598
1600
1601
1602
1603
1605
1606
1607
1610
1612
1613
1614
1615
1616
1617
1618
1619
1620
1621
1622
1623
1624
1626
1627
1628
1629
1630
1631
1632
1633
1635
1637
1639
1641
1642
1643
1644
1645
1646
1647
1649
1651
1652
1654
1655
1656
1657
1658
1659
1662
1663
1664
1667
1669
1670
1671
1672
1673
1674
1675
1678
1681
1682
1683
1686
1687
1688
1689
1691
1692
1693
1694
1695
1696
1698
1699
1700
1701
1702
1704
1706
1707
1708
1710
1711
1712
1714
1716
1717
1719
1720
1721
1723
1725
1726
1727
1728
1730
1731
1732
1733
1734
1735
1737
1738
1739
1740
1741
1742
1743
1744
1745
1746
1747
1748
1749
1750
1751
1752
1755
1756
1757
1758
1759
1760
1762
1763
1764
1765
1766
1767
1768
1769
1770
1771
1772
1774
1775
1776
1778
1781
1782
1783
1784
1786
1787
1789
1791
1792
1793
1794
1795
1797
1799
1800
1801
1803
1804
1806
1807
1809
1810
1813
1814
1815
1816
1817
1818
1819
1820
1821
1822
1823
1824
1825
1826
1829
1830
1831
1833
1834
1835
1836
1838
1839
1841
1843
1844
1845
1846
1847
1851
1852
1855
1856
1858
1859
1861
1863
1864
1865
1866
1867
1868
1869
1870
1872
1873
1874
1876
1878
1879
1880
1881
1884
1885
1886
1887
1888
1889
1891
1892
1893
1894
1897
1899
1901
1902
1903
1907
1908
1909
1910
1911
1912
1914
1916
1919
1920
1921
1922
1923
1925
1927
1928
1930
1931
1933
1934
1935
1936
1937
1939
1943
1944
1945
1950
1951
1953
1954
1955
1956
1957
1958
1959
1960
1961
1963
1964
1966
1967
1968
1969
1970
1971
1972
1973
1974
1975
1977
1980
1981
1982
1983
1986
1987
1988
1989
1990
1991
1992
1994
1995
1996
1998
1999
2000
2003
2004
2005
2007
2008
2009
2010
2011
2012
2013
2015
2016
2017
2018
2019
2020
2021
2022
2023
2024
2025
2026
2027
2028
2029
2030
2032
2033
2034
2035
2036
2037
2038
2039
2040
2041
2042
2043
2044
2045
2046
2047
2048
2049
2050
2051
2052
2053
2054
2055
2056
2057
2058
2059
2061
2062
2063
2064
2065
2066
2067
2068
2069
2071
2072
2073
2074
2075
2076
2077
2078
2079
2080
2081
2082
2083
2084
