1
3
4
5
9
10
14
16
18
21
22
23
25
31
32
41
42
45
47
50
51
56
59
62
63
65
69
70
73
75
77
80
82
83
84
87
88
92
94
95
97
98
101
102
104
106
107
108
113
114
120
121
122
124
127
132
135
136
137
138
139
142
143
144
146
150
151
156
157
160
162
163
168
172
175
177
185
190
192
193
194
199
200
204
206
207
208
209
211
213
216
218
219
220
222
223
224
225
226
230
232
234
236
237
238
239
241
243
244
246
249
252
253
255
256
259
260
261
263
264
268
269
272
273
277
278
280
282
283
284
285
286
287
288
289
290
293
297
298
300
301
304
305
306
309
311
314
317
321
322
323
324
326
327
331
334
336
339
340
341
344
347
349
351
352
353
357
358
359
360
363
366
370
373
377
379
381
383
385
387
389
392
394
398
399
401
404
405
406
407
409
411
412
413
414
416
418
420
422
423
424
427
429
431
432
433
434
436
437
440
441
442
444
445
447
450
455
457
460
462
463
465
466
470
472
477
479
481
483
489
490
491
492
493
495
496
497
498
506
507
508
509
511
512
515
518
520
523
525
529
531
532
534
535
537
539
541
542
545
546
548
550
554
558
559
562
565
566
568
570
574
577
578
579
582
583
584
586
587
590
591
593
595
596
598
600
601
602
603
604
607
612
613
614
617
621
622
624
626
627
629
632
633
634
635
636
639
644
649
650
654
655
660
662
663
668
674
676
677
681
683
684
687
688
691
692
693
695
698
699
701
702
704
705
709
712
714
716
718
720
721
722
723
725
726
728
730
731
732
733
734
735
738
743
744
745
746
747
748
750
751
752
753
754
756
758
760
763
764
765
767
769
770
771
777
778
779
781
782
785
786
787
788
790
792
794
795
796
797
800
801
803
805
806
807
808
809
810
811
813
815
816
817
819
826
827
829
830
831
832
833
834
835
837
838
839
843
845
849
850
851
853
854
858
859
860
863
864
865
869
870
871
874
875
877
878
880
881
882
883
885
886
887
889
892
895
896
902
904
905
906
908
909
910
911
912
914
915
916
917
918
921
922
926
927
929
930
938
940
941
943
944
945
946
948
949
951
954
956
957
966
968
973
974
975
976
977
978
980
983
985
986
988
990
993
995
997
1005
1006
1008
1010
1012
1016
1018
1019
1021
1024
1027
1029
1033
1035
1036
1038
1039
1040
1041
1042
1044
1047
1050
1051
1052
1058
1062
1066
1067
1069
1070
1071
1072
1074
1076
1077
1085
1090
1091
1094
1096
1103
1104
1106
1107
1110
1111
1113
1114
1115
1116
1117
1118
1120
1121
1128
1132
1133
1134
1135
1140
1144
1146
1148
1151
1153
1154
1155
1161
1162
1164
1166
1169
1170
1172
1173
1175
1176
1177
1178
1179
1180
1183
1184
1185
1190
1191
1192
1195
1197
1199
1201
1203
1205
1206
1209
1212
1213
1214
1215
1216
1218
1220
1223
1227
1231
1236
1237
1238
1239
1241
1242
1244
1247
1250
1251
1253
1255
1258
1259
1260
1262
1264
1268
1269
1270
1272
1277
1279
1280
1281
1285
1286
1288
1292
1295
1296
1297
1298
1299
1300
1303
1305
1306
1308
1317
1319
1321
1322
1324
1327
1329
1333
1334
1335
1336
1343
1347
1348
1350
1351
1352
1353
1354
1355
1356
1364
1365
1368
1369
1370
1373
1377
1378
1379
1380
1382
1383
1385
1386
1387
1388
1389
1390
1393
1396
1397
1398
1399
1400
1401
1402
1404
1405
1411
1414
1415
1417
1418
1419
1420
1421
1422
1423
1424
1425
1426
1433
1434
1436
1437
1438
1439
1440
1444
1446
1447
1450
1451
1454
1455
1457
1459
1461
1462
1468
1469
1475
1482
1483
1484
1486
1488
1491
1492
1496
1497
1498
1503
1504
1506
1507
1509
1511
1512
1514
1515
1520
1521
1523
1524
1526
1530
1531
1532
1533
1535
1538
1539
1542
1543
1544
1548
1549
1552
1554
1555
1559
1565
1566
1568
1569
1571
1574
1575
1578
1581
1586
1587
1589
1590
1592
1593
1594
1596
1602
1603
1604
1608
1610
1614
1618
1622
1623
1624
1628
1629
1631
1636
1638
1640
1644
1647
1648
1649
1652
1653
1654
1655
1658
1659
1660
1661
1662
1663
1664
1666
1672
1676
1679
1680
1681
1682
1684
1687
1688
1689
1693
1696
1697
1699
1700
1702
1703
1704
1707
1708
1710
1712
1715
1718
1719
1725
1726
1730
1734
1735
1737
1740
1741
1744
1745
1747
1748
1750
1752
1756
1757
1758
1759
1760
1762
1763
1766
1769
1771
1772
1773
1774
1777
1778
1779
1780
1782
1783
1787
1789
1793
1796
1798
1799
1800
1801
1802
1803
1804
1814
1815
1820
1821
1822
1828
1829
1831
1832
1835
1838
1839
1840
1842
1843
1844
1847
1853
1857
1860
1861
1862
1864
1865
1866
1867
1868
1870
1872
1874
1875
1879
1880
1886
1890
1891
1892
1894
1895
1896
1903
1905
1909
1911
1913
1916
1918
1919
1925
1927
1928
1931
1934
1935
1938
1940
1942
1943
1946
1948
1955
1956
1958
1961
1962
1963
1964
1965
1967
1969
1974
1977
1978
1979
1980
1981
1982
1983
1984
1987
1989
1991
1992
1995
1997
2000
2001
2003
2004
2005
2006
2007
2008
2009
2010
2011
2013
2014
2015
2016
2017
2018
2019
2020
2021
2022
2023
2024
2025
2026
2027
2028
2030
2031
2032
2033
2034
2035
2036
2038
2039
2040
2041
2042
2043
2044
2045
2046
2047
2048
2049
2050
2051
2052
2053
2054
2055
2056
2058
2059
2061
2062
2063
2064
2065
2067
2068
2069
2070
2071
2073
2074
2075
2076
2079
2080
2081
2082
2083
