0
3
4
5
6
7
8
10
11
12
17
18
19
21
24
25
26
29
30
32
35
37
38
41
46
48
49
52
53
55
57
59
65
70
73
74
78
83
85
86
88
91
93
97
101
104
107
110
115
116
117
118
119
121
123
124
130
131
133
135
136
139
141
142
143
145
150
153
159
162
163
164
166
168
170
172
174
177
182
183
185
187
188
191
193
197
202
204
205
207
208
209
214
215
217
222
227
228
229
230
236
237
239
240
241
243
244
245
246
247
249
250
252
254
255
259
261
265
267
268
269
270
273
275
278
279
281
284
286
288
289
291
292
293
294
297
299
301
302
306
307
311
315
316
317
322
323
326
327
331
332
333
334
336
341
342
343
345
346
347
350
351
353
354
355
358
360
362
363
366
368
371
373
376
377
378
384
386
388
391
392
396
397
399
401
402
403
407
409
410
411
414
417
420
422
423
424
425
427
429
430
434
437
438
439
441
442
444
445
447
453
455
456
457
458
459
464
468
472
474
477
478
483
487
488
490
491
493
494
496
499
500
501
502
504
505
507
509
511
513
519
522
523
524
525
527
528
530
531
532
533
534
535
536
538
539
542
543
545
547
548
549
551
552
556
558
560
563
564
565
567
568
570
574
575
579
580
581
583
584
586
597
598
599
601
603
604
605
606
607
609
610
611
614
615
618
619
621
622
624
626
628
632
633
635
637
638
643
648
651
652
655
657
659
662
663
670
671
676
677
678
680
681
682
683
684
685
687
688
691
692
693
698
700
701
702
703
704
708
710
711
713
715
720
721
722
723
726
727
728
729
731
732
733
737
738
739
742
743
746
747
748
753
754
756
759
761
764
768
769
771
772
773
774
778
780
783
784
785
788
789
793
794
795
796
797
799
801
802
804
806
809
812
815
816
817
819
820
823
825
826
829
833
839
840
843
845
848
850
851
852
854
855
858
859
861
862
863
864
865
867
870
871
872
874
875
876
878
881
882
886
888
894
896
899
901
902
903
904
905
908
909
910
914
915
918
919
920
922
924
927
929
931
934
935
936
938
939
940
942
944
945
947
952
954
957
958
959
960
962
963
964
968
970
972
973
975
976
978
979
980
982
984
986
988
989
994
995
997
998
999
1003
1004
1005
1006
1007
1009
1012
1013
1016
1019
1022
1029
1032
1033
1036
1038
1039
1045
1046
1049
1050
1051
1052
1055
1056
1059
1060
1062
1063
1066
1067
1068
1071
1075
1078
1079
1080
1082
1083
1084
1085
1086
1088
1090
1092
1094
1096
1097
1102
1103
1104
1105
1106
1107
1109
1110
1111
1112
1115
1117
1123
1128
1129
1130
1131
1132
1135
1136
1137
1140
1143
1145
1147
1148
1151
1159
1162
1165
1168
1172
1173
1176
1180
1183
1190
1191
1192
1194
1195
1196
1197
1198
1199
1200
1201
1203
1208
1209
1212
1214
1216
1218
1219
1220
1222
1229
1230
1232
1237
1238
1239
1244
1245
1246
1247
1248
1251
1254
1255
1256
1260
1261
1263
1264
1265
1268
1270
1271
1275
1276
1280
1282
1284
1288
1292
1294
1295
1298
1300
1301
1302
1303
1306
1307
1310
1311
1313
1317
1318
1321
1322
1323
1331
1332
1333
1334
1335
1338
1341
1342
1343
1344
1345
1346
1350
1353
1358
1361
1369
1370
1372
1376
1378
1379
1382
1383
1385
1386
1391
1392
1393
1394
1395
1397
1399
1403
1404
1406
1407
1408
1411
1412
1413
1414
1416
1417
1420
1424
1425
1426
1428
1430
1435
1437
1438
1441
1446
1447
1448
1450
1453
1454
1455
1457
1458
1462
1464
1466
1469
1470
1471
1472
1477
1479
1480
1488
1489
1490
1492
1493
1495
1496
1498
1499
1501
1502
1503
1505
1508
1509
1511
1514
1515
1518
1519
1520
1521
1525
1528
1529
1530
1532
1536
1537
1539
1540
1541
1543
1544
1545
1546
1552
1558
1561
1563
1564
1565
1566
1568
1569
1571
1573
1575
1577
1580
1581
1582
1585
1592
1593
1598
1601
1607
1608
1610
1617
1618
1619
1624
1625
1626
1627
1628
1629
1631
1632
1635
1637
1639
1640
1642
1644
1645
1646
1649
1651
1652
1654
1655
1657
1659
1660
1661
1662
1664
1667
1669
1671
1672
1673
1675
1677
1678
1681
1685
1688
1689
1692
1693
1695
1696
1699
1700
1702
1705
1706
1707
1708
1714
1715
1718
1719
1721
1724
1726
1728
1729
1730
1732
1734
1737
1745
1746
1748
1749
1752
1754
1757
1758
1761
1762
1765
1766
1767
1768
1770
1772
1779
1781
1782
1784
1787
1788
1789
1791
1792
1793
1795
1797
1798
1800
1801
1802
1805
1806
1807
1808
1810
1811
1812
1814
1815
1819
1820
1823
1828
1830
1831
1832
1833
1834
1835
1836
1838
1841
1845
1846
1849
1852
1856
1857
1859
1864
1867
1869
1870
1871
1872
1873
1877
1878
1879
1882
1884
1887
1889
1894
1896
1899
1901
1902
1904
1905
1908
1911
1913
1917
1918
1921
1924
1925
1929
1930
1932
1933
1934
1936
1938
1940
1942
1943
1944
1945
1946
1947
1955
1956
1957
1959
1963
1964
1966
1968
1969
1971
1972
1973
1975
1976
1977
1978
1980
1981
1982
1988
1990
1991
1992
1994
1996
1998
2000
2001
2002
2003
2004
2005
2006
2007
2008
2009
2011
2012
2014
2015
2016
2017
2018
2019
2020
2023
2024
2025
2026
2027
2028
2029
2030
2032
2033
2035
2036
2037
2038
2039
2040
2041
2043
2044
2046
2047
2049
2050
2051
2052
2053
2054
2055
2056
2058
2059
2061
2062
2063
2064
2065
2066
2067
2069
2070
2071
2072
2073
2074
2075
2076
2077
2078
2082
2083
2084
