0
1
2
4
5
6
8
9
10
12
14
15
16
17
18
22
23
24
25
29
30
33
35
36
38
40
41
45
47
48
51
52
53
56
59
60
62
63
66
69
72
73
75
76
77
81
82
83
84
87
94
95
97
99
100
102
103
107
111
114
115
116
120
121
125
126
127
129
130
131
132
133
138
139
141
142
144
145
147
148
150
151
153
154
155
157
158
162
163
164
167
170
171
174
175
177
179
180
181
184
188
190
191
192
194
196
197
199
202
204
205
208
211
213
214
217
219
220
225
226
227
229
230
233
235
236
237
238
239
243
247
248
249
250
255
257
258
259
261
262
263
264
265
266
269
270
274
276
277
280
285
287
290
291
293
299
300
301
304
305
306
308
309
312
315
317
318
320
327
328
329
330
332
335
336
340
342
343
347
348
349
350
354
357
359
361
362
366
367
368
369
371
377
378
379
380
381
384
387
388
389
391
392
394
395
396
397
399
400
401
404
407
409
411
413
416
418
420
421
422
424
426
427
429
430
431
432
433
437
438
441
444
445
448
450
451
457
461
463
466
467
470
472
474
479
481
482
484
485
486
488
492
493
494
495
496
497
498
500
501
504
506
507
512
513
515
517
520
522
524
526
527
531
532
533
537
539
540
542
543
546
547
549
552
554
555
557
560
561
564
565
568
573
574
579
583
584
585
590
591
595
600
601
604
608
613
616
619
620
621
622
625
627
628
630
631
633
634
636
637
638
642
643
644
646
648
650
651
655
656
657
658
659
661
662
663
666
668
670
675
676
678
682
685
689
691
693
694
695
696
702
703
707
708
709
715
718
721
722
725
727
729
730
731
732
733
734
736
742
743
747
748
749
754
764
765
772
773
774
776
777
778
782
783
784
786
790
792
796
797
799
803
804
807
808
809
811
812
814
815
816
817
818
822
823
825
830
833
834
835
836
837
838
839
840
841
843
845
846
848
849
850
852
856
858
862
863
864
866
867
871
872
876
877
878
880
881
882
884
885
887
888
889
890
891
892
893
896
897
898
899
901
902
903
904
909
913
918
919
920
922
923
924
926
927
929
934
935
936
937
939
941
951
952
954
955
956
957
958
963
967
968
972
976
979
982
983
986
988
990
991
992
995
997
998
999
1000
1001
1002
1006
1008
1013
1014
1017
1019
1023
1024
1025
1031
1032
1035
1036
1038
1041
1051
1052
1053
1057
1058
1062
1063
1064
1065
1068
1069
1072
1074
1075
1076
1077
1078
1082
1083
1086
1088
1089
1090
1091
1094
1095
1096
1098
1100
1101
1103
1104
1110
1111
1114
1117
1118
1119
1121
1122
1123
1126
1127
1128
1129
1130
1132
1133
1134
1137
1140
1141
1144
1146
1151
1154
1156
1158
1160
1163
1166
1167
1168
1169
1173
1175
1178
1181
1183
1185
1194
1195
1196
1197
1198
1199
1205
1206
1207
1208
1211
1212
1217
1218
1220
1226
1227
1228
1231
1232
1233
1237
1238
1240
1241
1244
1245
1246
1247
1248
1250
1252
1254
1255
1257
1260
1263
1264
1265
1266
1270
1272
1276
1277
1278
1280
1284
1286
1294
1296
1298
1301
1302
1303
1304
1305
1307
1308
1309
1310
1311
1312
1313
1315
1316
1321
1323
1324
1325
1326
1327
1328
1329
1336
1342
1343
1344
1345
1347
1349
1351
1356
1357
1360
1361
1362
1367
1368
1370
1372
1373
1374
1375
1380
1389
1391
1393
1394
1395
1398
1399
1401
1404
1405
1406
1407
1410
1414
1419
1421
1423
1425
1427
1429
1430
1431
1432
1433
1435
1436
1439
1441
1442
1444
1450
1453
1454
1457
1458
1459
1460
1462
1463
1464
1465
1467
1468
1470
1472
1474
1476
1477
1479
1481
1482
1488
1489
1491
1493
1494
1497
1498
1500
1501
1503
1507
1510
1520
1521
1523
1526
1529
1530
1531
1532
1534
1539
1540
1544
1546
1549
1552
1553
1555
1556
1557
1558
1563
1565
1567
1570
1571
1576
1580
1582
1585
1587
1589
1590
1593
1604
1606
1609
1610
1611
1612
1614
1616
1617
1618
1619
1620
1621
1622
1623
1625
1626
1628
1629
1630
1631
1632
1635
1636
1638
1639
1640
1644
1648
1650
1653
1656
1659
1661
1663
1667
1668
1669
1670
1671
1677
1680
1683
1688
1690
1691
1692
1693
1697
1700
1701
1702
1705
1706
1707
1708
1709
1710
1712
1713
1715
1716
1720
1726
1729
1730
1731
1733
1736
1737
1738
1747
1748
1749
1754
1755
1756
1760
1762
1763
1765
1767
1769
1772
1773
1775
1777
1779
1780
1783
1785
1786
1787
1788
1789
1792
1794
1795
1797
1803
1806
1807
1813
1814
1815
1817
1818
1819
1821
1822
1823
1826
1828
1832
1833
1834
1835
1838
1839
1841
1843
1846
1847
1852
1855
1856
1858
1859
1860
1866
1867
1870
1872
1873
1874
1875
1876
1879
1882
1883
1884
1886
1889
1891
1894
1896
1897
1898
1901
1903
1904
1907
1908
1909
1913
1917
1920
1923
1926
1928
1930
1932
1933
1934
1935
1938
1939
1940
1941
1947
1949
1955
1958
1962
1963
1967
1968
1969
1970
1972
1973
1976
1978
1979
1984
1990
1991
1993
1995
1997
2000
2001
2002
2003
2004
2005
2006
2007
2008
2009
2010
2011
2012
2013
2014
2015
2016
2017
2018
2019
2020
2022
2023
2024
2025
2026
2027
2028
2029
2030
2031
2033
2034
2035
2036
2038
2039
2040
2041
2042
2043
2044
2045
2046
2048
2049
2050
2051
2053
2054
2055
2056
2057
2058
2059
2060
2061
2062
2063
2064
2066
2067
2068
2069
2070
2071
2072
2073
2075
2076
2077
2078
2079
2080
2081
2082
2083
2084
