3
5
9
12
14
19
23
29
35
41
43
44
52
56
61
63
65
67
69
71
72
76
81
82
86
88
91
97
98
99
100
101
106
115
121
130
139
143
156
163
167
177
181
184
188
192
199
206
207
209
214
218
221
226
228
232
243
246
247
249
269
274
283
288
297
301
305
308
316
317
318
321
323
329
330
331
343
345
346
359
361
373
374
377
387
389
392
393
401
419
420
422
430
431
439
463
466
470
472
479
485
492
501
503
506
509
512
520
521
524
530
543
554
560
561
565
567
571
573
596
601
604
606
613
615
617
625
628
630
632
633
636
637
639
642
645
650
655
657
662
663
665
674
676
679
681
682
685
693
696
704
705
706
718
720
722
723
725
730
734
739
742
744
746
748
751
753
755
757
759
765
771
772
773
774
776
786
793
797
801
803
804
813
830
836
841
843
856
863
864
865
868
875
884
885
889
893
901
902
911
913
919
920
922
927
929
936
938
943
953
958
962
964
965
968
972
976
981
984
1004
1006
1009
1013
1016
1021
1022
1029
1032
1034
1039
1040
1041
1047
1048
1049
1057
1058
1080
1086
1091
1094
1102
1103
1110
1118
1121
1124
1125
1127
1128
1129
1140
1141
1144
1146
1165
1172
1175
1178
1183
1185
1188
1191
1195
1197
1198
1199
1200
1202
1207
1208
1211
1220
1225
1226
1241
1244
1254
1259
1260
1261
1262
1268
1270
1271
1282
1284
1289
1296
1297
1301
1304
1305
1309
1310
1311
1313
1322
1323
1324
1325
1331
1342
1345
1353
1355
1359
1366
1367
1370
1371
1373
1391
1396
1398
1400
1401
1422
1434
1436
1446
1457
1460
1464
1468
1471
1478
1481
1485
1491
1497
1499
1508
1509
1513
1516
1517
1520
1523
1527
1529
1530
1532
1535
1540
1543
1548
1550
1563
1577
1581
1582
1583
1585
1586
1589
1590
1592
1593
1619
1624
1627
1628
1632
1634
1639
1643
1645
1648
1654
1658
1668
1676
1680
1681
1688
1706
1707
1713
1716
1723
1724
1737
1743
1744
1747
1748
1752
1754
1757
1765
1768
1774
1775
1778
1784
1785
1788
1791
1803
1806
1807
1812
1815
1816
1820
1827
1829
1830
1836
1841
1843
1844
1846
1847
1852
1861
1862
1873
1882
1883
1884
1886
1887
1898
1904
1907
1913
1919
1920
1924
1929
1931
1934
1935
1938
1941
1943
1946
1955
1958
1964
1968
1972
1975
1976
1981
1983
1986
1989
1991
1997
1998
2000
2001
2003
2004
2005
2007
2009
2010
2011
2012
2013
2014
2015
2016
2017
2018
2019
2021
2022
2023
2024
2025
2026
2027
2028
2030
2031
2032
2033
2035
2036
2037
2038
2039
2041
2042
2043
2044
2045
2046
2048
2049
2051
2052
2054
2056
2058
2059
2061
2062
2063
2065
2067
2068
2069
2070
2072
2073
2075
2076
2077
2078
2079
2080
2081
2082
2083
2084
