19
24
26
49
57
70
78
83
86
119
139
141
142
150
182
187
204
236
243
249
267
269
270
275
278
281
294
301
302
306
336
342
345
360
366
384
409
414
420
422
425
430
434
464
468
472
494
502
505
519
525
534
543
568
570
579
599
626
659
663
685
687
692
701
720
722
729
732
746
747
783
788
796
797
801
804
826
861
864
901
902
904
908
929
942
945
954
957
959
975
978
1006
1012
1013
1022
1059
1067
1068
1071
1084
1085
1104
1112
1117
1128
1143
1147
1151
1162
1183
1199
1201
1203
1212
1214
1222
1263
1268
1270
1275
1276
1301
1341
1358
1370
1397
1399
1404
1417
1420
1424
1446
1450
1477
1492
1495
1496
1498
1514
1520
1532
1544
1619
1631
1661
1673
1677
1693
1705
1708
1734
1737
1749
1770
1779
1797
1802
1808
1810
1814
1815
1869
1902
1913
1921
1934
1946
1956
1957
1976
1981
1998
2000
2004
2005
2007
2008
2011
2012
2015
2017
2019
2023
2027
2033
2041
2043
2044
2047
2049
2050
2051
2052
2053
2054
2055
2056
2063
2064
2066
2070
2071
2074
2076
2077
2078
2082
2083
