4
18
35
54
60
62
76
83
87
106
110
138
142
179
191
199
243
245
256
269
275
280
288
290
293
299
300
301
311
319
331
338
363
376
377
395
400
407
420
422
443
465
466
495
534
544
545
549
561
567
568
574
589
593
595
598
618
642
685
709
723
728
733
743
747
761
776
784
834
835
858
864
873
885
886
902
930
934
943
957
993
1005
1012
1019
1031
1032
1066
1081
1099
1103
1130
1142
1170
1185
1199
1220
1222
1242
1254
1270
1284
1298
1301
1310
1326
1328
1339
1342
1344
1345
1370
1409
1417
1419
1423
1426
1434
1475
1501
1505
1559
1563
1570
1610
1621
1644
1661
1682
1686
1688
1693
1702
1708
1713
1726
1730
1749
1779
1790
1815
1834
1852
1857
1858
1861
1862
1864
1866
1867
1880
1882
1887
1901
1917
1925
1942
1948
2000
2001
2003
2005
2007
2008
2010
2011
2012
2013
2014
2015
2016
2017
2018
2019
2021
2022
2024
2025
2027
2031
2033
2036
2040
2041
2043
2044
2047
2048
2049
2051
2052
2054
2056
2057
2058
2059
2061
2062
2063
2065
2069
2071
2075
2076
2079
2080
2081
2083
2084
