0
1
4
5
7
8
10
11
16
17
18
21
24
25
26
28
29
33
35
39
44
45
47
50
54
55
56
58
59
63
64
65
66
69
70
72
75
76
77
79
84
85
86
87
89
94
96
98
99
103
104
107
109
112
113
114
116
119
123
124
128
129
133
135
137
142
143
146
148
149
150
151
153
156
157
158
166
167
169
170
171
175
177
179
184
185
188
190
191
193
196
198
199
200
202
204
209
211
212
213
214
215
216
218
221
224
225
228
229
231
233
234
235
236
242
243
244
246
249
251
252
258
262
266
269
270
273
274
275
280
283
284
286
287
288
289
291
292
295
296
299
303
304
306
307
308
313
314
315
316
317
318
321
324
325
327
331
334
335
341
342
343
345
346
347
348
352
359
360
361
365
368
371
374
377
378
379
383
384
385
386
387
388
390
392
395
400
401
405
408
411
414
417
420
421
422
423
424
428
431
433
434
435
437
439
441
443
444
450
453
459
462
463
464
468
472
473
478
479
484
485
486
487
488
490
492
494
496
497
500
503
504
506
508
511
514
515
518
521
522
527
530
531
532
534
537
541
542
543
545
546
549
550
552
553
554
557
560
561
563
564
565
571
572
573
579
582
585
586
593
594
596
597
598
601
602
603
605
606
608
609
611
614
616
619
622
626
627
628
630
632
635
637
638
641
643
645
647
648
653
654
655
656
657
658
660
661
665
667
668
669
670
671
674
675
676
677
678
680
681
682
683
684
686
687
689
691
692
693
698
701
703
705
707
708
710
711
713
714
717
720
723
724
725
729
730
732
733
735
737
738
742
743
745
746
747
748
749
750
752
754
755
757
763
770
774
776
777
778
780
782
784
785
789
792
794
796
797
801
803
805
807
809
810
816
817
822
823
825
831
833
835
837
838
840
843
844
845
848
851
853
856
857
858
860
862
864
865
868
869
871
872
877
878
880
882
883
885
888
889
891
893
894
895
896
897
898
902
903
912
913
916
925
926
929
930
931
932
934
935
937
938
939
940
941
945
946
947
948
949
952
957
959
962
964
966
968
971
972
973
975
980
982
984
987
989
991
993
994
999
1001
1002
1004
1006
1009
1010
1012
1013
1015
1018
1019
1020
1025
1028
1029
1030
1031
1032
1034
1035
1040
1041
1044
1045
1047
1050
1051
1052
1055
1057
1059
1061
1062
1065
1068
1069
1070
1071
1072
1076
1078
1079
1082
1085
1086
1089
1092
1094
1103
1104
1105
1106
1108
1109
1110
1111
1113
1114
1117
1119
1120
1121
1122
1123
1126
1128
1129
1130
1131
1133
1137
1140
1142
1143
1144
1146
1147
1148
1149
1154
1155
1158
1159
1161
1162
1163
1164
1165
1166
1168
1170
1171
1172
1175
1179
1181
1182
1183
1184
1185
1186
1187
1190
1191
1193
1198
1199
1200
1201
1202
1206
1207
1208
1211
1212
1213
1215
1216
1218
1219
1220
1221
1222
1226
1227
1232
1234
1236
1241
1242
1249
1250
1251
1254
1258
1259
1260
1262
1264
1265
1268
1270
1273
1274
1276
1279
1281
1282
1283
1286
1288
1289
1291
1295
1296
1300
1301
1303
1304
1306
1309
1310
1313
1317
1318
1320
1321
1322
1324
1325
1330
1332
1333
1334
1335
1336
1339
1340
1343
1344
1345
1346
1348
1349
1351
1355
1361
1362
1364
1365
1367
1369
1370
1372
1374
1382
1383
1385
1390
1391
1392
1393
1394
1396
1397
1398
1400
1402
1403
1409
1410
1411
1414
1415
1416
1417
1418
1422
1424
1429
1431
1432
1435
1436
1438
1439
1442
1444
1446
1448
1449
1452
1453
1455
1458
1460
1461
1462
1465
1468
1469
1471
1473
1474
1475
1476
1478
1479
1480
1481
1482
1483
1485
1488
1490
1491
1495
1496
1497
1501
1507
1508
1510
1511
1512
1515
1516
1517
1518
1524
1525
1527
1528
1535
1537
1543
1552
1553
1554
1558
1559
1562
1565
1566
1568
1569
1573
1574
1576
1578
1582
1586
1587
1588
1589
1590
1591
1592
1593
1594
1596
1597
1598
1599
1601
1605
1607
1609
1613
1614
1615
1617
1618
1619
1623
1624
1625
1630
1632
1634
1641
1643
1649
1650
1656
1657
1658
1661
1663
1665
1666
1667
1668
1670
1673
1678
1680
1683
1689
1691
1694
1695
1698
1699
1701
1702
1703
1705
1706
1707
1708
1709
1712
1713
1714
1716
1717
1719
1723
1724
1727
1728
1729
1730
1731
1732
1734
1735
1740
1746
1747
1749
1750
1751
1752
1753
1754
1755
1756
1758
1762
1763
1764
1765
1766
1767
1768
1769
1773
1776
1779
1780
1783
1786
1787
1788
1789
1790
1791
1795
1797
1798
1805
1806
1807
1808
1812
1814
1817
1818
1821
1823
1825
1826
1827
1828
1831
1832
1833
1834
1836
1839
1840
1841
1842
1844
1845
1846
1847
1850
1852
1853
1855
1857
1858
1864
1865
1866
1870
1873
1875
1881
1882
1885
1886
1888
1889
1890
1896
1899
1901
1902
1904
1905
1906
1907
1909
1910
1915
1916
1917
1918
1921
1924
1925
1926
1928
1930
1934
1935
1937
1939
1942
1943
1945
1947
1950
1951
1953
1955
1956
1957
1958
1962
1964
1965
1969
1972
1973
1974
1975
1976
1977
1980
1981
1983
1984
1986
1988
1989
1991
1992
1998
1999
2000
2002
2003
2005
2008
2009
2010
2011
2012
2013
2014
2015
2016
2017
2018
2019
2021
2023
2024
2025
2027
2028
2030
2032
2033
2034
2035
2036
2037
2038
2039
2040
2041
2042
2043
2044
2045
2046
2047
2048
2049
2050
2051
2052
2054
2055
2056
2057
2058
2059
2061
2062
2064
2065
2066
2067
2069
2070
2071
2072
2074
2075
2078
2079
2080
2082
2083
2084
