1
2
3
5
6
8
10
11
12
13
14
15
18
21
23
25
26
28
30
36
41
42
44
46
54
55
59
60
62
65
70
73
76
77
79
80
82
83
89
94
97
98
99
100
103
106
108
116
117
119
125
126
129
132
133
135
138
141
143
144
147
151
154
156
158
160
163
164
166
167
169
170
172
173
174
175
176
177
179
180
181
188
191
192
194
195
196
197
199
201
204
205
208
209
211
213
214
216
217
218
221
226
227
228
229
230
233
234
236
243
245
246
249
250
251
252
253
255
257
260
261
264
267
270
272
273
275
276
280
282
284
285
288
292
294
296
299
300
301
303
306
307
308
309
310
313
317
323
324
326
328
330
331
332
333
334
336
338
341
343
345
346
347
348
349
350
351
352
354
356
358
360
361
363
364
368
371
374
375
376
377
383
384
385
386
388
389
390
391
395
397
399
404
405
406
407
408
409
413
414
415
416
420
422
423
427
430
431
432
434
435
437
443
445
448
454
455
461
463
464
466
467
468
469
480
482
483
484
485
488
489
494
499
500
501
502
507
509
510
514
516
520
523
524
526
529
532
533
534
536
537
539
541
546
547
548
550
552
553
554
559
560
563
564
565
571
573
574
576
577
578
579
580
583
584
585
586
590
594
595
596
597
598
600
602
605
606
611
613
617
619
621
623
624
625
627
629
630
632
634
635
636
638
640
641
643
654
655
658
659
662
663
664
665
670
673
678
680
682
683
684
685
688
689
695
698
699
705
706
708
709
712
713
718
720
721
722
723
724
725
726
727
728
729
730
733
738
739
740
743
745
746
747
748
749
750
751
752
754
755
756
757
759
760
761
764
765
766
770
774
778
780
782
783
785
787
788
790
791
793
795
797
799
801
802
803
804
807
809
810
813
814
820
821
823
827
828
829
830
831
834
835
836
837
840
841
842
843
845
847
852
854
857
858
859
861
865
867
868
869
871
872
873
874
875
876
878
879
880
883
886
888
889
890
892
894
896
897
899
902
903
906
908
909
911
913
915
918
923
925
926
928
929
930
934
936
938
940
941
943
946
947
957
958
959
960
962
963
966
967
968
970
971
977
978
980
982
984
986
987
990
992
993
994
995
996
997
998
999
1000
1001
1002
1003
1005
1006
1009
1011
1014
1020
1025
1026
1027
1028
1031
1032
1033
1037
1039
1041
1043
1044
1047
1048
1050
1051
1055
1057
1059
1061
1062
1064
1066
1068
1069
1070
1071
1072
1074
1076
1077
1079
1081
1088
1089
1090
1092
1093
1096
1099
1102
1103
1104
1106
1107
1108
1109
1111
1119
1121
1122
1123
1125
1127
1128
1130
1132
1133
1134
1138
1140
1146
1148
1149
1150
1153
1154
1158
1159
1163
1164
1165
1166
1171
1175
1177
1180
1181
1182
1183
1184
1187
1188
1190
1191
1194
1196
1197
1199
1200
1202
1203
1204
1205
1206
1210
1211
1212
1214
1220
1221
1222
1223
1226
1228
1233
1235
1240
1241
1242
1244
1248
1250
1254
1255
1257
1258
1261
1262
1264
1267
1268
1270
1275
1277
1281
1284
1285
1286
1291
1292
1294
1295
1301
1303
1304
1305
1306
1312
1313
1317
1318
1319
1324
1325
1326
1328
1329
1330
1332
1334
1336
1337
1343
1345
1349
1352
1353
1354
1356
1358
1359
1369
1370
1374
1377
1380
1385
1387
1391
1393
1396
1398
1399
1400
1404
1406
1409
1411
1415
1419
1420
1421
1427
1429
1430
1432
1433
1435
1438
1439
1442
1443
1444
1445
1446
1450
1454
1458
1459
1461
1463
1464
1466
1468
1469
1471
1472
1473
1474
1475
1480
1481
1484
1488
1492
1494
1496
1500
1502
1505
1506
1507
1510
1512
1514
1515
1516
1518
1520
1521
1524
1526
1528
1529
1536
1537
1539
1544
1547
1548
1549
1551
1553
1554
1556
1557
1558
1559
1562
1563
1567
1572
1577
1578
1580
1581
1583
1586
1587
1588
1589
1593
1594
1595
1596
1597
1600
1601
1602
1604
1606
1607
1608
1610
1611
1614
1615
1619
1622
1623
1624
1625
1628
1631
1634
1636
1638
1642
1644
1647
1650
1651
1652
1653
1659
1660
1662
1664
1667
1670
1674
1675
1678
1679
1680
1683
1686
1688
1691
1693
1695
1696
1698
1701
1705
1706
1708
1711
1713
1714
1715
1717
1718
1719
1720
1721
1724
1725
1727
1728
1730
1731
1732
1733
1734
1736
1737
1739
1741
1743
1744
1746
1747
1750
1754
1760
1761
1762
1763
1764
1765
1767
1772
1773
1774
1775
1776
1777
1780
1781
1783
1784
1785
1787
1788
1789
1790
1791
1794
1795
1797
1798
1804
1807
1808
1812
1816
1818
1819
1820
1822
1823
1825
1826
1827
1829
1831
1833
1834
1835
1841
1844
1845
1847
1848
1849
1852
1854
1855
1856
1858
1859
1862
1863
1864
1865
1866
1869
1870
1875
1880
1881
1882
1883
1886
1889
1891
1894
1895
1897
1899
1902
1903
1904
1905
1907
1909
1911
1915
1917
1918
1919
1921
1922
1923
1924
1925
1926
1927
1930
1933
1936
1940
1941
1942
1943
1945
1949
1951
1953
1955
1958
1960
1962
1964
1965
1967
1969
1970
1972
1974
1976
1978
1981
1982
1986
1987
1991
1992
1996
1998
2001
2002
2003
2004
2005
2007
2008
2010
2012
2013
2014
2015
2016
2017
2018
2019
2020
2021
2022
2023
2024
2025
2026
2027
2028
2032
2033
2034
2035
2037
2038
2039
2040
2041
2042
2043
2044
2045
2046
2048
2049
2050
2051
2052
2053
2054
2055
2057
2058
2059
2060
2061
2062
2064
2065
2066
2067
2068
2069
2070
2071
2073
2074
2076
2077
2078
2079
2080
2082
2083
2084
