0
2
4
5
6
10
11
13
15
16
17
18
19
20
21
22
24
25
26
28
29
31
33
35
36
38
41
42
45
46
47
48
49
51
54
55
59
62
65
72
75
76
78
80
81
83
84
86
87
88
91
93
95
97
98
101
104
105
106
109
111
113
115
116
120
122
123
124
125
126
128
129
132
135
136
139
142
144
147
148
149
150
153
157
158
160
161
165
166
167
169
170
172
178
179
180
181
182
183
185
186
188
190
191
194
195
197
202
205
206
208
209
214
215
221
225
230
231
232
233
235
236
241
245
249
252
254
255
257
260
261
263
264
265
266
268
269
275
276
278
279
285
287
288
289
293
294
298
301
304
305
308
309
311
321
322
324
325
326
327
328
330
331
335
344
347
348
350
351
354
355
356
362
363
366
369
370
373
376
387
392
393
394
395
397
399
400
402
405
406
407
409
410
411
418
420
422
428
429
430
431
434
435
437
439
443
446
448
452
453
454
457
465
466
468
472
474
477
479
481
483
485
487
488
489
490
491
492
494
495
499
500
502
503
504
505
506
512
516
519
520
526
528
529
530
531
532
534
535
539
541
542
543
544
545
547
549
550
552
554
555
559
560
562
563
567
568
569
572
574
575
580
581
584
585
588
589
591
594
596
598
599
602
604
605
606
613
619
622
623
624
626
628
629
630
631
632
633
634
635
636
638
641
642
645
646
647
649
653
656
659
660
663
666
667
668
669
670
671
672
682
683
685
687
694
696
698
699
700
702
706
708
709
710
711
720
721
722
723
725
727
728
729
733
737
739
742
744
745
746
751
752
753
754
755
758
759
760
763
765
766
767
768
773
776
777
778
781
783
784
785
787
788
790
791
792
794
797
800
801
803
808
809
810
811
813
814
820
821
826
827
828
829
830
831
833
834
836
838
840
842
845
848
850
853
856
858
859
862
863
864
869
871
874
875
882
883
884
885
886
887
888
889
890
891
895
899
901
902
906
909
910
914
915
916
917
918
919
922
924
927
928
931
936
938
942
943
945
946
947
948
951
954
955
957
960
961
962
966
967
968
972
973
974
976
978
979
980
982
987
992
993
996
1000
1001
1003
1007
1011
1012
1013
1020
1021
1022
1024
1027
1033
1035
1036
1037
1039
1041
1055
1061
1062
1063
1064
1066
1068
1070
1071
1072
1075
1076
1081
1085
1091
1094
1099
1103
1104
1107
1108
1110
1111
1112
1113
1115
1117
1118
1120
1121
1127
1128
1129
1131
1132
1133
1139
1140
1142
1143
1144
1145
1147
1151
1154
1155
1156
1157
1163
1166
1169
1170
1174
1175
1177
1180
1183
1186
1188
1191
1194
1196
1197
1201
1202
1203
1204
1207
1209
1212
1214
1216
1217
1218
1220
1221
1222
1223
1227
1228
1230
1232
1235
1236
1237
1238
1241
1242
1243
1244
1245
1246
1247
1249
1251
1254
1257
1258
1261
1263
1265
1268
1269
1270
1272
1273
1275
1277
1278
1283
1284
1290
1294
1295
1296
1298
1299
1300
1301
1302
1305
1307
1308
1311
1312
1316
1317
1321
1323
1324
1325
1326
1328
1330
1331
1333
1334
1337
1338
1340
1342
1343
1344
1345
1351
1354
1356
1357
1358
1360
1365
1366
1367
1369
1370
1373
1374
1375
1379
1383
1387
1390
1392
1396
1397
1399
1401
1402
1404
1408
1409
1413
1415
1417
1423
1424
1427
1429
1430
1431
1432
1435
1441
1443
1450
1452
1454
1456
1458
1459
1460
1461
1463
1465
1466
1467
1468
1469
1473
1474
1475
1476
1477
1480
1483
1484
1485
1486
1487
1489
1491
1492
1493
1494
1495
1496
1498
1501
1504
1512
1514
1517
1520
1523
1525
1530
1532
1535
1536
1537
1538
1540
1543
1544
1546
1548
1551
1555
1557
1558
1561
1563
1566
1568
1570
1571
1572
1573
1574
1576
1577
1578
1580
1581
1584
1585
1587
1588
1591
1594
1595
1596
1598
1602
1605
1606
1608
1609
1612
1616
1618
1619
1620
1621
1622
1624
1625
1628
1629
1633
1636
1638
1642
1646
1649
1650
1652
1653
1654
1655
1658
1659
1660
1661
1662
1665
1667
1669
1670
1672
1673
1674
1675
1676
1677
1678
1680
1682
1688
1690
1692
1693
1695
1698
1700
1701
1702
1708
1710
1711
1712
1713
1715
1719
1721
1725
1726
1727
1728
1730
1732
1734
1744
1745
1746
1747
1749
1752
1754
1758
1760
1762
1763
1764
1765
1766
1768
1769
1770
1772
1774
1775
1778
1779
1781
1783
1786
1787
1788
1792
1793
1794
1795
1802
1803
1805
1808
1812
1814
1815
1816
1818
1821
1823
1824
1826
1829
1830
1831
1834
1836
1838
1839
1840
1841
1842
1843
1845
1846
1847
1848
1849
1854
1855
1857
1860
1861
1864
1866
1867
1868
1869
1870
1871
1873
1874
1877
1879
1880
1881
1882
1883
1884
1885
1886
1888
1889
1893
1894
1895
1897
1898
1900
1901
1904
1905
1907
1908
1911
1914
1917
1918
1919
1922
1924
1925
1926
1927
1929
1931
1934
1935
1942
1943
1944
1945
1951
1953
1959
1960
1963
1964
1968
1969
1970
1971
1973
1978
1979
1980
1983
1984
1986
1991
1992
1994
1998
2000
2001
2002
2003
2004
2005
2006
2007
2008
2009
2010
2011
2012
2013
2014
2015
2016
2017
2018
2019
2020
2021
2022
2023
2024
2025
2026
2027
2028
2029
2030
2031
2032
2033
2034
2035
2036
2037
2038
2039
2040
2041
2042
2043
2044
2045
2046
2047
2048
2049
2050
2051
2052
2053
2054
2055
2056
2057
2058
2059
2060
2061
2062
2063
2064
2065
2067
2068
2069
2070
2071
2072
2073
2074
2075
2076
2077
2078
2079
2080
2081
2082
2083
2084
