5
6
9
10
15
23
24
29
46
47
55
56
58
79
81
97
100
102
106
114
116
120
136
137
150
157
158
165
169
170
174
191
200
201
209
214
217
224
226
228
235
236
243
260
265
268
269
273
288
290
293
301
311
317
322
328
331
336
338
339
341
343
345
346
347
350
351
355
356
360
383
384
385
386
389
392
394
399
403
404
407
409
420
421
422
438
439
441
442
445
450
462
464
468
470
471
472
474
477
481
484
487
489
495
496
503
518
521
525
526
527
528
541
543
551
561
565
568
570
580
581
591
592
596
605
608
611
614
620
623
627
632
634
638
644
646
652
676
681
683
685
686
688
693
697
701
711
720
729
733
743
747
751
753
758
759
760
761
772
773
779
781
782
783
784
785
786
787
788
789
797
800
804
809
814
824
826
831
832
836
842
843
850
854
858
876
878
885
888
890
897
898
899
902
909
916
917
918
922
929
932
933
940
943
944
947
949
952
954
955
960
962
966
969
973
974
994
1003
1005
1006
1007
1008
1010
1012
1016
1021
1027
1029
1032
1039
1045
1051
1052
1055
1056
1065
1066
1071
1081
1101
1103
1110
1111
1116
1131
1134
1143
1146
1149
1154
1162
1167
1170
1171
1173
1174
1180
1185
1187
1190
1196
1197
1203
1209
1212
1215
1218
1219
1225
1227
1234
1244
1245
1253
1254
1255
1259
1279
1280
1286
1287
1288
1298
1301
1302
1304
1305
1307
1308
1312
1319
1322
1328
1330
1337
1344
1348
1350
1352
1356
1357
1358
1369
1370
1376
1387
1391
1398
1420
1423
1427
1429
1430
1431
1435
1442
1444
1448
1450
1452
1458
1462
1463
1469
1475
1477
1482
1489
1491
1494
1496
1498
1500
1501
1506
1514
1523
1525
1532
1536
1537
1538
1540
1541
1544
1545
1547
1553
1554
1555
1557
1566
1569
1573
1574
1575
1584
1585
1597
1599
1603
1606
1610
1611
1612
1616
1633
1635
1640
1643
1644
1650
1651
1653
1658
1661
1667
1668
1674
1678
1680
1681
1685
1690
1696
1699
1702
1705
1708
1710
1714
1716
1721
1727
1732
1737
1741
1743
1744
1748
1754
1755
1757
1762
1764
1765
1766
1770
1773
1776
1783
1784
1787
1788
1789
1790
1803
1807
1808
1812
1815
1821
1831
1837
1838
1847
1858
1869
1873
1876
1881
1882
1885
1893
1895
1896
1897
1900
1903
1904
1905
1907
1913
1923
1936
1961
1966
1969
1970
1971
1972
1975
1981
1984
1990
1991
2000
2001
2002
2003
2004
2005
2007
2008
2009
2011
2012
2013
2014
2015
2016
2018
2019
2020
2023
2024
2025
2026
2027
2028
2029
2030
2031
2032
2034
2035
2036
2037
2038
2040
2041
2042
2044
2045
2047
2048
2050
2051
2052
2053
2055
2057
2058
2059
2060
2061
2065
2067
2068
2069
2070
2071
2073
2074
2075
2076
2078
2079
2081
2082
2084
