1
2
4
5
8
10
11
12
15
18
23
24
25
26
28
30
31
32
34
35
37
38
45
47
48
49
51
52
53
58
59
60
61
64
66
69
70
73
74
76
78
80
81
84
86
87
88
89
93
94
96
97
98
99
101
102
106
108
116
118
119
120
123
124
126
128
131
133
134
135
139
142
144
146
148
150
154
157
159
163
166
167
169
171
174
176
177
179
183
185
188
190
191
192
194
195
199
200
203
205
206
210
211
214
216
218
220
222
224
225
227
229
235
236
238
239
242
243
245
249
250
251
252
254
255
256
257
259
260
263
264
266
268
269
272
273
277
278
281
284
287
292
293
294
296
297
299
304
305
309
311
313
315
317
318
320
321
322
324
326
328
329
334
335
336
337
338
339
341
342
344
345
347
348
351
355
361
362
363
364
367
368
371
376
378
379
381
383
384
389
391
392
395
396
398
399
400
402
404
406
407
409
410
413
414
415
416
417
418
420
421
422
423
425
426
428
429
430
432
444
446
448
451
453
454
456
458
460
461
462
464
465
466
468
470
473
474
479
484
485
486
487
490
491
495
496
497
498
499
500
501
502
503
507
508
509
510
511
512
517
519
520
522
523
524
528
529
531
532
533
535
536
538
539
541
542
543
544
545
550
551
552
556
559
560
561
564
571
572
574
579
584
586
587
595
596
597
598
601
602
603
604
605
609
610
612
613
614
617
620
621
623
624
625
627
631
632
634
636
637
638
641
643
644
648
650
651
652
655
656
658
660
666
670
671
672
674
676
677
679
681
683
684
689
692
693
696
698
699
701
705
707
710
712
714
715
716
718
719
720
723
724
725
726
727
728
732
733
734
743
745
746
747
748
755
759
760
763
765
766
772
773
775
776
779
782
783
785
788
789
793
796
799
800
801
802
803
804
811
814
815
820
821
822
824
826
834
837
839
840
841
843
846
851
854
855
857
863
864
866
873
874
875
879
880
883
884
885
886
887
888
893
897
899
901
902
904
906
908
909
910
911
913
916
917
924
925
926
927
928
932
933
936
939
942
944
945
946
947
950
951
952
953
954
958
959
960
962
963
966
967
968
969
971
972
973
974
975
976
977
979
980
982
983
989
994
997
999
1004
1005
1007
1008
1011
1012
1013
1014
1015
1017
1018
1020
1021
1022
1024
1027
1028
1029
1030
1035
1037
1038
1040
1041
1044
1047
1050
1051
1062
1064
1065
1067
1068
1070
1072
1073
1074
1076
1081
1085
1086
1088
1090
1095
1096
1098
1099
1101
1106
1107
1110
1114
1116
1117
1119
1120
1124
1126
1128
1132
1134
1136
1137
1138
1143
1145
1147
1149
1150
1151
1154
1155
1156
1157
1158
1159
1161
1162
1165
1168
1169
1170
1173
1179
1180
1185
1187
1188
1193
1195
1196
1197
1198
1209
1211
1212
1214
1215
1216
1217
1218
1221
1222
1223
1227
1228
1232
1233
1234
1238
1240
1243
1248
1250
1252
1253
1254
1255
1262
1264
1265
1266
1268
1269
1270
1271
1273
1274
1277
1279
1280
1281
1283
1284
1286
1287
1289
1292
1294
1297
1298
1299
1300
1301
1304
1306
1307
1309
1311
1312
1313
1315
1318
1321
1322
1323
1325
1327
1330
1331
1332
1333
1334
1336
1340
1345
1346
1347
1350
1351
1352
1354
1356
1357
1359
1361
1365
1367
1368
1370
1374
1375
1380
1381
1382
1388
1390
1392
1395
1397
1398
1402
1405
1410
1411
1414
1417
1419
1422
1423
1424
1426
1427
1429
1431
1432
1436
1437
1438
1440
1442
1446
1447
1448
1449
1450
1452
1453
1457
1459
1460
1462
1466
1467
1469
1471
1472
1475
1477
1483
1486
1487
1488
1491
1492
1494
1496
1498
1500
1502
1510
1514
1516
1517
1518
1520
1524
1525
1526
1527
1528
1532
1533
1535
1540
1544
1546
1548
1549
1550
1553
1554
1556
1558
1564
1565
1567
1568
1570
1571
1572
1573
1576
1577
1582
1585
1587
1588
1589
1590
1602
1605
1606
1608
1609
1610
1611
1612
1614
1617
1618
1619
1620
1622
1623
1624
1625
1626
1629
1631
1632
1633
1635
1639
1643
1646
1651
1653
1656
1657
1661
1662
1663
1664
1666
1668
1669
1670
1671
1673
1675
1677
1678
1681
1682
1683
1684
1685
1688
1689
1696
1698
1699
1700
1702
1703
1704
1705
1707
1710
1712
1716
1719
1721
1724
1726
1729
1730
1731
1733
1734
1736
1737
1739
1741
1743
1744
1746
1747
1749
1752
1754
1755
1756
1758
1759
1762
1763
1765
1768
1769
1770
1773
1777
1780
1781
1783
1786
1787
1789
1790
1792
1794
1796
1798
1800
1801
1803
1804
1805
1806
1808
1813
1814
1816
1819
1820
1822
1825
1826
1827
1831
1835
1836
1838
1839
1840
1841
1842
1843
1851
1852
1855
1858
1859
1861
1865
1866
1869
1871
1872
1873
1875
1876
1877
1879
1880
1881
1887
1890
1894
1895
1897
1898
1900
1901
1903
1904
1905
1907
1908
1909
1910
1912
1913
1914
1916
1917
1921
1922
1923
1925
1928
1930
1931
1932
1934
1938
1940
1942
1944
1945
1950
1954
1956
1958
1962
1964
1966
1970
1971
1973
1975
1978
1980
1981
1982
1985
1986
1990
1991
1994
1997
1998
1999
2000
2003
2004
2005
2007
2008
2009
2010
2011
2013
2014
2015
2016
2017
2018
2019
2020
2021
2023
2025
2027
2028
2029
2030
2031
2032
2034
2035
2037
2038
2039
2040
2041
2042
2044
2045
2047
2049
2050
2052
2053
2054
2055
2056
2057
2059
2060
2061
2062
2063
2064
2065
2066
2067
2068
2069
2070
2071
2072
2073
2074
2076
2077
2078
2080
2081
2082
2083
2084
