3
10
15
17
18
19
22
56
76
78
86
93
97
104
109
127
128
139
148
162
170
177
192
225
243
244
260
277
291
306
328
331
340
350
354
380
392
399
400
409
411
418
424
445
455
472
474
495
502
520
533
545
555
576
591
598
651
707
713
715
738
746
747
776
777
783
786
825
829
836
849
853
864
867
874
885
887
888
899
901
904
930
960
970
994
1000
1005
1007
1013
1015
1017
1024
1032
1041
1053
1058
1063
1095
1097
1103
1107
1110
1130
1187
1199
1220
1228
1254
1265
1270
1273
1282
1285
1287
1289
1305
1307
1310
1312
1313
1320
1339
1341
1357
1360
1369
1374
1376
1395
1408
1412
1440
1452
1475
1483
1524
1537
1566
1569
1572
1601
1603
1610
1611
1619
1624
1626
1656
1666
1673
1677
1730
1739
1758
1768
1783
1790
1803
1806
1811
1814
1819
1839
1855
1867
1873
1874
1885
1907
1931
1945
1960
2000
2001
2002
2003
2004
2007
2013
2015
2019
2020
2022
2023
2024
2028
2029
2030
2032
2033
2035
2037
2039
2041
2042
2045
2046
2050
2051
2052
2053
2054
2056
2057
2059
2068
2070
2080
