1
2
3
4
7
8
11
13
16
19
20
23
24
25
28
31
32
33
35
38
39
40
42
43
44
51
53
54
55
57
59
60
62
63
66
70
71
72
73
74
77
80
81
83
84
86
88
91
92
93
94
98
99
100
102
103
104
108
109
111
112
113
114
117
118
120
121
123
124
128
129
130
131
133
135
138
141
144
147
149
151
155
156
158
160
163
164
165
169
170
172
174
175
176
177
181
183
184
185
187
188
191
193
194
196
199
202
204
205
206
208
209
210
213
214
215
220
225
226
227
228
229
232
233
235
240
241
242
243
246
247
251
252
253
254
255
256
260
262
265
267
268
270
271
274
276
277
280
281
282
283
286
288
289
291
292
294
298
299
300
301
305
312
315
316
317
321
324
326
328
329
331
335
338
340
341
343
344
346
347
348
351
352
353
360
363
366
367
368
374
376
377
379
384
386
388
390
391
392
393
394
395
396
398
399
404
406
407
413
417
418
419
420
422
424
426
427
430
431
433
434
436
437
438
442
444
446
447
448
450
452
454
458
460
462
463
464
465
466
468
469
472
481
482
483
484
487
489
490
493
494
496
497
499
505
511
513
515
516
521
526
527
528
529
533
534
535
538
539
542
543
545
549
554
555
558
559
561
562
563
564
565
566
572
578
580
584
591
592
593
594
595
598
599
602
603
604
605
606
607
611
614
618
619
620
623
624
625
626
628
629
630
634
638
642
644
645
648
649
651
655
656
657
658
659
660
661
663
665
668
669
678
680
681
682
685
687
688
692
697
698
699
700
701
706
707
708
710
711
713
714
716
718
720
722
723
728
729
730
731
732
733
735
739
742
746
747
748
752
754
755
756
758
759
760
761
762
763
764
765
766
767
772
773
775
776
777
778
779
780
782
783
784
785
787
788
790
796
797
799
800
803
804
806
808
813
815
817
820
821
823
825
827
828
829
831
835
836
838
842
844
851
853
854
860
862
864
865
867
868
869
871
874
875
876
884
886
887
888
894
895
896
898
903
905
906
915
923
924
925
926
928
930
934
935
936
937
938
942
943
946
947
950
953
954
955
956
958
959
962
964
967
968
971
973
975
976
977
979
980
982
986
987
988
989
990
993
994
998
1001
1002
1004
1005
1006
1007
1010
1011
1012
1013
1014
1016
1018
1020
1024
1030
1035
1037
1039
1040
1042
1043
1047
1048
1051
1053
1054
1055
1060
1061
1062
1063
1064
1065
1066
1068
1069
1070
1071
1077
1078
1079
1080
1081
1082
1086
1087
1089
1090
1093
1094
1096
1097
1103
1106
1109
1110
1113
1115
1116
1118
1119
1122
1124
1126
1128
1129
1132
1133
1137
1138
1143
1144
1145
1146
1149
1154
1160
1162
1164
1166
1169
1170
1171
1173
1175
1180
1181
1182
1183
1184
1187
1188
1190
1191
1192
1194
1195
1197
1198
1201
1202
1203
1208
1210
1211
1212
1213
1214
1215
1216
1217
1220
1227
1228
1229
1231
1232
1235
1236
1237
1242
1245
1250
1252
1253
1254
1255
1257
1261
1264
1267
1268
1269
1272
1274
1279
1280
1283
1287
1290
1291
1292
1294
1295
1296
1298
1299
1300
1301
1302
1304
1305
1307
1310
1313
1315
1317
1320
1321
1322
1323
1328
1333
1336
1338
1343
1344
1346
1350
1352
1355
1357
1360
1367
1370
1371
1372
1374
1376
1378
1380
1381
1385
1386
1387
1388
1390
1395
1396
1397
1401
1404
1405
1409
1414
1415
1417
1418
1420
1421
1423
1426
1427
1429
1431
1432
1433
1435
1436
1442
1444
1447
1451
1454
1455
1456
1457
1459
1461
1463
1464
1466
1467
1468
1469
1471
1475
1477
1480
1482
1483
1484
1485
1486
1489
1491
1492
1494
1495
1497
1505
1507
1512
1514
1515
1519
1520
1521
1525
1528
1529
1533
1535
1537
1538
1539
1542
1546
1547
1550
1551
1555
1556
1557
1558
1560
1563
1566
1567
1570
1572
1573
1574
1581
1582
1586
1587
1588
1592
1593
1595
1596
1599
1600
1606
1608
1609
1611
1614
1616
1618
1619
1620
1623
1624
1625
1626
1630
1631
1632
1635
1640
1641
1644
1647
1651
1654
1657
1659
1662
1667
1669
1671
1675
1676
1677
1680
1681
1683
1684
1685
1687
1688
1690
1693
1696
1698
1699
1702
1705
1710
1714
1715
1716
1717
1720
1722
1723
1729
1730
1732
1733
1735
1742
1744
1748
1750
1752
1753
1754
1755
1756
1758
1762
1763
1764
1765
1766
1767
1770
1773
1776
1782
1783
1784
1786
1787
1789
1791
1795
1802
1803
1808
1809
1812
1818
1821
1824
1826
1827
1828
1830
1834
1838
1839
1843
1844
1845
1846
1847
1851
1852
1853
1854
1855
1857
1858
1859
1861
1863
1865
1867
1869
1870
1871
1876
1879
1880
1881
1883
1885
1895
1896
1897
1898
1900
1901
1902
1904
1905
1906
1907
1909
1911
1917
1918
1919
1920
1922
1925
1926
1927
1928
1931
1932
1933
1934
1935
1938
1940
1943
1944
1945
1947
1950
1953
1954
1955
1956
1957
1959
1960
1962
1965
1967
1969
1970
1971
1972
1973
1974
1975
1977
1978
1981
1982
1983
1984
1985
1987
1988
1989
1991
1992
1993
1994
1996
1997
2000
2002
2003
2004
2007
2008
2009
2010
2011
2012
2013
2014
2015
2016
2017
2018
2019
2021
2022
2023
2024
2025
2026
2027
2028
2029
2030
2031
2032
2033
2034
2036
2037
2038
2039
2040
2042
2043
2044
2045
2046
2047
2048
2049
2050
2051
2052
2053
2054
2055
2057
2058
2059
2060
2061
2063
2064
2065
2067
2068
2069
2070
2071
2073
2074
2075
2076
2078
2079
2080
2081
2082
2083
2084
