0
3
4
5
6
10
11
14
15
16
17
18
19
21
22
23
24
25
26
27
28
29
31
32
33
34
35
36
37
38
39
40
41
43
45
46
47
50
51
52
53
54
58
59
60
61
62
63
64
66
67
68
70
71
72
73
74
75
76
77
78
79
80
83
85
86
88
89
90
91
92
93
95
96
98
100
101
103
104
105
107
109
110
111
113
114
115
116
117
118
120
121
123
125
128
130
131
132
133
134
135
136
139
141
146
147
148
149
150
151
152
153
154
156
157
158
160
161
162
164
167
169
170
171
172
173
175
177
178
180
181
183
184
185
186
187
188
189
190
191
192
193
194
195
196
198
199
200
201
202
203
205
206
207
209
211
213
214
215
216
217
218
220
221
222
223
224
225
228
229
230
231
232
233
235
236
237
239
241
242
243
245
246
249
250
251
252
253
254
255
257
259
261
263
264
265
268
269
270
271
272
273
274
275
277
279
280
281
282
283
284
285
287
288
289
290
291
292
294
296
297
299
302
303
305
306
308
309
310
312
313
314
315
316
317
318
319
320
321
322
324
326
327
330
331
334
335
336
338
339
341
343
345
346
349
350
351
353
355
356
357
358
360
361
363
369
371
372
373
376
377
378
379
380
382
384
385
386
387
388
389
390
391
392
396
398
399
400
401
402
404
405
406
407
409
410
411
412
414
415
416
417
418
420
421
422
423
424
425
426
427
428
429
430
433
434
435
436
437
440
441
442
446
447
448
449
451
452
454
455
456
457
459
461
462
463
464
465
467
469
470
473
475
476
478
479
480
484
485
486
487
488
489
490
491
492
494
495
496
497
498
499
502
503
504
505
506
508
509
512
513
516
517
518
519
520
521
522
523
524
525
526
527
528
529
531
532
534
535
536
537
538
539
540
541
542
543
544
545
547
548
549
550
551
552
555
556
558
559
560
562
563
564
567
568
569
570
571
572
573
577
578
579
581
582
584
585
586
587
588
589
590
591
593
596
597
598
600
601
602
603
604
605
606
609
612
613
614
615
616
619
620
621
622
624
626
627
628
630
631
632
633
635
637
638
640
642
643
646
647
648
650
651
652
655
656
657
658
660
661
663
666
668
670
671
672
673
676
677
680
681
683
684
685
688
689
690
691
692
693
695
696
697
698
699
700
701
702
704
705
706
707
708
709
710
711
712
713
714
715
716
717
718
719
720
722
723
724
728
729
730
731
733
735
736
737
739
740
742
743
744
747
748
749
750
751
752
753
754
755
756
758
760
761
763
764
766
768
769
771
772
773
774
775
776
777
778
779
780
781
782
783
784
785
786
787
788
790
791
792
793
794
795
796
797
800
802
804
805
808
809
810
811
813
819
820
821
822
823
824
827
828
830
833
835
836
837
838
839
840
841
844
845
846
848
850
851
852
853
854
855
856
858
859
860
861
862
864
865
866
867
869
871
872
873
875
877
879
880
882
884
885
886
888
889
890
891
892
893
894
895
896
897
898
899
900
901
902
903
905
906
907
908
909
910
911
912
914
915
916
917
918
919
921
922
923
924
927
928
930
932
934
935
936
937
938
940
941
942
943
944
945
946
947
948
951
952
953
954
955
956
957
958
959
961
962
964
965
966
967
968
970
972
973
974
975
976
978
979
981
982
983
984
985
988
989
990
992
993
994
995
997
998
999
1000
1001
1002
1004
1005
1006
1007
1008
1009
1010
1011
1012
1013
1014
1015
1016
1017
1018
1019
1020
1021
1022
1025
1026
1027
1028
1029
1030
1031
1032
1033
1034
1035
1036
1037
1039
1040
1041
1043
1044
1046
1047
1051
1052
1053
1055
1057
1058
1059
1061
1062
1064
1065
1066
1067
1068
1069
1071
1073
1074
1076
1077
1078
1081
1083
1086
1087
1088
1089
1090
1091
1093
1094
1096
1097
1098
1100
1102
1103
1106
1107
1108
1110
1111
1112
1114
1115
1116
1118
1120
1121
1122
1123
1124
1125
1126
1127
1128
1129
1130
1131
1132
1133
1134
1135
1136
1138
1139
1140
1141
1142
1143
1144
1145
1146
1147
1148
1149
1152
1153
1157
1158
1159
1160
1163
1164
1166
1168
1169
1170
1171
1172
1173
1174
1175
1176
1177
1178
1179
1180
1181
1183
1185
1186
1187
1188
1191
1192
1193
1194
1195
1196
1197
1198
1199
1200
1201
1202
1203
1204
1205
1207
1209
1211
1212
1213
1214
1216
1217
1218
1220
1223
1224
1225
1226
1227
1228
1229
1231
1232
1233
1234
1236
1237
1238
1239
1242
1244
1246
1247
1248
1249
1250
1251
1252
1253
1254
1257
1258
1259
1261
1262
1264
1265
1266
1267
1268
1269
1270
1271
1272
1273
1274
1276
1277
1278
1279
1280
1282
1285
1286
1289
1290
1292
1293
1297
1298
1299
1300
1302
1305
1306
1307
1308
1309
1312
1313
1314
1315
1316
1317
1318
1321
1322
1323
1325
1326
1327
1328
1329
1330
1332
1335
1336
1337
1342
1343
1344
1345
1347
1349
1350
1351
1353
1354
1357
1358
1359
1360
1361
1362
1366
1367
1368
1370
1371
1372
1374
1376
1378
1379
1380
1381
1382
1383
1385
1386
1387
1388
1389
1390
1392
1393
1394
1395
1396
1397
1398
1399
1400
1401
1403
1405
1407
1408
1409
1410
1412
1413
1414
1415
1416
1417
1419
1421
1422
1423
1424
1426
1427
1430
1431
1432
1434
1435
1436
1439
1441
1442
1443
1444
1447
1448
1449
1451
1453
1454
1455
1456
1457
1459
1460
1461
1463
1464
1466
1467
1469
1473
1474
1475
1476
1477
1478
1479
1480
1481
1482
1483
1484
1485
1486
1488
1489
1490
1492
1493
1494
1496
1497
1498
1499
1500
1501
1502
1503
1504
1505
1506
1508
1510
1511
1512
1514
1515
1516
1517
1518
1519
1521
1522
1524
1525
1526
1532
1534
1535
1536
1537
1538
1539
1540
1541
1543
1546
1547
1548
1550
1551
1553
1554
1555
1556
1557
1558
1559
1560
1563
1564
1565
1566
1567
1568
1569
1570
1571
1572
1573
1574
1575
1576
1577
1578
1580
1582
1583
1584
1585
1587
1588
1589
1590
1592
1593
1594
1596
1597
1598
1599
1600
1601
1602
1604
1605
1606
1608
1610
1611
1612
1613
1614
1615
1616
1617
1618
1619
1620
1621
1623
1624
1626
1628
1629
1630
1631
1632
1633
1634
1635
1636
1637
1639
1641
1642
1643
1648
1649
1650
1651
1652
1653
1654
1655
1656
1657
1659
1661
1662
1663
1664
1665
1666
1667
1668
1669
1670
1672
1674
1675
1677
1678
1679
1680
1681
1685
1686
1687
1688
1691
1692
1693
1696
1697
1698
1699
1701
1702
1703
1704
1707
1709
1710
1711
1712
1713
1714
1715
1717
1718
1719
1720
1721
1723
1724
1725
1726
1727
1728
1729
1730
1731
1733
1734
1736
1737
1738
1740
1741
1743
1744
1745
1746
1747
1748
1749
1751
1752
1753
1755
1756
1757
1759
1762
1763
1764
1765
1766
1768
1769
1770
1771
1772
1773
1774
1776
1777
1778
1779
1780
1781
1782
1783
1784
1785
1787
1788
1789
1790
1791
1793
1794
1796
1797
1798
1800
1801
1802
1803
1804
1806
1807
1808
1810
1811
1812
1813
1814
1817
1818
1819
1820
1821
1822
1823
1824
1825
1826
1827
1831
1832
1834
1835
1836
1837
1838
1839
1840
1841
1842
1843
1844
1847
1848
1849
1850
1851
1852
1853
1854
1855
1856
1858
1859
1862
1864
1865
1866
1867
1868
1869
1870
1871
1872
1873
1875
1876
1877
1879
1880
1882
1883
1884
1886
1887
1888
1890
1892
1893
1894
1895
1896
1897
1900
1901
1902
1903
1905
1906
1909
1912
1913
1917
1918
1919
1922
1923
1925
1927
1928
1931
1932
1934
1935
1936
1938
1939
1942
1944
1945
1946
1947
1948
1949
1951
1953
1955
1956
1957
1958
1961
1963
1964
1965
1967
1968
1970
1971
1972
1978
1979
1980
1982
1983
1984
1985
1986
1987
1988
1989
1990
1991
1992
1993
1994
1996
1997
1998
1999
2000
2001
2002
2003
2004
2005
2006
2007
2008
2009
2010
2011
2012
2013
2014
2015
2016
2017
2018
2019
2020
2021
2022
2023
2024
2025
2026
2027
2028
2029
2030
2033
2034
2035
2036
2037
2038
2039
2040
2041
2042
2043
2044
2045
2046
2047
2048
2049
2050
2051
2052
2053
2054
2055
2057
2058
2059
2061
2062
2063
2064
2065
2066
2067
2068
2069
2070
2071
2072
2073
2074
2075
2076
2077
2078
2079
2080
2081
2082
2083
2084
