3
5
12
18
22
24
25
26
33
35
36
41
44
56
69
71
72
76
82
87
88
90
98
101
104
108
109
124
126
131
135
136
137
138
142
143
144
148
150
157
158
160
163
179
182
183
184
187
189
192
204
205
206
218
219
223
225
228
231
233
237
242
243
244
248
249
253
263
267
269
275
278
281
283
284
285
288
291
292
293
297
300
303
305
307
313
315
316
322
325
331
338
342
345
347
349
353
355
362
366
375
383
385
389
399
400
409
410
419
427
431
432
437
445
458
463
465
468
474
478
479
481
482
485
486
493
494
495
502
509
512
513
517
523
527
532
533
534
535
538
554
555
556
558
559
571
579
583
585
593
604
614
624
625
626
636
639
642
646
655
661
663
666
667
670
673
684
685
705
708
720
722
725
726
729
735
745
746
753
756
758
770
771
781
782
784
789
790
797
802
808
812
826
830
832
841
843
849
852
864
870
874
880
882
886
887
893
895
901
905
908
910
911
919
920
923
931
936
939
941
946
951
962
967
969
970
972
974
985
989
993
997
999
1006
1007
1010
1012
1013
1020
1024
1027
1031
1033
1035
1037
1040
1041
1047
1058
1059
1062
1066
1075
1083
1084
1086
1094
1096
1101
1103
1104
1108
1110
1112
1113
1121
1124
1129
1134
1140
1141
1149
1151
1153
1165
1168
1169
1173
1180
1190
1198
1200
1205
1211
1213
1214
1216
1225
1228
1236
1260
1262
1268
1272
1280
1281
1290
1292
1295
1298
1301
1303
1304
1307
1314
1323
1327
1331
1336
1344
1350
1355
1358
1368
1379
1380
1382
1390
1391
1395
1401
1403
1411
1417
1419
1420
1423
1424
1431
1442
1443
1446
1447
1450
1455
1462
1463
1467
1469
1472
1474
1475
1478
1483
1489
1490
1491
1492
1496
1503
1514
1518
1523
1528
1531
1532
1536
1538
1541
1546
1552
1556
1557
1559
1563
1564
1565
1570
1573
1578
1579
1584
1591
1593
1596
1597
1605
1610
1614
1618
1619
1621
1623
1624
1625
1632
1635
1640
1651
1654
1658
1666
1668
1670
1684
1688
1693
1694
1695
1696
1705
1706
1712
1719
1724
1732
1735
1746
1747
1753
1760
1763
1764
1765
1769
1775
1777
1779
1781
1783
1786
1787
1788
1789
1794
1795
1801
1813
1814
1815
1822
1827
1828
1831
1835
1841
1842
1846
1852
1862
1863
1864
1866
1870
1874
1879
1880
1882
1886
1901
1903
1906
1909
1920
1926
1927
1935
1941
1943
1947
1960
1961
1978
1980
1984
1985
1989
1993
2000
2001
2004
2005
2007
2008
2010
2012
2018
2020
2021
2022
2023
2024
2025
2026
2027
2028
2030
2031
2035
2036
2037
2038
2040
2042
2043
2044
2046
2048
2049
2050
2051
2052
2054
2056
2057
2059
2061
2062
2068
2070
2071
2072
2073
2075
2076
2077
2078
2080
2082
2083
2084
