0
1
2
3
4
5
8
9
10
11
12
13
14
15
16
17
18
19
20
21
22
25
27
28
29
30
31
32
34
35
37
39
40
41
42
45
46
47
48
51
52
53
54
55
56
57
58
60
61
62
64
65
68
69
70
71
73
74
75
76
77
79
84
86
87
89
90
91
93
94
97
99
101
102
103
105
106
107
108
109
110
111
112
113
115
116
117
118
119
120
121
123
124
126
128
129
131
132
133
135
136
138
139
142
143
145
146
147
148
149
150
152
153
154
155
156
157
158
159
160
161
162
163
164
165
167
168
169
170
171
172
173
175
176
177
178
179
181
182
183
184
187
188
189
190
191
192
194
195
196
199
201
202
204
205
206
209
213
214
215
216
217
219
220
221
223
225
226
227
228
229
230
231
232
235
236
237
238
239
240
241
242
243
244
245
246
247
249
250
251
252
253
255
257
258
259
260
262
263
265
266
267
268
269
270
271
272
273
274
275
277
278
279
280
283
284
285
287
288
290
291
292
294
295
296
297
299
301
302
304
305
306
307
308
309
310
311
312
313
314
315
316
319
322
323
324
325
326
327
328
329
330
332
333
334
335
336
337
338
339
340
342
344
345
346
347
348
349
352
353
354
355
357
358
359
360
361
362
363
364
365
366
367
368
369
370
371
373
374
375
376
377
378
379
380
381
382
383
384
385
386
387
391
392
394
395
396
399
400
401
402
403
404
405
406
407
408
409
410
411
412
415
416
417
418
421
422
423
425
426
427
429
430
432
433
434
435
436
438
439
440
441
442
443
444
445
447
448
449
450
451
452
453
454
455
456
457
459
461
462
463
464
466
467
468
469
470
471
472
473
477
479
480
481
482
483
484
486
487
488
489
490
491
492
493
494
498
501
502
503
504
505
506
507
509
510
511
513
515
516
520
521
523
524
526
527
529
531
532
534
536
538
540
541
542
543
544
545
546
547
549
550
552
553
554
555
558
559
561
563
564
565
567
568
570
571
572
574
576
577
579
580
581
582
583
584
585
586
587
589
590
591
592
593
594
595
596
598
599
600
601
602
603
604
605
606
607
608
609
610
611
613
614
615
616
617
619
622
623
624
625
626
627
630
631
634
635
636
638
641
642
643
644
645
646
647
648
649
650
652
655
656
657
658
659
660
663
665
666
667
670
671
672
673
677
678
680
682
683
684
685
686
687
688
689
690
693
694
695
696
697
698
699
700
702
704
705
708
709
710
713
716
717
718
719
721
722
723
724
725
727
728
730
733
735
736
737
739
740
741
742
743
744
745
746
748
749
750
751
752
754
755
756
757
759
761
762
763
764
765
767
768
769
771
772
773
775
776
777
778
780
781
782
783
784
785
787
790
791
792
793
794
797
799
801
802
803
805
806
807
808
809
810
811
812
813
814
815
817
818
820
823
824
826
827
829
830
832
833
834
835
836
839
842
843
844
845
846
847
848
849
850
852
853
854
855
856
857
859
860
861
862
863
864
865
866
867
868
869
870
872
873
874
875
876
878
881
882
883
884
885
886
887
888
889
893
894
895
896
897
899
900
901
902
904
906
907
908
909
910
911
912
914
915
917
918
920
922
923
924
925
927
928
929
930
931
932
933
934
935
937
938
939
940
943
944
945
946
947
949
951
952
953
957
958
960
962
963
964
965
967
968
970
971
972
973
974
975
976
977
978
979
980
981
982
983
985
986
987
989
990
992
993
994
995
996
997
998
1000
1002
1005
1006
1007
1008
1010
1011
1012
1013
1014
1015
1016
1017
1018
1019
1020
1021
1022
1025
1026
1027
1029
1030
1031
1033
1035
1036
1038
1039
1042
1044
1045
1046
1047
1048
1049
1050
1052
1053
1054
1055
1056
1057
1058
1059
1060
1061
1062
1064
1066
1067
1068
1070
1071
1072
1073
1074
1077
1079
1080
1081
1082
1083
1085
1086
1088
1089
1090
1092
1093
1094
1096
1098
1100
1102
1105
1106
1109
1110
1111
1112
1114
1115
1118
1120
1121
1122
1123
1124
1125
1127
1128
1129
1130
1133
1135
1136
1137
1138
1139
1140
1142
1143
1144
1146
1148
1149
1150
1151
1152
1153
1154
1155
1156
1157
1159
1162
1163
1164
1165
1166
1167
1168
1170
1171
1172
1173
1174
1175
1176
1177
1178
1179
1180
1181
1182
1184
1185
1186
1187
1188
1190
1191
1194
1195
1196
1197
1198
1199
1201
1202
1203
1204
1205
1206
1207
1208
1212
1213
1214
1216
1217
1218
1219
1220
1222
1223
1224
1225
1226
1227
1231
1233
1234
1235
1236
1237
1238
1239
1240
1241
1242
1243
1244
1245
1246
1247
1248
1249
1250
1251
1252
1254
1255
1256
1257
1259
1260
1261
1262
1263
1264
1265
1266
1267
1268
1269
1270
1273
1274
1275
1276
1277
1278
1280
1281
1282
1283
1284
1285
1286
1287
1288
1289
1290
1294
1295
1296
1298
1299
1301
1302
1305
1306
1307
1308
1309
1310
1311
1312
1313
1315
1316
1317
1318
1321
1322
1324
1325
1326
1327
1329
1330
1331
1332
1333
1334
1335
1337
1338
1339
1340
1341
1342
1343
1344
1345
1346
1347
1348
1349
1350
1351
1352
1353
1356
1357
1363
1364
1366
1367
1369
1370
1371
1372
1373
1374
1376
1377
1378
1379
1380
1381
1382
1386
1388
1389
1391
1392
1393
1394
1396
1397
1398
1399
1403
1404
1406
1407
1408
1409
1410
1412
1413
1414
1416
1417
1418
1419
1420
1422
1423
1424
1425
1427
1429
1431
1432
1435
1436
1439
1440
1441
1442
1443
1444
1446
1447
1449
1450
1451
1452
1454
1455
1456
1457
1460
1461
1462
1463
1464
1465
1467
1468
1469
1470
1474
1475
1476
1477
1478
1479
1480
1482
1483
1484
1485
1486
1487
1488
1490
1492
1494
1496
1497
1498
1499
1501
1502
1503
1504
1505
1507
1509
1510
1511
1513
1514
1515
1516
1517
1518
1519
1520
1521
1522
1524
1526
1527
1528
1529
1531
1533
1534
1535
1537
1538
1539
1540
1542
1543
1544
1545
1546
1550
1551
1552
1554
1556
1557
1558
1559
1560
1561
1564
1566
1568
1569
1570
1572
1573
1574
1576
1577
1579
1581
1582
1584
1585
1586
1587
1588
1589
1591
1594
1596
1597
1600
1601
1603
1604
1605
1606
1607
1609
1610
1611
1612
1613
1614
1617
1618
1619
1620
1621
1622
1623
1624
1625
1626
1627
1629
1632
1633
1634
1635
1636
1637
1640
1642
1644
1645
1646
1647
1649
1652
1653
1654
1655
1656
1657
1658
1659
1660
1661
1662
1663
1666
1667
1668
1669
1670
1672
1674
1675
1676
1677
1678
1680
1682
1686
1689
1690
1691
1693
1694
1698
1699
1700
1701
1702
1704
1706
1708
1709
1712
1713
1714
1715
1716
1717
1719
1720
1723
1724
1726
1728
1729
1732
1734
1737
1738
1739
1741
1742
1743
1744
1745
1746
1748
1749
1751
1752
1755
1756
1757
1758
1759
1760
1761
1763
1765
1766
1768
1769
1772
1773
1775
1776
1777
1778
1779
1780
1783
1784
1785
1786
1787
1788
1789
1790
1791
1792
1793
1795
1797
1798
1799
1801
1803
1804
1805
1806
1807
1808
1812
1814
1815
1816
1817
1820
1821
1823
1824
1826
1828
1829
1830
1831
1834
1837
1838
1839
1840
1841
1843
1844
1845
1846
1849
1850
1851
1852
1853
1854
1855
1856
1857
1858
1859
1861
1863
1864
1865
1866
1867
1870
1871
1876
1877
1879
1881
1882
1884
1885
1886
1887
1889
1890
1891
1892
1894
1895
1896
1897
1898
1899
1900
1901
1902
1903
1904
1905
1907
1908
1909
1910
1913
1915
1916
1917
1919
1920
1921
1922
1924
1926
1927
1928
1930
1931
1932
1935
1936
1937
1938
1939
1940
1942
1943
1944
1945
1951
1953
1954
1957
1959
1960
1962
1963
1966
1967
1968
1969
1970
1971
1972
1973
1974
1975
1976
1977
1978
1980
1981
1983
1984
1985
1986
1988
1989
1990
1991
1992
1994
1996
1997
1998
2000
2001
2003
2004
2005
2006
2007
2008
2009
2010
2011
2012
2013
2014
2015
2017
2018
2019
2020
2021
2022
2023
2024
2025
2026
2027
2028
2029
2030
2031
2032
2033
2034
2035
2037
2038
2039
2040
2041
2042
2043
2044
2045
2046
2047
2048
2049
2051
2052
2054
2055
2056
2058
2059
2061
2062
2063
2065
2066
2067
2068
2069
2070
2071
2072
2073
2074
2076
2077
2078
2079
2080
2081
2082
2083
2084
