1
3
8
10
18
20
21
24
28
29
31
33
38
46
47
49
67
83
92
99
111
116
124
132
136
138
139
150
151
158
163
170
171
173
181
184
186
190
191
197
201
202
203
210
220
225
228
231
232
237
238
239
241
247
249
253
254
258
260
264
269
278
280
284
290
292
293
300
301
304
308
315
318
331
339
340
347
349
357
368
375
377
378
385
387
400
404
410
411
412
416
420
425
433
437
438
440
445
451
461
463
468
469
486
488
491
503
508
519
522
524
526
527
529
531
534
535
536
543
559
561
568
574
575
581
583
584
591
593
595
596
599
600
603
605
613
614
615
631
642
651
652
654
655
657
658
659
667
678
681
685
686
688
692
693
708
709
711
715
722
723
728
729
731
732
733
735
736
742
753
754
760
761
769
770
775
777
779
784
787
788
792
796
800
802
803
815
821
823
826
832
835
841
851
854
857
858
864
871
872
875
876
878
882
883
885
887
891
901
905
908
920
921
922
926
927
929
938
940
944
946
949
952
954
957
973
974
976
977
979
983
988
994
997
1008
1011
1012
1013
1016
1024
1032
1036
1040
1045
1052
1060
1068
1070
1072
1082
1084
1085
1089
1091
1094
1095
1104
1105
1106
1111
1117
1122
1128
1129
1130
1131
1134
1138
1140
1146
1150
1153
1154
1162
1168
1170
1172
1179
1181
1182
1185
1188
1196
1198
1205
1206
1207
1208
1211
1218
1232
1242
1244
1246
1248
1250
1251
1252
1254
1255
1263
1273
1275
1277
1283
1284
1286
1287
1291
1295
1301
1305
1309
1311
1317
1320
1323
1326
1330
1339
1343
1345
1351
1353
1354
1358
1369
1370
1379
1381
1382
1383
1385
1389
1391
1396
1397
1401
1411
1414
1417
1419
1423
1439
1454
1457
1460
1468
1469
1481
1488
1489
1490
1492
1494
1495
1496
1497
1500
1502
1505
1508
1512
1514
1519
1525
1530
1535
1537
1538
1539
1548
1554
1555
1557
1565
1571
1574
1581
1583
1591
1592
1597
1600
1611
1614
1615
1620
1622
1634
1635
1637
1639
1643
1649
1652
1663
1664
1673
1682
1683
1686
1689
1703
1706
1710
1713
1714
1715
1718
1721
1723
1730
1735
1737
1740
1744
1747
1763
1764
1765
1767
1772
1784
1790
1791
1803
1808
1825
1827
1828
1835
1841
1848
1852
1863
1864
1866
1867
1872
1877
1878
1881
1887
1890
1893
1896
1897
1901
1907
1909
1914
1917
1926
1927
1931
1932
1938
1940
1944
1950
1953
1954
1958
1959
1965
1967
1976
1980
1981
1986
1989
1993
1995
1996
2000
2001
2004
2007
2008
2014
2016
2017
2018
2021
2022
2023
2027
2030
2031
2032
2035
2036
2037
2039
2042
2043
2044
2047
2049
2050
2054
2056
2058
2059
2061
2062
2065
2067
2068
2070
2071
2073
2074
2075
2076
2077
2079
2081
2082
2083
