2
3
38
51
53
64
86
92
94
98
106
117
120
134
142
158
225
243
253
257
265
283
290
294
328
346
350
364
402
414
442
454
463
489
521
526
547
552
561
578
580
593
598
605
617
619
625
629
658
674
691
715
723
729
746
772
785
797
806
809
813
821
828
840
848
868
869
888
937
947
956
959
971
982
988
991
1001
1006
1016
1046
1065
1092
1109
1132
1143
1161
1190
1194
1212
1220
1222
1235
1273
1279
1282
1316
1335
1338
1345
1374
1389
1399
1414
1429
1444
1461
1571
1583
1595
1602
1605
1611
1616
1618
1624
1625
1634
1651
1667
1668
1688
1690
1692
1693
1722
1733
1739
1765
1784
1812
1819
1824
1839
1855
1868
1881
1882
1886
1908
1926
1956
1960
1965
1969
1970
1974
1981
2000
2001
2002
2003
2005
2008
2009
2010
2011
2012
2013
2014
2015
2017
2018
2020
2021
2022
2023
2024
2025
2026
2027
2028
2029
2030
2031
2032
2033
2036
2038
2039
2041
2043
2045
2046
2049
2051
2053
2054
2055
2057
2058
2060
2061
2063
2064
2065
2067
2069
2071
2072
2073
2074
2075
2077
2079
2080
2081
2082
2083
