0
1
2
4
10
11
13
16
18
22
26
30
31
38
41
46
47
53
54
66
69
70
71
72
73
74
80
86
87
94
110
116
120
124
127
130
133
135
143
149
150
160
161
190
191
192
205
209
211
213
214
215
216
224
229
236
238
243
247
254
265
266
268
270
273
275
281
290
299
309
312
316
320
321
326
328
335
339
342
348
357
358
363
367
368
371
376
384
387
400
404
407
408
416
417
422
424
429
430
434
436
451
453
454
455
468
472
483
488
489
494
495
496
501
502
503
512
515
526
545
548
552
561
564
568
579
586
590
592
595
598
604
610
613
614
622
626
628
634
636
652
657
660
668
673
677
680
685
688
693
699
701
703
706
708
717
723
730
733
734
735
743
746
747
748
762
765
778
783
785
786
793
796
815
817
820
825
826
832
834
838
840
843
844
856
858
869
874
875
878
882
885
886
893
900
901
904
905
912
920
921
925
926
931
937
941
946
947
951
952
960
965
968
972
983
991
993
1000
1003
1013
1020
1022
1023
1027
1029
1037
1043
1049
1054
1059
1079
1081
1087
1089
1090
1103
1105
1110
1112
1117
1118
1126
1129
1132
1140
1141
1142
1143
1144
1154
1156
1164
1170
1175
1181
1183
1195
1197
1198
1200
1208
1212
1215
1223
1226
1236
1240
1241
1243
1244
1245
1249
1252
1254
1255
1258
1262
1268
1272
1282
1284
1286
1287
1299
1302
1309
1310
1320
1324
1334
1335
1336
1345
1353
1358
1372
1374
1380
1382
1386
1387
1388
1395
1404
1405
1406
1409
1418
1423
1426
1429
1431
1434
1440
1442
1443
1446
1453
1456
1459
1460
1461
1462
1464
1474
1475
1476
1478
1479
1480
1483
1485
1491
1495
1496
1499
1503
1510
1512
1522
1529
1530
1535
1538
1543
1552
1571
1572
1573
1577
1579
1591
1594
1602
1604
1609
1617
1622
1631
1636
1642
1651
1664
1669
1670
1672
1675
1678
1682
1683
1695
1698
1705
1708
1711
1713
1716
1721
1726
1731
1734
1739
1755
1764
1765
1767
1768
1770
1779
1781
1783
1784
1788
1789
1794
1802
1803
1813
1814
1815
1820
1821
1822
1836
1838
1843
1844
1848
1852
1853
1858
1864
1865
1866
1867
1868
1870
1879
1880
1881
1882
1892
1894
1896
1900
1906
1907
1909
1912
1917
1918
1921
1931
1934
1936
1938
1940
1941
1945
1951
1956
1970
1973
1978
1982
1983
1989
1991
1992
1998
2000
2001
2002
2003
2004
2005
2007
2009
2011
2012
2013
2014
2016
2017
2018
2019
2020
2021
2024
2025
2026
2027
2028
2029
2030
2031
2032
2033
2034
2035
2036
2037
2038
2039
2040
2041
2042
2043
2044
2045
2046
2049
2050
2051
2052
2053
2054
2055
2056
2058
2059
2061
2062
2065
2067
2068
2069
2070
2071
2072
2073
2074
2075
2076
2077
2079
2080
2081
2082
2083
2084
