3
4
10
11
13
14
18
33
41
43
49
52
54
55
58
66
72
74
76
77
78
81
82
83
86
88
100
106
108
109
113
120
137
139
143
144
147
150
153
157
158
161
166
167
170
175
177
179
184
190
191
192
194
197
207
213
215
233
235
243
245
249
250
251
254
264
272
282
284
292
293
296
311
312
317
320
326
328
334
335
336
341
345
346
348
354
358
363
366
369
374
376
387
393
394
399
400
406
407
409
415
420
424
427
428
429
434
435
438
442
445
448
453
460
462
463
470
472
473
487
489
491
492
496
500
502
510
513
514
519
531
536
537
542
548
555
559
564
568
574
580
583
590
591
594
596
598
613
625
646
649
657
670
674
675
676
680
681
685
688
689
693
710
711
715
722
723
727
734
742
743
751
763
771
772
773
778
782
788
795
797
804
805
811
815
817
818
830
833
840
843
848
855
858
864
865
873
874
881
886
891
893
900
914
915
931
934
935
938
947
952
956
957
958
959
963
969
979
984
986
989
993
1005
1008
1009
1012
1016
1020
1024
1026
1027
1036
1037
1050
1052
1053
1062
1065
1076
1082
1083
1087
1097
1098
1100
1103
1105
1110
1111
1120
1129
1132
1145
1147
1149
1153
1155
1166
1170
1178
1179
1180
1182
1183
1190
1191
1194
1196
1197
1199
1201
1203
1212
1214
1216
1220
1227
1228
1236
1241
1242
1250
1261
1262
1265
1270
1271
1272
1275
1284
1286
1291
1304
1305
1306
1307
1310
1313
1326
1329
1333
1338
1340
1345
1352
1353
1356
1358
1360
1367
1379
1380
1384
1389
1396
1399
1403
1405
1406
1408
1409
1410
1421
1429
1433
1438
1443
1444
1453
1455
1460
1462
1469
1470
1471
1480
1490
1495
1499
1503
1504
1512
1516
1521
1533
1534
1537
1543
1544
1549
1555
1571
1573
1583
1585
1592
1594
1605
1606
1608
1610
1625
1639
1645
1655
1658
1662
1664
1666
1668
1673
1680
1685
1686
1688
1692
1693
1694
1699
1700
1713
1715
1720
1724
1726
1727
1728
1729
1731
1740
1742
1743
1750
1752
1764
1765
1766
1767
1768
1773
1775
1783
1784
1787
1791
1796
1806
1807
1808
1811
1819
1828
1831
1833
1841
1859
1864
1866
1867
1868
1870
1880
1886
1887
1888
1897
1901
1905
1909
1910
1915
1917
1918
1922
1923
1924
1925
1929
1931
1938
1956
1959
1962
1974
1978
1979
1982
1983
1988
1997
1998
2000
2001
2002
2003
2005
2007
2008
2009
2010
2011
2012
2013
2014
2015
2016
2018
2019
2020
2021
2022
2023
2024
2025
2026
2028
2030
2031
2032
2033
2035
2036
2037
2038
2039
2040
2041
2042
2043
2044
2045
2047
2048
2049
2050
2051
2052
2054
2056
2057
2058
2059
2061
2062
2063
2064
2065
2068
2069
2070
2071
2073
2074
2075
2076
2078
2079
2080
2081
2082
2084
