1
2
3
10
11
14
16
18
20
22
25
26
29
31
35
38
39
42
53
55
57
58
59
62
65
67
69
71
75
76
77
78
79
83
84
86
87
88
90
91
92
93
94
97
99
100
101
102
104
106
108
109
110
111
113
114
115
116
117
119
120
124
127
128
129
130
131
132
134
135
138
139
142
150
153
157
158
160
161
165
166
167
169
171
172
176
177
178
180
184
185
188
190
199
201
202
204
207
208
209
210
213
214
215
216
218
223
224
225
227
228
229
230
233
235
236
237
239
242
243
244
245
247
249
251
252
253
254
255
256
260
261
265
267
268
270
271
275
276
277
280
281
283
287
290
293
294
296
297
298
299
302
303
304
306
309
311
312
314
315
316
317
318
324
327
328
331
334
335
336
341
345
347
348
349
353
354
355
358
360
366
367
369
370
371
372
376
377
380
384
386
387
388
389
390
392
396
397
399
403
404
407
409
411
413
415
419
421
422
423
424
428
429
430
431
432
434
439
441
443
444
445
450
451
452
456
458
460
462
464
469
473
482
484
487
489
490
491
492
495
496
499
500
501
509
511
513
517
518
519
520
521
522
524
526
527
528
533
536
537
542
544
547
549
550
552
555
559
560
561
562
568
569
570
575
577
578
579
580
581
583
584
585
586
590
591
592
593
599
602
603
605
607
608
613
615
616
617
619
621
622
623
625
626
627
629
634
638
639
643
646
648
649
654
656
657
665
667
670
674
675
676
678
680
681
682
685
686
691
695
699
701
703
704
706
711
712
715
716
717
720
721
722
723
728
730
731
732
733
743
746
747
750
751
754
755
757
760
761
762
764
767
768
769
773
777
779
780
781
782
783
785
787
788
790
791
795
796
800
801
802
803
805
809
811
813
819
823
826
827
828
831
832
834
836
837
838
839
842
845
846
847
848
849
850
851
853
855
857
858
859
860
865
867
869
871
873
874
875
877
878
880
884
885
886
887
888
889
890
891
898
899
903
904
905
910
914
916
918
920
924
925
926
928
930
931
932
933
934
938
939
940
941
942
946
947
948
949
954
958
959
960
962
963
966
967
968
971
975
976
977
979
982
983
988
989
991
993
994
996
998
1004
1005
1006
1008
1009
1010
1013
1014
1015
1019
1025
1028
1029
1032
1033
1036
1039
1040
1043
1044
1045
1046
1047
1048
1051
1053
1054
1055
1057
1059
1061
1063
1064
1065
1066
1068
1069
1071
1073
1074
1075
1076
1077
1079
1080
1083
1087
1088
1089
1090
1091
1098
1100
1101
1102
1103
1105
1106
1110
1111
1112
1114
1115
1116
1117
1120
1121
1123
1124
1127
1128
1129
1131
1132
1134
1136
1138
1143
1144
1146
1148
1149
1151
1159
1160
1161
1163
1165
1166
1168
1169
1170
1172
1173
1175
1177
1180
1181
1182
1183
1184
1185
1186
1188
1192
1193
1194
1199
1201
1203
1206
1208
1212
1215
1217
1220
1221
1222
1228
1229
1230
1231
1234
1236
1245
1251
1254
1256
1260
1261
1262
1264
1265
1268
1269
1271
1273
1278
1280
1285
1287
1288
1290
1294
1296
1299
1300
1301
1302
1307
1308
1312
1313
1317
1320
1323
1327
1328
1329
1331
1333
1334
1335
1336
1339
1340
1342
1344
1345
1346
1348
1352
1353
1355
1357
1360
1361
1370
1377
1380
1381
1382
1383
1387
1388
1389
1390
1392
1395
1397
1401
1403
1406
1409
1414
1416
1417
1418
1420
1421
1424
1425
1426
1433
1434
1435
1436
1437
1439
1442
1443
1446
1447
1448
1449
1450
1454
1455
1461
1462
1463
1466
1467
1468
1469
1471
1474
1475
1476
1477
1478
1479
1481
1482
1490
1491
1492
1495
1498
1500
1501
1505
1510
1511
1512
1514
1516
1518
1522
1524
1527
1533
1537
1538
1539
1543
1544
1548
1549
1550
1551
1552
1555
1556
1557
1559
1560
1561
1567
1568
1571
1572
1573
1574
1575
1577
1578
1581
1584
1587
1588
1592
1597
1600
1601
1602
1603
1606
1608
1610
1611
1612
1617
1619
1621
1622
1624
1625
1626
1631
1634
1639
1640
1646
1647
1650
1651
1656
1660
1661
1662
1665
1666
1667
1669
1671
1672
1676
1679
1681
1683
1684
1685
1686
1688
1690
1694
1696
1698
1700
1701
1702
1705
1707
1708
1713
1717
1719
1720
1722
1723
1726
1730
1731
1732
1733
1734
1739
1740
1741
1744
1745
1746
1748
1749
1750
1751
1752
1754
1756
1758
1763
1764
1765
1766
1769
1770
1777
1783
1784
1785
1786
1787
1789
1790
1791
1793
1797
1798
1800
1804
1806
1807
1808
1809
1811
1818
1821
1822
1823
1824
1825
1827
1828
1830
1832
1833
1838
1839
1842
1843
1844
1849
1852
1854
1857
1858
1862
1863
1864
1866
1867
1868
1871
1873
1875
1876
1877
1880
1881
1883
1884
1888
1889
1890
1893
1894
1897
1899
1900
1901
1902
1903
1905
1906
1907
1908
1909
1912
1915
1917
1918
1923
1924
1925
1927
1928
1931
1932
1933
1935
1936
1940
1942
1943
1944
1945
1947
1950
1951
1952
1954
1958
1959
1960
1961
1962
1965
1967
1969
1970
1972
1973
1975
1976
1977
1981
1983
1984
1990
1992
1993
1996
1997
1998
1999
2000
2002
2004
2005
2007
2008
2009
2011
2012
2013
2014
2015
2016
2017
2018
2019
2020
2023
2025
2026
2027
2028
2029
2030
2031
2032
2033
2035
2036
2037
2038
2039
2040
2041
2042
2043
2044
2045
2046
2047
2048
2049
2050
2051
2052
2053
2054
2055
2056
2057
2058
2059
2060
2061
2062
2064
2065
2066
2067
2068
2069
2070
2071
2072
2073
2074
2075
2076
2078
2079
2080
2081
2082
2083
2084
