0
1
3
4
5
6
7
8
10
11
13
14
16
18
19
20
21
22
23
24
25
26
27
28
29
32
33
35
37
39
41
43
44
46
47
48
52
54
55
56
57
58
59
61
63
64
66
67
68
69
71
73
74
75
76
77
78
79
80
81
82
83
84
86
88
89
90
91
93
94
95
96
97
98
99
100
101
102
104
105
106
107
108
109
112
113
114
116
117
119
120
121
122
123
125
126
127
128
130
131
132
133
134
135
137
138
139
143
144
145
146
147
148
149
150
152
154
156
157
158
160
161
163
164
165
166
167
169
170
171
172
173
174
175
176
178
179
180
181
184
185
187
188
189
190
191
193
194
195
196
197
200
204
205
206
207
208
209
211
212
213
214
215
216
218
221
222
223
224
225
226
228
229
230
231
234
235
236
237
238
239
240
243
244
245
246
247
248
249
250
251
253
254
256
262
264
267
269
270
272
276
277
278
279
280
281
282
283
284
285
287
288
290
291
292
293
294
295
299
300
301
303
304
305
306
308
309
310
311
312
313
316
318
319
320
323
324
325
326
328
329
331
332
334
335
336
337
338
339
340
341
342
343
344
346
347
348
349
350
351
354
355
356
358
360
363
364
367
368
369
370
371
372
374
375
376
377
379
380
381
383
384
385
386
388
389
391
392
393
394
395
398
399
400
401
402
404
405
406
411
412
413
414
415
416
417
418
420
421
422
423
424
425
426
430
431
433
434
436
437
438
439
440
445
446
447
448
450
451
452
455
456
458
459
460
461
463
465
466
468
469
470
471
473
474
476
477
478
479
480
483
484
485
486
487
488
489
490
491
492
493
495
498
499
500
501
502
503
505
507
508
509
511
512
513
514
515
516
517
520
522
523
524
525
526
528
529
531
533
535
536
537
538
541
543
544
545
546
548
550
553
554
555
556
558
559
560
561
563
564
565
566
568
569
570
571
572
573
574
575
576
578
579
580
582
583
584
585
586
587
588
590
591
592
593
595
598
599
600
601
602
603
604
605
606
607
608
609
610
612
613
615
616
617
618
620
623
624
626
627
630
631
632
633
635
636
638
639
640
641
642
643
644
645
646
647
648
649
650
651
652
654
655
657
658
661
662
663
665
666
667
668
669
670
671
672
674
676
677
678
680
682
685
686
687
688
689
690
692
693
694
696
697
698
700
701
702
703
705
706
707
708
709
710
711
713
717
718
719
721
722
723
724
725
728
729
730
732
733
734
735
736
737
738
739
740
741
742
743
747
748
750
752
753
754
755
758
762
764
765
767
769
770
771
772
774
775
776
777
778
779
780
781
783
784
785
787
789
790
791
792
793
796
799
801
802
803
804
806
808
809
810
814
815
816
818
819
820
821
822
823
824
826
827
828
829
832
833
835
836
838
839
840
843
844
847
848
849
851
852
853
854
856
858
859
861
862
863
864
865
866
867
868
871
872
875
877
878
880
882
884
885
886
887
888
889
890
891
892
893
895
896
897
898
899
900
901
902
903
904
905
907
908
909
910
911
912
913
914
916
917
918
919
920
921
923
924
926
927
928
929
930
931
932
933
934
935
936
938
939
941
943
945
947
948
949
950
951
952
953
954
956
957
959
960
965
966
967
968
969
970
971
972
973
974
975
976
978
979
980
981
982
983
986
987
988
990
991
992
993
994
995
996
997
998
1000
1002
1003
1005
1006
1007
1008
1009
1011
1012
1013
1014
1015
1016
1017
1019
1020
1021
1022
1023
1024
1026
1027
1029
1030
1033
1034
1035
1036
1037
1038
1039
1040
1041
1042
1043
1044
1045
1046
1047
1049
1050
1051
1052
1053
1054
1056
1057
1058
1061
1063
1069
1071
1072
1073
1074
1075
1076
1077
1078
1079
1080
1081
1082
1084
1085
1086
1088
1089
1090
1092
1093
1094
1095
1096
1098
1099
1100
1101
1103
1104
1105
1106
1107
1108
1109
1110
1112
1113
1114
1115
1116
1119
1120
1121
1123
1124
1126
1127
1128
1129
1130
1131
1132
1133
1135
1136
1137
1139
1140
1141
1142
1144
1145
1146
1147
1148
1149
1150
1151
1153
1155
1156
1158
1159
1160
1161
1162
1163
1164
1165
1166
1167
1168
1169
1170
1171
1173
1174
1175
1176
1177
1180
1181
1183
1184
1185
1186
1187
1188
1191
1193
1194
1195
1196
1197
1198
1200
1201
1202
1203
1204
1207
1208
1209
1210
1211
1212
1213
1214
1215
1216
1217
1218
1219
1220
1221
1223
1225
1226
1228
1229
1230
1231
1234
1235
1236
1238
1240
1241
1242
1243
1245
1246
1247
1249
1250
1251
1253
1254
1255
1257
1258
1259
1260
1261
1262
1263
1264
1265
1267
1268
1270
1271
1273
1274
1275
1276
1277
1278
1279
1280
1281
1283
1284
1285
1286
1287
1289
1290
1291
1292
1294
1295
1297
1298
1299
1301
1302
1303
1304
1305
1306
1307
1308
1310
1312
1314
1315
1316
1317
1319
1320
1322
1323
1324
1325
1327
1328
1329
1330
1331
1332
1333
1334
1336
1337
1338
1340
1341
1342
1344
1345
1346
1347
1350
1351
1354
1356
1360
1361
1362
1363
1365
1366
1367
1368
1369
1370
1371
1372
1373
1374
1375
1376
1377
1379
1380
1381
1382
1383
1385
1387
1388
1389
1391
1393
1395
1396
1397
1400
1404
1405
1406
1407
1408
1409
1411
1412
1413
1414
1415
1417
1420
1421
1422
1423
1424
1425
1426
1427
1428
1429
1430
1431
1432
1433
1434
1436
1438
1439
1440
1443
1445
1446
1447
1451
1452
1454
1455
1457
1459
1460
1461
1462
1463
1464
1465
1466
1467
1468
1469
1471
1472
1474
1475
1476
1477
1478
1479
1480
1481
1482
1483
1484
1486
1487
1489
1491
1493
1494
1496
1497
1498
1499
1500
1501
1502
1503
1504
1506
1507
1508
1510
1511
1512
1514
1515
1516
1517
1518
1519
1520
1521
1522
1523
1524
1525
1526
1527
1528
1529
1530
1531
1533
1534
1535
1536
1537
1538
1539
1541
1542
1543
1544
1547
1548
1549
1550
1551
1553
1554
1555
1557
1558
1559
1562
1563
1564
1568
1570
1571
1572
1573
1574
1576
1577
1578
1579
1580
1581
1582
1583
1585
1587
1588
1589
1591
1592
1593
1594
1595
1596
1599
1601
1602
1604
1605
1606
1609
1610
1611
1613
1614
1616
1617
1618
1620
1622
1623
1624
1625
1626
1627
1629
1630
1631
1634
1635
1637
1638
1639
1640
1642
1643
1644
1645
1650
1651
1652
1653
1654
1655
1656
1660
1662
1663
1664
1665
1666
1668
1669
1671
1672
1674
1676
1677
1678
1680
1681
1682
1683
1688
1689
1692
1693
1694
1695
1697
1698
1699
1700
1701
1702
1705
1706
1707
1708
1709
1711
1712
1713
1714
1715
1716
1717
1720
1721
1722
1723
1724
1726
1727
1728
1729
1730
1731
1732
1733
1734
1735
1737
1738
1739
1740
1742
1743
1744
1745
1746
1748
1749
1750
1753
1754
1756
1757
1758
1759
1761
1763
1764
1766
1767
1768
1769
1770
1771
1772
1774
1776
1778
1780
1782
1783
1787
1789
1790
1791
1792
1793
1795
1797
1798
1799
1800
1801
1803
1804
1805
1806
1807
1808
1810
1811
1813
1815
1816
1817
1818
1819
1820
1822
1823
1824
1825
1829
1831
1832
1833
1834
1836
1837
1838
1839
1841
1842
1845
1846
1848
1849
1850
1851
1853
1854
1856
1857
1858
1860
1861
1863
1864
1865
1866
1867
1868
1869
1870
1873
1874
1875
1878
1879
1880
1881
1882
1883
1886
1888
1889
1891
1892
1893
1894
1896
1897
1898
1900
1903
1904
1905
1906
1907
1909
1910
1911
1913
1915
1918
1919
1920
1921
1923
1924
1925
1926
1928
1929
1931
1932
1934
1935
1936
1937
1938
1939
1940
1941
1942
1943
1944
1945
1947
1949
1950
1951
1953
1956
1960
1963
1966
1968
1969
1970
1971
1972
1973
1974
1975
1976
1977
1978
1979
1980
1982
1983
1984
1985
1986
1989
1990
1991
1993
1995
1998
1999
2000
2001
2002
2003
2004
2005
2007
2008
2009
2010
2011
2012
2013
2014
2015
2016
2017
2018
2019
2020
2021
2022
2023
2024
2025
2027
2028
2029
2030
2031
2032
2033
2034
2035
2036
2037
2038
2039
2040
2041
2042
2043
2044
2045
2047
2048
2049
2050
2051
2052
2053
2054
2055
2056
2057
2058
2059
2060
2061
2062
2063
2064
2065
2066
2067
2068
2069
2070
2071
2072
2073
2074
2075
2076
2077
2078
2079
2080
2081
2082
2083
2084
