12
18
24
38
41
48
52
64
78
86
87
88
91
99
100
105
153
211
213
221
225
255
263
268
270
275
292
297
304
313
319
366
374
417
421
425
430
465
486
502
512
519
528
564
574
591
595
605
611
613
635
651
670
673
674
720
722
723
725
732
783
808
811
813
825
827
837
840
843
859
878
887
895
911
919
928
929
936
938
947
950
956
957
994
1008
1012
1026
1032
1051
1066
1076
1089
1099
1103
1104
1105
1113
1124
1133
1149
1164
1172
1180
1182
1183
1199
1208
1212
1216
1220
1231
1246
1264
1292
1301
1311
1322
1324
1334
1341
1357
1366
1402
1417
1433
1441
1443
1446
1447
1452
1461
1475
1485
1502
1518
1543
1552
1561
1573
1585
1604
1645
1670
1674
1688
1717
1765
1789
1790
1808
1826
1829
1842
1844
1875
1882
1901
1926
1938
1943
1969
1987
1991
2008
2011
2013
2014
2016
2017
2019
2022
2023
2024
2025
2026
2027
2028
2031
2033
2035
2036
2037
2038
2039
2040
2041
2042
2043
2047
2048
2050
2052
2056
2058
2059
2063
2068
2069
2070
2072
2073
2074
2075
2077
2078
2081
2082
2084
