1
10
18
28
33
38
49
92
99
136
138
163
191
197
201
202
203
220
228
249
253
254
264
278
280
293
300
301
315
331
347
368
377
378
387
400
404
420
425
433
463
488
503
526
534
536
561
568
574
575
584
593
600
603
613
651
658
659
685
686
693
708
722
723
728
732
733
735
753
754
761
775
777
778
779
792
802
823
851
854
858
872
875
878
885
905
908
920
922
927
940
954
994
997
1008
1012
1052
1060
1105
1111
1122
1128
1129
1140
1146
1154
1179
1182
1188
1198
1206
1207
1211
1218
1242
1255
1275
1284
1301
1305
1309
1311
1323
1330
1343
1345
1351
1353
1358
1369
1370
1379
1382
1391
1397
1401
1414
1417
1423
1454
1457
1481
1495
1500
1512
1514
1519
1537
1539
1548
1554
1574
1581
1620
1622
1634
1635
1710
1714
1726
1735
1744
1747
1763
1790
1808
1841
1848
1852
1866
1877
1881
1890
1926
1940
1944
1958
1980
1981
2000
2001
2008
2014
2018
2021
2022
2023
2027
2030
2039
2043
2047
2049
2054
2056
2058
2059
2062
2065
2068
2070
2074
2075
2076
2079
2081
2082
2083
