0
4
5
8
9
14
18
20
21
22
23
24
25
26
32
34
35
42
46
47
48
50
51
56
57
60
61
62
63
64
65
66
67
68
70
72
73
75
76
80
82
83
85
86
87
89
90
95
96
99
103
106
107
109
111
113
116
121
122
126
127
132
137
142
143
144
149
154
155
157
158
163
166
169
170
171
172
177
180
182
183
184
186
188
192
194
195
198
204
205
206
209
212
214
215
218
219
220
221
225
227
229
233
235
238
239
241
242
244
246
250
253
254
255
258
259
264
267
272
274
275
276
277
281
283
286
287
288
290
291
294
295
296
297
298
301
302
304
305
306
308
309
310
312
318
320
323
324
325
327
328
331
335
336
338
339
340
342
343
345
346
347
351
357
358
360
361
362
363
364
365
369
370
373
375
379
381
383
384
385
386
390
393
396
397
399
400
407
409
410
412
413
417
422
423
424
427
428
430
432
434
436
437
438
444
445
447
448
450
452
453
454
461
463
464
466
467
469
470
472
476
478
479
480
481
482
483
487
489
491
494
495
496
497
499
502
503
504
508
509
510
511
512
515
516
517
518
519
520
522
524
526
529
530
531
534
535
537
541
542
543
544
545
547
548
549
553
554
556
559
561
563
564
568
569
570
571
573
575
576
577
580
581
582
584
586
591
595
600
601
605
607
608
609
610
612
613
615
617
618
620
621
627
631
633
635
636
641
642
643
648
650
651
652
653
655
656
657
660
661
663
668
670
671
674
676
677
678
679
680
681
684
685
686
687
689
693
694
700
701
702
703
705
706
709
710
711
715
720
725
726
727
728
729
730
731
736
737
738
742
745
747
751
753
766
767
768
771
772
773
775
776
781
782
783
786
787
789
790
794
795
796
800
802
804
805
807
810
813
814
816
818
819
820
823
824
828
833
834
836
838
839
840
843
846
849
852
854
856
857
862
863
864
865
866
867
869
870
872
873
874
877
878
881
882
885
886
887
893
895
897
898
902
904
905
907
908
909
910
911
913
914
915
917
920
921
925
926
927
929
931
934
935
936
937
943
946
947
950
951
952
953
956
957
959
962
965
966
967
968
970
972
973
974
975
976
977
978
979
980
982
984
986
987
992
995
997
1000
1002
1005
1006
1009
1010
1012
1013
1014
1015
1016
1019
1021
1023
1024
1026
1030
1035
1036
1037
1038
1041
1042
1044
1048
1049
1052
1053
1056
1057
1058
1059
1061
1065
1068
1069
1074
1075
1077
1079
1080
1084
1086
1089
1091
1092
1093
1096
1101
1103
1104
1105
1107
1108
1109
1110
1111
1112
1120
1121
1122
1123
1124
1127
1128
1130
1132
1134
1136
1141
1142
1143
1144
1146
1147
1148
1149
1153
1154
1155
1156
1157
1160
1165
1166
1168
1169
1170
1172
1173
1175
1176
1179
1180
1183
1185
1188
1191
1195
1197
1199
1201
1202
1206
1207
1208
1209
1210
1211
1213
1214
1216
1218
1220
1221
1223
1226
1227
1228
1238
1240
1241
1242
1243
1244
1245
1246
1248
1249
1250
1251
1253
1254
1257
1258
1259
1260
1270
1272
1274
1282
1284
1285
1287
1289
1292
1293
1294
1300
1301
1305
1306
1309
1310
1311
1312
1313
1321
1322
1323
1324
1330
1333
1336
1337
1338
1340
1342
1345
1346
1347
1348
1350
1351
1354
1355
1356
1361
1362
1364
1366
1370
1371
1373
1374
1375
1377
1380
1381
1383
1385
1387
1389
1390
1391
1394
1396
1397
1398
1399
1400
1401
1405
1406
1410
1413
1415
1417
1423
1425
1426
1432
1433
1438
1443
1444
1446
1447
1452
1456
1457
1459
1461
1463
1465
1466
1472
1473
1475
1476
1480
1483
1488
1489
1490
1491
1492
1493
1494
1499
1502
1508
1509
1510
1511
1512
1515
1517
1521
1522
1523
1524
1525
1526
1528
1529
1530
1531
1532
1533
1534
1536
1538
1542
1544
1548
1549
1552
1555
1556
1557
1558
1560
1561
1563
1567
1569
1572
1573
1574
1576
1577
1579
1582
1585
1586
1587
1590
1591
1599
1601
1602
1606
1608
1609
1610
1619
1620
1621
1622
1623
1625
1626
1627
1628
1629
1630
1631
1632
1634
1635
1636
1638
1639
1644
1645
1649
1651
1658
1662
1664
1666
1667
1668
1669
1670
1674
1675
1676
1680
1681
1683
1685
1688
1692
1694
1696
1701
1705
1707
1709
1710
1712
1715
1716
1719
1720
1724
1726
1728
1729
1730
1736
1737
1738
1739
1740
1741
1742
1743
1744
1745
1746
1747
1749
1755
1757
1758
1759
1762
1765
1768
1769
1771
1773
1774
1775
1776
1783
1786
1788
1790
1791
1792
1795
1796
1800
1803
1804
1805
1807
1808
1817
1818
1819
1820
1822
1823
1827
1829
1834
1835
1836
1837
1839
1842
1844
1847
1850
1855
1856
1858
1859
1865
1866
1867
1868
1870
1876
1880
1881
1882
1883
1884
1885
1887
1889
1890
1896
1898
1901
1904
1906
1907
1909
1914
1917
1918
1920
1921
1924
1925
1930
1931
1933
1935
1938
1940
1941
1943
1945
1950
1951
1953
1954
1955
1958
1960
1961
1964
1967
1969
1970
1971
1972
1973
1976
1983
1984
1985
1987
1988
1989
1991
1996
1998
1999
2000
2001
2002
2004
2005
2007
2008
2009
2010
2011
2012
2013
2014
2015
2016
2017
2018
2019
2021
2022
2023
2024
2025
2026
2027
2028
2029
2030
2031
2033
2035
2036
2037
2038
2039
2041
2042
2043
2044
2045
2046
2047
2048
2049
2050
2051
2052
2053
2054
2056
2057
2058
2059
2060
2061
2062
2063
2064
2065
2066
2067
2068
2069
2070
2071
2072
2073
2074
2075
2076
2077
2078
2079
2080
2081
2082
2083
2084
