4
5
6
14
17
23
33
49
50
51
56
63
64
65
68
71
73
76
78
86
90
99
102
103
104
117
124
125
127
132
143
146
151
157
166
167
175
179
181
183
189
190
196
199
201
208
209
215
219
222
225
232
234
236
237
238
243
251
262
264
267
268
272
275
278
281
284
292
293
294
297
301
309
314
316
318
319
323
327
333
338
344
345
346
353
355
357
358
360
362
367
371
373
379
380
386
388
394
402
404
409
416
422
430
431
433
434
436
438
461
462
463
465
481
482
487
493
495
497
505
516
518
519
522
526
537
541
547
556
559
561
562
568
572
574
575
580
585
600
607
611
617
625
630
632
643
647
650
655
658
659
669
672
682
686
687
688
689
691
694
695
696
700
701
705
706
720
722
724
725
726
728
730
731
733
735
739
742
745
746
751
753
754
755
758
769
771
778
782
801
804
805
807
810
813
818
827
829
832
833
834
838
839
846
856
858
860
863
867
869
872
875
878
880
881
882
886
902
905
908
910
911
919
926
928
931
934
935
938
939
943
945
952
953
968
974
975
977
990
994
997
998
999
1006
1010
1011
1013
1019
1029
1036
1042
1043
1044
1048
1054
1060
1062
1066
1072
1082
1085
1087
1090
1092
1093
1094
1105
1111
1115
1121
1124
1134
1137
1143
1145
1146
1149
1160
1167
1170
1175
1176
1185
1191
1201
1204
1216
1220
1223
1228
1237
1249
1252
1262
1264
1270
1272
1274
1279
1282
1286
1295
1296
1300
1301
1302
1303
1304
1305
1307
1308
1309
1311
1313
1322
1324
1330
1331
1333
1344
1350
1361
1377
1380
1385
1387
1388
1391
1399
1401
1403
1410
1415
1421
1432
1433
1437
1439
1450
1454
1455
1457
1464
1479
1484
1485
1486
1488
1489
1496
1498
1501
1510
1514
1520
1522
1523
1532
1536
1541
1542
1547
1548
1549
1564
1565
1573
1576
1586
1587
1589
1590
1591
1592
1605
1606
1607
1608
1614
1619
1629
1630
1635
1640
1642
1645
1647
1648
1654
1656
1658
1661
1665
1667
1668
1678
1681
1682
1683
1693
1695
1696
1697
1700
1712
1715
1721
1723
1725
1726
1733
1735
1736
1737
1747
1748
1749
1754
1762
1765
1766
1769
1778
1788
1791
1794
1797
1808
1818
1819
1822
1823
1833
1838
1842
1843
1844
1846
1852
1853
1854
1856
1859
1860
1867
1870
1882
1883
1891
1896
1925
1926
1931
1939
1943
1956
1958
1965
1974
1975
1976
1984
1985
1987
1989
1996
1999
2000
2004
2005
2008
2010
2011
2012
2013
2014
2015
2016
2018
2020
2022
2023
2024
2028
2030
2031
2034
2035
2036
2037
2038
2040
2042
2043
2044
2046
2047
2049
2050
2052
2054
2057
2058
2059
2061
2063
2068
2069
2070
2072
2073
2074
2075
2076
2077
2078
2079
2080
2081
2083
2084
