2
17
18
38
55
62
86
95
106
111
120
126
149
163
166
180
208
223
243
252
259
275
283
288
291
312
315
328
331
336
346
355
379
387
416
428
429
430
439
450
476
477
481
485
491
517
521
535
547
549
555
573
574
580
583
594
634
670
693
695
701
715
720
723
747
748
752
759
772
784
807
813
817
821
877
887
911
915
943
945
951
954
959
960
967
968
972
979
1006
1008
1013
1024
1053
1060
1061
1081
1102
1111
1132
1134
1140
1142
1143
1149
1169
1183
1197
1218
1279
1282
1301
1302
1305
1306
1323
1328
1349
1357
1360
1365
1369
1374
1394
1441
1469
1475
1487
1489
1516
1522
1528
1537
1551
1586
1606
1621
1624
1634
1636
1667
1670
1672
1677
1680
1683
1703
1718
1730
1740
1753
1762
1767
1768
1772
1778
1787
1803
1839
1847
1852
1853
1862
1864
1885
1953
1958
1976
2000
2002
2003
2004
2011
2012
2014
2015
2016
2017
2021
2022
2024
2026
2028
2029
2030
2031
2032
2039
2042
2044
2045
2048
2049
2052
2053
2055
2057
2059
2060
2062
2067
2069
2070
2072
2076
2081
2082
2083
2084
