3
4
5
12
17
18
23
29
35
39
41
42
44
51
53
61
62
66
72
73
77
79
83
87
88
90
95
101
106
107
108
111
128
130
138
139
142
143
149
150
154
156
167
172
177
196
205
207
211
219
221
236
238
241
243
249
252
256
259
266
267
269
275
285
290
295
300
305
308
311
314
318
320
324
326
329
330
331
338
346
347
351
354
357
359
363
364
366
367
368
376
377
400
404
405
417
420
422
427
430
432
434
437
441
451
466
473
477
478
484
485
486
492
494
501
513
515
517
519
524
529
537
545
547
554
556
564
569
571
579
580
581
582
583
587
593
604
610
613
619
622
630
638
642
652
653
655
662
666
668
670
675
685
686
688
692
701
706
710
718
723
728
730
731
732
733
739
743
746
752
753
771
776
778
783
784
794
797
802
803
805
808
810
818
833
834
835
838
843
846
856
858
863
864
865
866
869
870
884
885
886
887
895
897
902
908
912
915
916
917
919
920
924
925
930
931
943
946
947
951
952
955
957
958
972
974
976
981
984
987
993
997
1003
1013
1015
1016
1017
1020
1035
1037
1051
1059
1061
1064
1068
1069
1071
1074
1090
1095
1098
1099
1103
1110
1111
1125
1127
1129
1132
1133
1134
1143
1144
1145
1148
1155
1164
1166
1174
1175
1181
1188
1191
1195
1196
1197
1198
1200
1203
1212
1220
1244
1247
1254
1260
1269
1272
1276
1280
1284
1292
1294
1301
1305
1306
1309
1310
1312
1313
1315
1316
1322
1324
1330
1331
1333
1336
1342
1343
1345
1350
1351
1365
1370
1372
1379
1385
1396
1403
1409
1419
1420
1433
1435
1443
1444
1446
1453
1460
1463
1468
1469
1475
1478
1490
1492
1496
1505
1508
1510
1511
1516
1520
1522
1529
1530
1538
1544
1551
1557
1563
1565
1571
1574
1576
1577
1579
1589
1591
1596
1604
1610
1611
1612
1618
1619
1621
1623
1624
1626
1637
1639
1640
1642
1645
1647
1648
1656
1666
1669
1673
1675
1678
1680
1682
1689
1693
1700
1702
1707
1708
1709
1712
1713
1718
1719
1726
1730
1734
1754
1758
1762
1769
1779
1788
1794
1798
1814
1819
1822
1843
1844
1847
1859
1866
1867
1868
1873
1877
1880
1882
1886
1887
1888
1889
1897
1901
1904
1915
1918
1922
1923
1932
1936
1942
1943
1945
1953
1965
1967
1976
1978
1982
1983
1989
1993
2000
2001
2002
2004
2005
2007
2009
2010
2011
2012
2013
2014
2015
2016
2017
2018
2019
2021
2022
2023
2024
2025
2026
2028
2029
2030
2031
2032
2033
2035
2036
2037
2038
2039
2040
2041
2042
2043
2044
2045
2046
2047
2049
2051
2052
2053
2054
2055
2056
2058
2059
2060
2061
2062
2063
2064
2065
2066
2067
2068
2069
2070
2072
2073
2074
2075
2076
2077
2078
2079
2080
2081
2082
2083
2084
