1
2
3
5
6
10
11
12
13
15
18
19
21
22
24
30
34
35
36
38
39
40
43
44
45
46
55
56
57
58
60
61
63
64
65
72
76
78
79
80
81
86
88
92
93
96
97
101
103
104
106
107
108
109
110
111
113
115
116
117
120
128
131
133
134
136
139
141
144
146
147
150
154
157
165
169
170
172
174
175
178
179
183
184
185
190
192
199
200
204
205
206
207
208
211
213
216
218
225
227
229
230
236
237
239
242
243
244
245
246
251
252
253
256
259
261
263
265
268
269
270
271
272
274
275
276
278
280
281
282
283
286
287
288
294
297
301
304
306
309
312
313
316
317
318
319
321
322
323
324
326
327
329
331
332
333
334
338
339
340
342
347
348
350
351
352
354
356
358
359
360
363
366
367
368
369
370
371
372
376
377
378
385
386
388
389
390
392
393
394
396
397
399
400
404
405
406
408
410
411
413
414
415
416
419
420
421
422
423
424
425
426
429
430
432
433
434
436
440
444
445
447
449
455
461
462
466
467
468
470
472
477
481
482
483
484
488
489
491
495
496
497
499
500
501
502
505
506
507
508
509
512
514
515
516
518
520
521
522
525
528
534
538
539
541
544
545
547
548
549
553
554
563
564
566
568
569
570
578
579
581
584
585
591
594
595
596
598
601
602
603
604
605
607
608
609
613
617
619
621
622
627
630
634
638
643
647
648
652
653
655
660
662
666
671
673
678
680
682
685
686
688
689
690
691
692
693
694
696
697
702
704
705
706
710
712
713
718
720
722
723
728
729
731
733
735
742
743
745
746
752
753
758
759
761
764
765
766
769
770
772
773
775
780
782
783
784
786
788
790
791
792
796
797
800
801
802
805
807
808
810
812
813
815
821
822
825
828
829
831
834
837
838
840
842
853
854
855
857
858
859
862
864
867
868
870
871
872
873
874
875
876
880
882
884
886
888
890
891
896
899
901
902
903
904
905
906
909
910
911
912
914
916
919
926
927
928
930
931
933
936
937
939
940
941
943
945
946
948
949
950
953
954
956
957
958
960
965
966
968
969
971
972
973
975
978
980
986
989
990
993
994
996
997
998
999
1002
1003
1004
1005
1006
1008
1010
1012
1013
1014
1015
1016
1018
1019
1021
1024
1025
1028
1031
1032
1033
1034
1037
1040
1043
1046
1047
1049
1050
1051
1055
1056
1058
1060
1061
1062
1064
1068
1070
1072
1073
1074
1075
1076
1081
1083
1085
1087
1089
1090
1092
1093
1101
1102
1103
1105
1109
1110
1111
1112
1113
1114
1116
1117
1118
1119
1120
1121
1124
1125
1126
1127
1128
1129
1134
1136
1138
1139
1140
1142
1144
1146
1147
1149
1150
1151
1154
1157
1160
1162
1163
1164
1165
1168
1169
1173
1177
1178
1181
1182
1184
1185
1188
1190
1191
1192
1194
1197
1198
1200
1202
1206
1209
1210
1211
1212
1214
1216
1218
1220
1221
1222
1226
1228
1229
1230
1234
1235
1236
1238
1239
1240
1242
1243
1244
1245
1247
1249
1250
1251
1252
1253
1254
1255
1256
1257
1260
1261
1265
1269
1272
1273
1276
1278
1279
1282
1283
1286
1287
1288
1289
1292
1295
1302
1304
1305
1308
1310
1313
1316
1317
1318
1321
1322
1323
1325
1326
1328
1331
1333
1334
1335
1336
1338
1340
1341
1342
1343
1352
1354
1355
1358
1359
1361
1370
1373
1374
1375
1377
1378
1386
1389
1390
1391
1393
1395
1397
1398
1404
1405
1406
1408
1409
1410
1413
1415
1416
1418
1420
1421
1423
1424
1435
1440
1442
1443
1448
1452
1454
1458
1460
1464
1468
1471
1472
1474
1476
1477
1479
1482
1483
1485
1488
1489
1490
1491
1492
1494
1495
1496
1497
1499
1501
1502
1505
1507
1512
1513
1515
1516
1519
1520
1522
1524
1525
1526
1527
1534
1537
1538
1539
1540
1541
1543
1544
1549
1550
1551
1553
1558
1559
1560
1562
1564
1565
1566
1568
1569
1573
1574
1575
1578
1579
1580
1582
1583
1584
1585
1587
1590
1592
1593
1595
1597
1598
1599
1600
1607
1608
1610
1612
1618
1622
1623
1625
1626
1632
1635
1638
1639
1640
1643
1648
1650
1652
1658
1659
1662
1663
1666
1667
1669
1670
1673
1674
1677
1678
1679
1680
1683
1684
1685
1686
1687
1688
1689
1690
1699
1700
1702
1704
1707
1708
1709
1711
1712
1713
1715
1716
1717
1718
1720
1723
1724
1725
1730
1731
1732
1733
1734
1736
1739
1742
1743
1744
1745
1746
1747
1755
1757
1759
1764
1765
1766
1767
1769
1770
1771
1777
1778
1780
1784
1785
1788
1789
1790
1791
1796
1800
1803
1809
1810
1817
1818
1819
1820
1821
1822
1823
1824
1826
1827
1828
1829
1830
1831
1833
1835
1837
1839
1852
1854
1855
1857
1858
1862
1866
1869
1870
1872
1873
1875
1876
1877
1879
1880
1881
1882
1885
1886
1887
1891
1895
1896
1897
1899
1903
1904
1907
1911
1914
1915
1917
1920
1921
1924
1926
1930
1931
1933
1935
1936
1938
1939
1944
1945
1949
1950
1952
1953
1954
1956
1960
1962
1963
1964
1967
1970
1971
1972
1973
1974
1975
1979
1980
1981
1982
1983
1985
1987
1989
1991
1993
1998
1999
2000
2002
2003
2004
2005
2007
2008
2010
2012
2013
2014
2015
2016
2017
2018
2019
2020
2022
2023
2024
2025
2026
2027
2028
2029
2030
2031
2032
2033
2034
2035
2036
2037
2038
2039
2040
2041
2042
2043
2044
2048
2049
2050
2051
2052
2053
2055
2056
2058
2059
2060
2062
2063
2064
2065
2066
2067
2068
2070
2071
2073
2075
2076
2077
2078
2079
2080
2081
2082
2083
2084
