0
3
5
6
12
13
15
19
21
22
23
25
26
27
28
33
37
40
41
42
43
45
46
49
54
56
57
59
64
69
70
71
72
76
81
82
83
86
87
89
90
91
92
94
95
99
101
108
109
110
111
114
116
118
119
120
121
123
128
129
133
134
138
139
141
142
143
145
146
148
150
153
154
155
158
160
163
164
165
166
169
170
171
172
174
175
178
179
185
186
188
191
192
193
196
198
201
202
205
206
207
208
209
210
211
213
214
217
221
222
223
225
227
234
236
237
239
243
247
256
257
262
264
265
266
267
268
269
275
281
283
285
286
289
290
292
293
297
308
309
310
311
312
313
314
318
322
324
326
327
331
334
336
342
343
350
351
353
354
355
360
361
362
363
367
368
372
374
375
376
377
378
381
383
386
388
393
394
396
399
400
404
407
409
414
415
419
421
422
425
427
429
430
439
441
442
445
454
463
466
468
469
470
472
473
479
482
483
488
489
490
492
493
496
497
502
504
505
509
511
513
515
516
517
525
526
527
528
529
531
533
534
539
541
542
543
545
547
549
551
554
555
556
560
561
564
567
568
573
574
575
582
583
584
586
588
590
591
592
593
594
595
596
598
599
602
603
604
605
611
613
614
615
617
619
622
628
629
630
634
635
636
638
646
647
648
650
651
654
658
659
660
663
665
667
668
670
672
673
676
679
680
682
683
689
692
693
696
697
699
700
705
709
710
712
715
718
722
731
733
734
735
738
743
745
746
747
748
751
752
753
757
760
761
763
765
767
769
770
773
774
775
778
781
783
784
785
786
787
788
789
790
792
794
795
796
797
800
801
802
806
807
808
810
811
812
813
814
815
816
818
819
821
823
824
828
829
830
835
836
837
838
839
840
843
849
852
854
856
857
858
863
867
868
870
872
873
875
876
878
886
887
888
889
892
894
895
898
900
901
902
908
909
910
912
914
918
920
923
924
925
927
928
929
931
934
935
938
940
941
945
947
950
952
953
954
955
957
958
959
961
962
963
964
965
966
972
974
976
977
980
982
983
986
987
990
991
993
994
997
1001
1005
1006
1008
1010
1011
1013
1016
1017
1018
1019
1020
1023
1024
1026
1030
1032
1033
1037
1038
1039
1042
1043
1044
1045
1048
1050
1051
1052
1053
1055
1057
1058
1060
1062
1064
1065
1066
1071
1073
1074
1076
1078
1080
1083
1084
1087
1088
1089
1091
1093
1102
1103
1105
1106
1107
1109
1112
1113
1115
1118
1119
1122
1124
1126
1128
1132
1133
1134
1136
1138
1139
1140
1141
1143
1144
1146
1148
1149
1150
1151
1157
1160
1161
1162
1165
1169
1170
1173
1175
1176
1178
1179
1180
1181
1182
1183
1185
1186
1187
1190
1192
1194
1196
1197
1198
1199
1201
1202
1203
1206
1209
1210
1211
1213
1217
1218
1220
1222
1223
1224
1227
1228
1229
1230
1231
1233
1234
1235
1236
1237
1239
1241
1242
1243
1245
1249
1250
1251
1257
1260
1261
1268
1269
1270
1271
1272
1273
1275
1277
1278
1280
1281
1284
1285
1287
1288
1290
1291
1293
1294
1298
1299
1301
1308
1310
1311
1312
1313
1315
1316
1318
1319
1321
1323
1325
1328
1329
1332
1333
1334
1335
1336
1341
1343
1351
1353
1357
1358
1359
1360
1364
1365
1367
1369
1370
1371
1375
1376
1380
1381
1382
1383
1388
1389
1390
1391
1392
1394
1395
1397
1398
1399
1401
1403
1404
1407
1410
1413
1414
1415
1417
1418
1420
1422
1423
1427
1431
1432
1433
1434
1436
1438
1441
1442
1444
1446
1452
1453
1461
1463
1465
1469
1472
1473
1474
1475
1477
1479
1481
1482
1486
1487
1489
1491
1492
1494
1495
1496
1498
1499
1500
1503
1504
1507
1508
1510
1513
1515
1517
1518
1519
1520
1521
1522
1529
1533
1536
1537
1538
1540
1542
1546
1548
1549
1550
1551
1554
1555
1557
1558
1562
1563
1565
1570
1572
1574
1576
1577
1578
1580
1581
1583
1584
1585
1586
1587
1589
1593
1594
1595
1600
1602
1604
1605
1606
1608
1610
1611
1612
1616
1618
1620
1621
1623
1624
1632
1635
1636
1637
1639
1641
1642
1644
1646
1648
1649
1650
1651
1653
1654
1655
1657
1661
1662
1665
1667
1668
1669
1670
1671
1673
1674
1678
1681
1682
1692
1693
1695
1696
1701
1702
1706
1708
1711
1712
1713
1714
1716
1718
1722
1726
1728
1731
1733
1734
1735
1739
1742
1743
1745
1746
1750
1751
1752
1753
1754
1755
1756
1758
1762
1764
1765
1767
1769
1771
1772
1774
1779
1783
1786
1787
1788
1789
1790
1793
1794
1798
1803
1804
1806
1807
1808
1811
1812
1813
1819
1820
1821
1823
1825
1828
1830
1831
1832
1834
1839
1840
1841
1842
1844
1848
1849
1852
1853
1855
1857
1858
1861
1864
1867
1869
1871
1872
1873
1876
1877
1879
1881
1884
1885
1886
1887
1890
1893
1894
1895
1897
1898
1899
1900
1901
1903
1905
1906
1907
1908
1909
1912
1913
1914
1915
1916
1921
1924
1927
1929
1930
1933
1934
1938
1939
1941
1942
1943
1945
1948
1951
1952
1954
1955
1958
1961
1962
1964
1966
1969
1970
1971
1972
1973
1975
1977
1978
1984
1987
1988
1989
1990
1991
1992
1996
2001
2002
2003
2004
2005
2006
2007
2008
2009
2010
2011
2012
2014
2015
2016
2017
2018
2019
2020
2022
2023
2024
2026
2027
2028
2030
2031
2032
2033
2034
2035
2037
2038
2039
2040
2041
2042
2043
2044
2045
2046
2047
2048
2049
2050
2051
2052
2053
2054
2055
2056
2057
2059
2060
2061
2062
2063
2064
2065
2067
2069
2071
2072
2078
2079
2080
2081
2082
2083
2084
