3
8
10
11
13
14
15
17
18
22
24
25
27
29
30
31
32
33
34
35
37
38
39
42
45
46
47
48
51
54
56
58
60
62
63
64
66
68
69
70
72
73
74
75
76
78
79
80
83
85
86
87
88
89
91
92
95
99
100
101
102
103
107
108
109
110
111
112
114
115
120
121
125
128
129
130
132
135
137
139
141
142
144
145
147
150
151
152
155
158
163
164
165
166
167
169
171
172
173
174
175
176
177
179
181
185
186
188
190
191
195
197
198
201
203
206
209
211
214
216
219
220
223
225
226
228
231
232
233
236
237
238
239
240
242
243
245
246
247
249
250
251
252
254
258
259
260
263
264
265
266
268
274
275
277
278
279
281
282
285
286
287
288
291
292
293
294
297
300
301
304
309
310
319
321
322
325
328
331
332
334
335
336
337
341
348
349
353
354
355
356
359
360
361
363
364
365
368
369
370
373
375
376
378
379
382
385
386
387
390
392
395
398
399
400
406
407
408
410
411
412
413
416
417
420
423
426
427
428
434
437
438
440
441
445
448
449
450
453
454
455
456
461
462
463
464
466
469
473
477
478
479
482
483
486
488
489
490
491
492
494
496
501
503
506
510
511
513
518
519
520
521
523
526
529
530
531
537
538
542
543
547
550
553
554
555
556
557
559
560
562
563
564
566
567
569
570
571
573
574
579
580
582
585
591
593
595
597
598
600
601
603
604
605
608
610
611
612
613
615
618
624
625
630
632
633
635
638
641
642
645
646
650
651
652
654
656
658
661
665
666
667
668
669
670
673
675
676
679
680
681
685
686
687
689
692
695
697
698
699
706
708
709
712
713
714
718
719
720
722
723
725
726
728
730
731
732
733
736
738
739
742
743
744
745
746
747
749
750
752
753
755
762
764
767
768
769
771
772
775
777
778
779
780
781
782
783
784
787
788
790
792
794
797
799
800
801
802
803
804
805
808
812
813
814
816
820
821
822
825
826
832
837
838
848
850
855
858
862
868
869
872
873
875
880
881
882
885
886
889
890
891
895
896
899
900
902
907
908
912
913
916
919
920
923
924
928
929
930
931
932
934
936
937
938
939
941
942
944
945
947
952
954
955
958
959
962
964
965
968
969
971
973
974
975
977
982
983
985
986
989
990
991
992
996
997
1000
1001
1002
1012
1017
1018
1019
1020
1022
1023
1026
1032
1034
1035
1038
1040
1044
1045
1046
1050
1053
1055
1056
1058
1060
1063
1068
1071
1073
1076
1077
1078
1079
1081
1083
1084
1085
1086
1087
1088
1089
1091
1093
1095
1100
1101
1103
1105
1106
1110
1111
1112
1115
1117
1118
1121
1124
1127
1128
1132
1134
1135
1136
1139
1140
1144
1145
1146
1147
1149
1151
1153
1154
1159
1160
1163
1164
1169
1170
1173
1174
1177
1183
1185
1187
1188
1194
1196
1197
1198
1199
1200
1201
1204
1205
1208
1212
1214
1219
1220
1227
1228
1229
1231
1235
1237
1238
1239
1241
1242
1244
1245
1246
1247
1249
1250
1251
1254
1262
1264
1267
1268
1271
1272
1274
1280
1283
1285
1286
1289
1291
1292
1293
1294
1297
1298
1300
1302
1304
1307
1310
1311
1312
1315
1321
1322
1326
1328
1330
1334
1335
1337
1339
1340
1341
1342
1343
1345
1346
1351
1353
1354
1355
1357
1358
1364
1367
1370
1371
1372
1374
1375
1377
1378
1379
1380
1383
1385
1386
1388
1389
1394
1395
1396
1397
1403
1404
1405
1406
1408
1409
1411
1412
1413
1420
1421
1423
1424
1425
1430
1431
1432
1433
1434
1446
1447
1454
1455
1456
1457
1459
1460
1463
1464
1466
1469
1475
1477
1478
1482
1484
1485
1492
1495
1496
1500
1501
1502
1504
1505
1506
1508
1509
1511
1514
1516
1517
1522
1523
1524
1525
1527
1534
1536
1538
1540
1541
1543
1544
1547
1549
1550
1552
1555
1556
1557
1559
1560
1561
1563
1564
1565
1567
1569
1570
1571
1572
1574
1575
1576
1578
1579
1580
1581
1585
1588
1589
1590
1591
1592
1594
1595
1597
1598
1600
1601
1605
1606
1610
1618
1619
1621
1622
1626
1629
1632
1633
1635
1639
1647
1648
1650
1651
1653
1654
1658
1661
1667
1669
1670
1672
1676
1677
1678
1680
1682
1683
1686
1688
1690
1692
1693
1699
1701
1702
1704
1707
1708
1710
1712
1713
1715
1717
1718
1720
1721
1726
1727
1729
1730
1732
1736
1742
1744
1745
1748
1749
1750
1752
1754
1759
1760
1761
1763
1764
1767
1769
1773
1774
1776
1779
1780
1784
1788
1790
1791
1793
1795
1796
1798
1800
1801
1803
1804
1808
1811
1815
1819
1822
1823
1826
1827
1829
1830
1831
1833
1834
1835
1836
1837
1838
1840
1841
1843
1846
1847
1849
1852
1854
1855
1857
1864
1866
1867
1868
1871
1874
1875
1876
1877
1880
1881
1885
1886
1887
1888
1889
1891
1894
1895
1897
1899
1900
1901
1903
1904
1905
1906
1907
1908
1913
1915
1916
1918
1919
1920
1921
1927
1928
1929
1930
1933
1934
1935
1938
1940
1943
1944
1945
1948
1949
1950
1954
1955
1956
1961
1962
1965
1966
1967
1968
1973
1978
1981
1985
1989
1990
1991
1995
2000
2004
2005
2006
2007
2008
2009
2010
2011
2012
2013
2014
2015
2016
2017
2018
2019
2020
2022
2025
2026
2027
2028
2029
2031
2032
2035
2036
2037
2038
2039
2040
2041
2044
2045
2046
2047
2048
2049
2050
2051
2052
2054
2056
2057
2058
2059
2061
2062
2063
2064
2065
2066
2068
2069
2070
2072
2073
2074
2075
2076
2077
2079
2080
2081
2082
2084
