0
6
13
19
21
22
25
26
28
42
46
49
54
64
69
70
76
81
82
83
87
90
91
94
101
110
119
120
123
128
129
138
139
142
143
145
150
153
163
170
172
174
178
179
186
188
205
207
211
213
214
222
225
227
243
249
262
265
275
290
301
311
312
324
326
331
336
351
354
361
363
368
376
381
394
399
404
414
415
429
430
442
445
466
468
483
489
495
497
509
511
515
516
527
529
531
542
545
560
561
567
568
574
584
593
594
596
602
603
604
605
607
611
614
617
622
630
646
650
651
658
659
660
665
667
668
672
673
676
680
689
692
693
696
697
699
701
705
710
715
718
731
734
735
738
743
745
746
747
748
752
753
755
757
760
761
763
765
767
773
775
778
781
783
784
785
786
787
788
789
792
795
796
797
801
806
813
821
823
824
828
835
838
839
843
858
860
867
886
887
895
898
900
901
902
909
912
918
920
923
925
926
927
931
934
938
940
945
953
954
963
965
972
974
977
980
983
987
990
994
1005
1008
1010
1011
1016
1018
1019
1026
1030
1032
1033
1039
1043
1044
1051
1052
1058
1065
1071
1080
1084
1105
1112
1115
1119
1122
1131
1132
1134
1140
1143
1149
1151
1154
1157
1161
1162
1170
1178
1182
1186
1190
1197
1202
1203
1209
1227
1228
1231
1235
1237
1239
1241
1245
1246
1249
1261
1269
1270
1272
1273
1277
1278
1280
1281
1284
1287
1288
1292
1298
1299
1301
1308
1311
1313
1316
1318
1319
1321
1325
1328
1329
1341
1343
1357
1358
1364
1365
1367
1370
1375
1376
1383
1388
1391
1395
1399
1404
1418
1431
1432
1434
1436
1438
1441
1446
1452
1461
1469
1472
1475
1482
1487
1489
1494
1500
1504
1519
1521
1537
1546
1550
1554
1555
1562
1563
1565
1570
1574
1577
1578
1581
1583
1584
1585
1589
1594
1600
1602
1605
1608
1610
1618
1623
1632
1636
1639
1641
1642
1644
1646
1649
1650
1651
1653
1654
1662
1665
1668
1671
1673
1678
1681
1682
1702
1705
1708
1712
1713
1714
1726
1731
1734
1739
1742
1743
1745
1746
1752
1755
1756
1764
1765
1767
1769
1771
1772
1779
1783
1788
1794
1798
1803
1804
1806
1807
1808
1812
1820
1821
1825
1830
1832
1839
1840
1844
1855
1858
1861
1867
1873
1876
1885
1887
1893
1895
1898
1900
1903
1906
1913
1914
1930
1933
1938
1941
1943
1952
1955
1961
1969
1970
1971
1973
1975
1978
1987
1988
1992
2001
2002
2003
2004
2005
2006
2009
2010
2011
2012
2013
2015
2016
2017
2018
2019
2020
2022
2023
2024
2026
2027
2028
2030
2031
2032
2033
2034
2035
2037
2039
2040
2042
2043
2044
2045
2047
2048
2049
2050
2051
2052
2053
2055
2059
2060
2061
2062
2063
2064
2065
2069
2071
2072
2073
2077
2078
2080
2081
2082
2083
2084
