0
1
3
4
5
8
10
11
12
18
21
23
24
25
26
29
31
32
33
38
41
42
44
45
46
51
54
58
60
62
65
66
67
68
72
73
74
76
78
80
81
83
84
85
87
91
92
93
94
99
100
101
102
104
108
111
113
114
115
116
118
120
121
122
123
124
126
128
132
134
135
138
139
142
143
144
147
148
149
150
151
154
155
156
157
161
167
168
170
174
175
177
181
182
185
186
190
191
194
197
199
201
205
206
207
209
211
214
215
216
218
220
223
225
226
227
231
233
235
237
238
242
243
245
246
247
249
251
252
254
256
257
259
260
261
262
264
265
266
268
272
274
275
278
279
280
283
286
288
289
290
291
292
293
295
297
300
301
302
304
310
317
318
322
325
327
328
330
331
332
335
336
337
338
341
344
345
346
347
348
359
366
367
368
369
371
373
377
379
380
381
383
384
385
387
388
390
391
395
399
400
402
403
404
407
409
410
415
416
418
420
422
426
428
429
430
433
434
435
436
439
440
446
447
449
451
454
456
457
460
465
468
469
472
473
479
482
484
485
486
489
490
491
492
493
494
495
496
499
500
501
502
503
506
508
510
512
513
515
516
518
521
523
524
526
527
530
531
532
537
542
545
549
553
554
555
556
559
560
561
564
565
568
581
582
583
587
588
591
592
593
595
598
599
602
604
605
606
607
613
622
624
625
630
631
632
633
634
638
643
644
645
646
647
648
650
651
652
653
654
655
656
657
658
665
666
667
675
676
680
682
683
685
686
701
706
708
709
714
720
724
725
726
731
732
733
734
737
743
744
746
752
755
757
758
760
761
762
764
766
768
773
774
775
776
778
781
782
783
788
789
792
793
794
801
802
803
804
808
811
812
813
814
820
823
825
827
828
829
830
831
833
835
839
840
841
844
845
846
851
853
855
856
858
859
863
864
865
869
873
874
876
877
878
879
880
881
882
883
884
885
893
894
895
897
898
902
905
906
909
911
913
915
917
918
919
920
922
923
924
925
927
928
929
930
931
934
935
936
937
939
941
943
944
945
946
954
955
956
957
959
960
962
966
967
969
972
973
976
977
981
982
984
985
987
988
990
991
992
994
997
999
1000
1004
1006
1008
1009
1010
1011
1012
1013
1018
1019
1020
1021
1022
1024
1027
1028
1029
1035
1037
1040
1041
1050
1051
1053
1055
1057
1059
1061
1062
1064
1066
1068
1070
1071
1075
1081
1082
1084
1085
1089
1090
1091
1095
1098
1099
1101
1102
1103
1105
1110
1112
1114
1116
1117
1118
1124
1127
1128
1129
1130
1131
1132
1133
1139
1140
1142
1143
1144
1145
1146
1149
1155
1158
1159
1166
1167
1168
1169
1170
1171
1173
1175
1177
1178
1182
1185
1186
1187
1193
1194
1195
1196
1197
1199
1200
1201
1203
1205
1209
1216
1219
1220
1224
1228
1230
1233
1237
1238
1239
1240
1241
1244
1245
1246
1247
1248
1250
1251
1253
1254
1257
1258
1259
1261
1263
1264
1265
1267
1268
1270
1272
1277
1278
1279
1284
1286
1291
1293
1294
1301
1304
1305
1306
1307
1310
1311
1313
1315
1319
1323
1324
1326
1327
1328
1329
1330
1336
1340
1341
1342
1343
1344
1345
1346
1349
1352
1353
1354
1356
1357
1361
1362
1366
1367
1369
1370
1371
1373
1374
1376
1377
1378
1379
1383
1386
1388
1392
1395
1396
1397
1399
1401
1404
1405
1406
1409
1411
1413
1414
1417
1420
1421
1422
1423
1424
1427
1429
1430
1431
1433
1434
1437
1438
1439
1441
1443
1444
1446
1450
1451
1452
1453
1455
1458
1460
1461
1462
1463
1464
1465
1468
1471
1473
1475
1477
1478
1479
1481
1483
1485
1486
1488
1489
1491
1492
1493
1494
1495
1497
1498
1499
1500
1501
1502
1503
1506
1508
1511
1512
1513
1514
1516
1518
1521
1522
1523
1524
1525
1526
1529
1530
1533
1535
1537
1538
1540
1541
1542
1543
1544
1547
1550
1551
1552
1553
1555
1558
1561
1563
1564
1565
1571
1572
1573
1577
1578
1580
1581
1582
1587
1590
1592
1594
1595
1596
1597
1598
1600
1602
1605
1606
1608
1610
1612
1615
1616
1617
1618
1619
1620
1623
1627
1628
1629
1630
1635
1636
1637
1638
1639
1647
1648
1654
1656
1657
1659
1664
1665
1669
1670
1673
1674
1675
1683
1685
1686
1688
1693
1694
1696
1697
1701
1702
1704
1706
1707
1708
1724
1728
1729
1730
1732
1736
1737
1740
1741
1742
1743
1746
1748
1749
1750
1752
1754
1756
1762
1763
1765
1766
1768
1770
1772
1774
1775
1777
1778
1779
1784
1789
1792
1796
1797
1803
1804
1812
1819
1822
1823
1826
1827
1829
1833
1834
1836
1837
1839
1841
1842
1843
1850
1852
1853
1854
1855
1856
1860
1866
1867
1868
1869
1870
1872
1873
1874
1876
1880
1882
1885
1887
1889
1894
1895
1897
1902
1905
1907
1909
1911
1912
1915
1917
1923
1924
1925
1926
1927
1929
1930
1931
1933
1936
1937
1939
1941
1944
1946
1948
1950
1957
1958
1959
1960
1961
1962
1963
1965
1967
1969
1970
1971
1973
1977
1983
1984
1987
1988
1989
1991
1992
1993
1994
1998
2000
2001
2002
2003
2004
2005
2007
2008
2009
2010
2011
2012
2013
2014
2015
2016
2017
2018
2019
2020
2021
2022
2023
2024
2025
2026
2027
2028
2029
2030
2031
2035
2036
2037
2038
2040
2041
2042
2043
2044
2046
2047
2048
2049
2050
2051
2052
2053
2054
2056
2057
2058
2059
2061
2062
2063
2064
2065
2066
2067
2068
2069
2070
2071
2072
2073
2074
2075
2076
2077
2078
2079
2080
2081
2082
2083
2084
