19
21
28
42
53
58
69
71
87
105
119
172
180
183
203
215
231
232
250
259
266
277
300
324
333
346
348
353
354
379
385
399
430
432
443
483
514
517
529
559
589
602
607
616
628
650
665
685
693
705
715
723
743
754
769
777
781
788
830
838
863
873
874
878
881
886
888
901
915
928
951
963
975
1003
1016
1018
1019
1071
1077
1092
1123
1127
1134
1140
1145
1151
1172
1177
1190
1199
1202
1220
1223
1227
1241
1254
1261
1269
1270
1279
1293
1301
1306
1311
1338
1345
1356
1370
1398
1399
1400
1404
1408
1419
1422
1432
1444
1479
1494
1505
1574
1585
1587
1594
1596
1619
1648
1665
1676
1682
1685
1705
1726
1745
1765
1768
1778
1822
1861
1883
1918
1925
1929
1935
1945
1972
1984
1991
1998
2000
2001
2003
2004
2005
2007
2009
2010
2011
2012
2013
2014
2016
2018
2020
2021
2022
2023
2024
2025
2026
2027
2028
2030
2033
2035
2036
2038
2040
2042
2043
2044
2046
2047
2048
2051
2052
2054
2055
2056
2057
2058
2059
2061
2062
2064
2065
2067
2068
2069
2070
2071
2072
2073
2075
2076
2080
2082
2083
