4
14
18
19
39
71
73
74
148
152
163
171
181
194
215
225
229
250
269
290
320
339
384
385
401
422
424
432
450
455
493
498
502
528
556
558
561
564
616
626
666
670
706
713
725
748
750
753
772
790
815
820
821
822
827
839
843
853
863
866
872
885
901
908
912
935
939
956
968
986
1036
1052
1054
1071
1072
1076
1105
1106
1109
1115
1127
1140
1162
1175
1180
1188
1201
1208
1215
1236
1254
1264
1270
1284
1285
1287
1291
1295
1301
1305
1309
1324
1370
1372
1379
1389
1397
1446
1452
1475
1497
1510
1522
1524
1526
1529
1538
1557
1573
1604
1610
1614
1619
1622
1623
1629
1634
1650
1653
1666
1694
1709
1712
1719
1726
1764
1770
1789
1806
1807
1813
1818
1829
1849
1867
1868
1882
1888
1891
1934
1938
1944
1950
1956
1963
1978
2000
2003
2004
2005
2007
2009
2012
2013
2014
2015
2016
2019
2020
2021
2022
2023
2024
2028
2030
2031
2032
2033
2035
2036
2039
2040
2041
2042
2043
2044
2047
2049
2052
2054
2055
2056
2057
2058
2059
2061
2063
2067
2068
2069
2070
2071
2072
2075
2076
2078
2081
2084
