3
33
77
84
109
113
126
147
157
177
192
205
228
235
237
253
264
279
294
298
304
309
319
362
366
387
399
420
423
430
432
437
439
448
496
534
535
542
546
549
558
564
568
572
574
591
610
613
626
646
670
680
683
689
696
715
723
730
733
742
743
754
834
835
843
848
874
885
893
930
931
941
962
964
969
975
1000
1005
1012
1018
1027
1033
1040
1056
1060
1065
1070
1090
1091
1127
1139
1148
1149
1166
1177
1178
1195
1210
1212
1222
1228
1240
1250
1263
1267
1271
1275
1299
1302
1303
1311
1314
1343
1359
1365
1367
1377
1395
1396
1406
1414
1417
1426
1427
1446
1447
1457
1460
1468
1476
1483
1492
1506
1508
1529
1556
1563
1568
1582
1589
1595
1610
1614
1624
1643
1650
1652
1670
1675
1709
1712
1716
1720
1746
1769
1775
1789
1791
1797
1842
1858
1861
1867
1887
1894
1897
1931
1935
1941
1943
1944
1950
1956
1978
1990
2003
2004
2005
2007
2008
2010
2013
2018
2024
2028
2031
2032
2035
2038
2039
2040
2041
2043
2044
2045
2046
2048
2050
2059
2064
2067
2068
2069
2070
2074
2077
2080
2082
