1
3
4
5
8
9
10
11
12
13
15
18
19
20
21
24
26
28
32
36
39
40
42
43
44
48
50
55
56
57
59
61
64
65
72
73
74
75
81
83
86
89
90
92
93
94
95
96
97
100
101
102
106
107
108
111
113
114
115
120
125
127
128
129
131
133
139
143
144
147
148
149
157
158
164
166
167
172
174
175
176
177
178
179
181
183
186
188
189
194
195
197
201
202
206
208
209
211
213
219
222
228
230
231
232
234
235
236
237
238
240
242
244
245
249
250
251
252
253
254
261
262
265
268
269
275
281
282
283
284
285
287
288
289
290
291
293
297
298
303
305
309
310
311
312
313
314
315
316
318
319
323
324
331
332
334
336
337
340
343
346
348
351
353
356
358
359
361
363
365
366
367
368
371
373
374
375
379
381
382
383
384
387
389
390
392
393
394
395
399
400
401
405
407
411
412
416
420
422
425
427
428
429
430
431
434
435
436
438
443
445
447
448
450
452
453
456
457
458
459
463
464
465
467
470
473
477
483
484
485
486
488
490
491
498
499
508
509
511
513
522
526
529
530
531
533
538
541
542
544
545
546
547
549
552
553
556
557
558
563
564
565
569
573
574
579
580
581
586
587
588
591
594
595
598
599
600
601
602
603
605
606
610
611
614
617
619
622
624
626
630
633
635
638
642
643
644
645
646
649
650
652
654
655
656
657
662
665
666
668
670
671
672
676
681
684
686
689
690
693
695
697
699
700
701
702
703
705
709
711
713
718
720
723
725
726
727
728
731
732
734
738
742
744
745
747
748
749
752
753
754
762
771
773
777
778
779
781
782
783
784
786
787
791
792
795
796
797
799
803
805
807
811
814
817
818
827
828
830
833
836
838
840
841
844
846
849
851
853
854
855
857
858
859
860
862
864
865
867
869
870
872
875
877
878
879
880
881
883
884
887
889
890
894
898
901
903
908
915
918
920
922
923
928
929
930
935
937
938
939
941
943
950
951
952
953
957
962
963
965
966
968
969
970
972
977
978
980
981
982
983
985
987
990
991
997
1000
1002
1003
1005
1011
1012
1013
1015
1016
1018
1019
1020
1022
1024
1025
1027
1033
1035
1037
1038
1040
1041
1045
1047
1048
1050
1051
1052
1055
1059
1060
1061
1062
1064
1066
1072
1073
1076
1079
1082
1085
1086
1089
1090
1094
1095
1096
1097
1098
1099
1101
1102
1103
1105
1106
1107
1109
1112
1115
1117
1118
1120
1122
1124
1126
1127
1130
1132
1133
1134
1135
1137
1139
1140
1141
1142
1144
1145
1146
1147
1148
1149
1151
1155
1156
1157
1161
1163
1167
1168
1169
1170
1171
1174
1175
1177
1178
1179
1181
1182
1183
1185
1186
1190
1193
1194
1195
1198
1199
1201
1202
1205
1207
1212
1213
1214
1217
1218
1219
1220
1225
1227
1228
1229
1233
1235
1241
1244
1245
1247
1249
1250
1251
1252
1253
1254
1255
1256
1257
1260
1267
1268
1269
1270
1276
1283
1284
1286
1291
1292
1293
1294
1295
1299
1300
1301
1305
1306
1307
1310
1311
1313
1316
1317
1322
1323
1324
1325
1327
1329
1330
1333
1335
1337
1339
1341
1342
1343
1344
1345
1347
1348
1350
1353
1354
1355
1356
1357
1358
1361
1365
1366
1373
1374
1376
1379
1384
1385
1393
1394
1396
1398
1399
1402
1403
1404
1405
1406
1414
1415
1416
1417
1418
1419
1420
1421
1422
1423
1424
1425
1426
1429
1430
1432
1435
1438
1443
1445
1447
1449
1451
1452
1457
1460
1461
1462
1464
1465
1466
1467
1468
1471
1472
1474
1477
1484
1486
1490
1492
1494
1496
1499
1500
1502
1503
1504
1505
1507
1508
1511
1512
1516
1520
1521
1522
1523
1525
1530
1531
1533
1534
1536
1537
1540
1541
1542
1544
1547
1548
1551
1552
1553
1555
1558
1559
1560
1561
1563
1564
1565
1566
1570
1573
1574
1575
1577
1578
1581
1582
1583
1584
1585
1586
1587
1588
1591
1592
1593
1594
1596
1599
1602
1603
1605
1606
1607
1613
1614
1616
1618
1619
1620
1622
1626
1627
1632
1633
1635
1636
1640
1641
1642
1644
1648
1649
1652
1653
1656
1658
1663
1664
1665
1666
1667
1669
1670
1672
1675
1676
1677
1678
1680
1681
1684
1686
1691
1692
1693
1695
1702
1705
1706
1707
1708
1709
1711
1713
1714
1715
1717
1718
1720
1724
1727
1728
1729
1730
1732
1733
1734
1737
1740
1741
1742
1743
1744
1746
1747
1748
1749
1751
1754
1756
1759
1762
1763
1765
1766
1768
1769
1770
1771
1772
1773
1776
1778
1783
1784
1788
1789
1790
1792
1794
1801
1803
1804
1805
1806
1812
1814
1815
1816
1817
1819
1821
1822
1823
1824
1827
1829
1830
1834
1840
1841
1842
1843
1844
1847
1848
1850
1851
1852
1853
1858
1859
1863
1864
1865
1866
1868
1874
1878
1881
1882
1883
1884
1885
1886
1888
1890
1891
1893
1895
1897
1898
1900
1901
1902
1908
1909
1911
1913
1914
1917
1918
1920
1922
1923
1925
1926
1927
1928
1929
1932
1935
1936
1937
1939
1941
1942
1945
1947
1950
1951
1955
1956
1962
1967
1968
1969
1970
1971
1972
1975
1978
1980
1981
1982
1985
1989
1991
1993
1996
1998
2000
2001
2003
2004
2005
2007
2008
2009
2010
2011
2012
2013
2014
2015
2016
2017
2019
2020
2021
2022
2023
2024
2025
2027
2028
2030
2031
2032
2033
2034
2035
2036
2037
2038
2039
2040
2041
2042
2043
2044
2047
2048
2049
2051
2052
2054
2055
2056
2057
2058
2061
2062
2063
2064
2065
2067
2068
2069
2070
2071
2072
2073
2074
2075
2076
2078
2079
2080
2081
2082
2083
2084
