1
3
4
7
8
10
11
13
14
17
18
19
20
22
23
25
26
27
29
30
32
33
37
38
40
42
44
48
52
53
55
58
61
62
63
64
65
68
70
72
77
78
85
86
87
88
89
91
92
94
101
103
104
106
107
113
115
121
123
124
126
128
129
130
132
133
135
137
138
141
147
154
157
160
162
163
165
171
172
174
175
177
178
180
181
184
186
187
190
193
194
198
199
201
203
204
205
206
209
210
211
213
218
219
220
227
228
231
232
233
239
241
242
243
244
245
248
250
251
256
259
260
262
263
264
265
269
273
274
275
276
277
279
281
282
284
285
286
288
289
290
291
292
295
297
298
300
301
303
304
305
306
308
310
311
314
315
316
317
318
320
321
323
325
327
328
329
331
334
336
338
339
340
341
343
351
357
359
360
362
366
367
368
374
376
377
379
386
388
389
394
395
397
398
399
400
401
402
403
404
407
409
412
413
414
415
417
419
420
423
425
427
428
429
430
431
434
435
436
440
441
442
444
446
447
449
450
452
453
454
459
461
462
463
465
466
468
472
474
478
479
484
485
487
489
494
495
496
498
499
501
504
505
506
507
508
512
513
515
516
525
530
532
535
537
539
545
546
548
552
555
558
559
560
563
564
565
567
572
578
579
580
581
583
586
587
588
589
590
593
596
598
603
604
611
612
613
619
621
625
626
627
629
630
631
632
633
634
635
636
637
641
642
643
644
645
648
652
655
657
662
667
669
670
672
674
676
678
680
682
683
684
685
686
687
688
689
690
695
696
697
699
700
701
703
708
711
712
714
715
718
719
721
722
723
724
725
726
730
731
733
736
740
743
746
747
750
751
754
759
761
764
765
766
768
770
771
772
773
777
778
782
783
784
786
787
791
796
799
802
803
805
810
811
817
820
823
824
825
827
829
830
831
832
833
834
835
836
837
839
840
841
843
846
848
851
854
856
857
858
860
864
865
866
868
869
876
880
882
885
886
887
888
891
895
900
901
902
905
908
909
913
914
915
916
919
920
921
923
924
925
926
927
929
931
932
933
934
935
938
939
940
942
945
947
952
953
957
959
960
962
964
970
971
974
975
977
980
982
983
984
985
987
992
993
994
997
1001
1002
1003
1004
1005
1007
1008
1012
1014
1015
1016
1017
1018
1019
1022
1023
1024
1026
1027
1030
1033
1034
1036
1039
1041
1042
1043
1045
1046
1047
1051
1054
1057
1059
1060
1070
1074
1075
1076
1081
1083
1088
1090
1092
1094
1095
1097
1098
1100
1102
1105
1106
1109
1110
1111
1114
1118
1119
1120
1121
1122
1123
1127
1128
1129
1132
1134
1136
1138
1140
1144
1145
1146
1147
1148
1149
1150
1151
1154
1157
1162
1165
1166
1168
1169
1170
1171
1172
1174
1175
1176
1177
1178
1181
1185
1186
1187
1188
1191
1192
1194
1195
1196
1197
1198
1199
1201
1207
1208
1209
1212
1216
1217
1218
1220
1222
1224
1225
1226
1227
1228
1229
1230
1233
1235
1236
1239
1240
1241
1244
1246
1247
1248
1250
1255
1260
1262
1263
1264
1265
1267
1268
1275
1276
1277
1278
1280
1281
1282
1283
1285
1286
1287
1288
1290
1291
1295
1297
1299
1301
1302
1303
1307
1308
1309
1310
1313
1315
1318
1320
1323
1324
1326
1330
1332
1336
1337
1338
1342
1345
1346
1347
1348
1356
1357
1358
1359
1361
1362
1368
1369
1370
1371
1372
1373
1376
1377
1381
1382
1383
1389
1391
1392
1393
1394
1395
1398
1400
1404
1405
1406
1407
1411
1414
1418
1419
1426
1434
1435
1436
1438
1439
1443
1445
1446
1447
1449
1450
1452
1453
1454
1455
1456
1457
1459
1462
1463
1464
1468
1469
1470
1473
1476
1478
1480
1481
1482
1483
1484
1485
1486
1487
1490
1492
1496
1497
1499
1501
1502
1503
1505
1508
1511
1514
1516
1517
1518
1519
1520
1524
1525
1528
1530
1533
1534
1535
1537
1539
1540
1541
1542
1543
1544
1547
1549
1550
1551
1553
1556
1559
1561
1564
1566
1567
1573
1574
1575
1576
1578
1579
1580
1584
1585
1586
1588
1590
1592
1593
1596
1597
1600
1601
1603
1604
1605
1606
1609
1611
1612
1613
1615
1618
1620
1621
1624
1628
1631
1634
1636
1638
1639
1641
1642
1644
1647
1649
1650
1654
1657
1664
1666
1669
1671
1672
1673
1674
1682
1683
1685
1687
1688
1691
1692
1693
1702
1703
1707
1708
1709
1710
1711
1712
1714
1716
1719
1720
1721
1724
1726
1730
1732
1735
1736
1737
1740
1742
1746
1747
1752
1754
1755
1756
1757
1761
1763
1768
1771
1772
1773
1774
1778
1779
1780
1781
1782
1783
1784
1786
1788
1791
1794
1795
1798
1806
1807
1808
1810
1811
1812
1816
1819
1823
1825
1830
1831
1833
1834
1836
1837
1842
1846
1849
1850
1854
1855
1857
1859
1862
1864
1865
1866
1867
1868
1870
1871
1872
1874
1875
1877
1880
1882
1883
1887
1888
1889
1890
1892
1893
1895
1896
1897
1900
1902
1903
1907
1910
1914
1915
1916
1919
1921
1926
1930
1931
1932
1933
1935
1936
1938
1944
1948
1949
1951
1953
1956
1957
1958
1964
1967
1969
1970
1972
1973
1978
1981
1982
1984
1986
1990
1991
1992
1993
1994
1995
1996
1998
2000
2002
2003
2004
2005
2007
2009
2010
2011
2012
2013
2015
2016
2017
2018
2019
2020
2024
2025
2026
2027
2028
2029
2030
2031
2032
2033
2034
2037
2039
2040
2041
2043
2044
2045
2047
2048
2050
2051
2052
2054
2055
2057
2061
2062
2063
2066
2067
2068
2069
2070
2071
2072
2074
2077
2080
2081
2083
2084
