1
3
4
5
6
8
9
11
13
16
18
23
25
26
28
29
31
34
35
39
41
42
44
45
49
52
53
54
56
59
60
62
64
65
66
67
70
72
75
76
77
78
83
85
86
87
89
93
95
97
103
105
106
110
111
113
114
117
118
119
120
121
122
124
126
128
130
131
132
135
138
139
142
143
148
149
151
152
153
156
158
164
166
167
168
172
174
176
177
178
179
180
181
184
185
186
187
191
192
193
194
195
196
198
199
200
201
204
206
207
208
211
214
215
216
218
221
223
228
231
238
243
245
249
251
253
254
255
256
257
259
260
262
263
264
267
268
269
270
274
275
276
277
278
280
281
286
288
289
290
291
292
293
295
297
298
299
300
301
308
311
313
314
316
317
319
320
322
324
326
327
328
330
331
332
333
337
338
340
342
345
346
347
348
350
353
354
355
356
357
358
362
363
368
369
370
371
372
373
374
375
376
377
380
384
385
386
387
388
389
390
391
395
397
400
401
402
404
406
407
410
411
412
415
416
417
420
422
423
424
425
426
428
430
433
434
435
436
437
443
444
446
447
448
450
451
452
455
456
463
465
466
469
472
473
475
477
485
486
490
492
493
494
495
496
497
498
499
501
502
503
509
512
522
524
525
527
530
532
534
537
544
545
546
549
552
555
556
558
560
561
564
565
567
568
569
571
574
577
579
580
583
584
586
587
588
589
591
593
595
596
598
600
602
605
610
611
614
615
616
617
618
620
622
623
626
629
630
631
632
633
638
642
646
649
655
656
657
661
662
663
665
666
667
668
670
675
679
680
681
683
684
685
688
689
695
697
699
701
702
704
709
710
711
712
717
723
726
727
728
729
730
731
732
733
737
740
743
745
747
751
752
753
755
756
759
760
761
765
768
769
770
773
774
775
776
779
783
784
785
788
790
792
793
795
800
803
804
807
808
809
811
812
820
822
823
824
825
827
829
830
833
834
835
840
843
844
845
846
848
849
852
854
857
858
863
864
869
870
872
873
875
876
880
883
884
885
886
888
895
897
900
901
902
903
905
906
911
912
914
915
916
917
918
919
920
923
924
926
929
930
931
934
935
936
937
940
943
945
947
948
951
954
956
957
958
960
963
966
968
969
972
973
974
975
976
977
980
986
987
990
991
993
994
996
998
999
1002
1003
1005
1006
1010
1012
1013
1014
1017
1018
1019
1020
1024
1026
1027
1029
1030
1031
1032
1033
1036
1037
1039
1042
1044
1047
1052
1053
1059
1060
1061
1062
1066
1068
1069
1071
1073
1076
1078
1081
1084
1085
1089
1094
1097
1099
1100
1103
1104
1105
1106
1107
1113
1120
1123
1124
1126
1127
1128
1129
1130
1131
1137
1138
1140
1142
1146
1148
1154
1155
1157
1162
1166
1170
1171
1174
1175
1176
1178
1180
1181
1184
1185
1192
1195
1197
1199
1201
1202
1211
1215
1216
1218
1220
1222
1223
1224
1225
1226
1227
1228
1231
1236
1237
1239
1241
1242
1247
1248
1249
1250
1252
1254
1255
1257
1260
1263
1264
1265
1268
1270
1276
1277
1279
1281
1284
1286
1290
1293
1296
1298
1301
1302
1303
1306
1308
1309
1310
1313
1315
1321
1322
1323
1324
1326
1328
1329
1330
1331
1334
1336
1337
1339
1341
1342
1343
1344
1345
1346
1349
1353
1354
1355
1358
1362
1365
1366
1370
1371
1375
1379
1380
1386
1393
1397
1398
1401
1404
1408
1409
1413
1414
1417
1419
1421
1423
1424
1425
1426
1427
1430
1431
1434
1439
1441
1442
1443
1446
1448
1450
1455
1459
1460
1465
1466
1469
1470
1472
1475
1476
1478
1480
1484
1490
1491
1492
1493
1494
1497
1498
1499
1501
1505
1509
1510
1511
1512
1520
1527
1529
1530
1531
1532
1534
1535
1540
1543
1549
1551
1554
1555
1558
1559
1560
1563
1566
1568
1570
1573
1574
1578
1579
1581
1583
1587
1588
1589
1590
1591
1594
1596
1597
1599
1600
1601
1602
1604
1606
1608
1610
1611
1612
1613
1615
1618
1619
1620
1621
1623
1626
1627
1629
1631
1634
1635
1636
1640
1641
1642
1644
1647
1649
1650
1652
1654
1655
1656
1658
1661
1664
1665
1670
1672
1673
1674
1676
1677
1680
1682
1684
1685
1686
1687
1688
1691
1692
1693
1698
1699
1700
1702
1703
1704
1706
1708
1712
1713
1716
1724
1726
1728
1730
1731
1732
1733
1734
1737
1744
1747
1749
1751
1754
1757
1760
1761
1763
1764
1766
1768
1772
1775
1776
1778
1779
1781
1782
1783
1787
1788
1790
1791
1792
1793
1795
1797
1800
1801
1803
1804
1811
1812
1814
1815
1816
1817
1818
1819
1821
1822
1826
1827
1834
1839
1841
1843
1844
1847
1848
1852
1855
1857
1858
1860
1861
1862
1863
1864
1865
1866
1867
1872
1875
1876
1877
1879
1880
1882
1884
1886
1887
1893
1901
1902
1907
1909
1910
1912
1914
1917
1918
1925
1926
1927
1928
1931
1933
1934
1939
1942
1943
1946
1947
1948
1953
1954
1955
1956
1957
1958
1959
1962
1963
1964
1966
1967
1968
1971
1973
1974
1975
1976
1981
1985
1987
1990
1991
1992
1997
1998
1999
2000
2001
2003
2005
2007
2008
2009
2010
2011
2012
2013
2014
2015
2016
2017
2018
2019
2020
2021
2022
2023
2024
2025
2026
2027
2028
2029
2030
2031
2032
2033
2034
2035
2036
2037
2038
2040
2041
2042
2043
2044
2046
2047
2048
2049
2050
2051
2052
2054
2055
2056
2057
2058
2059
2061
2062
2063
2065
2066
2067
2069
2070
2071
2072
2073
2074
2075
2076
2077
2079
2080
2081
2082
2083
2084
