2
5
6
25
38
42
45
46
48
54
57
74
75
76
77
81
83
86
93
94
97
98
101
106
107
123
124
126
134
139
143
144
148
151
155
164
169
170
172
174
177
202
208
209
222
225
227
229
231
236
241
243
244
245
247
249
251
257
260
263
265
267
270
277
283
285
292
293
294
297
300
301
311
315
321
325
326
331
341
342
346
347
348
349
350
351
363
364
373
376
381
390
396
399
400
404
405
408
411
414
421
422
426
428
430
436
445
470
472
484
487
489
495
499
504
513
517
526
534
542
547
555
561
567
570
583
591
596
598
603
604
605
607
609
617
623
625
627
629
632
633
634
646
651
656
658
667
669
674
678
680
693
706
708
709
713
715
722
728
731
733
734
744
746
747
751
752
754
761
767
776
778
785
797
800
802
805
808
813
815
816
830
831
837
838
843
846
848
854
858
862
864
869
874
878
884
885
886
887
889
891
899
901
902
909
910
915
929
938
939
943
945
947
950
952
954
955
956
957
962
967
974
980
981
982
994
997
1002
1003
1006
1008
1010
1013
1014
1016
1018
1019
1020
1029
1030
1033
1037
1039
1041
1049
1051
1064
1065
1068
1073
1078
1080
1090
1092
1106
1110
1111
1113
1116
1122
1123
1124
1128
1132
1134
1136
1141
1145
1147
1149
1162
1169
1176
1178
1180
1181
1183
1194
1198
1199
1200
1203
1208
1209
1214
1221
1232
1249
1252
1254
1260
1265
1268
1272
1273
1275
1282
1286
1290
1299
1300
1301
1302
1303
1307
1312
1322
1323
1328
1339
1355
1357
1358
1361
1367
1375
1380
1388
1389
1395
1397
1403
1407
1410
1411
1414
1419
1420
1422
1426
1434
1436
1438
1440
1443
1444
1448
1449
1451
1452
1456
1467
1469
1472
1475
1477
1483
1490
1491
1493
1495
1504
1511
1515
1521
1522
1523
1529
1533
1535
1539
1541
1544
1549
1556
1558
1565
1566
1569
1572
1583
1585
1594
1595
1619
1620
1623
1624
1626
1632
1639
1642
1651
1658
1660
1667
1668
1669
1672
1678
1681
1682
1683
1690
1692
1696
1699
1716
1728
1734
1737
1739
1741
1750
1763
1765
1768
1773
1775
1778
1779
1787
1790
1798
1801
1804
1806
1819
1821
1831
1843
1848
1853
1855
1857
1866
1867
1870
1871
1873
1880
1881
1882
1886
1897
1905
1915
1920
1926
1928
1929
1931
1938
1945
1951
1954
1956
1965
1969
1970
1971
1980
1991
1994
1998
2000
2001
2002
2003
2004
2008
2009
2011
2012
2013
2014
2015
2016
2019
2020
2021
2022
2023
2024
2025
2026
2027
2028
2029
2030
2031
2032
2033
2034
2035
2036
2037
2039
2040
2041
2042
2043
2044
2045
2046
2048
2049
2051
2052
2053
2054
2056
2057
2058
2059
2060
2063
2064
2065
2067
2068
2070
2071
2072
2075
2076
2077
2078
2080
2082
2084
