4
5
9
13
18
22
24
33
45
46
48
51
52
53
58
65
72
73
74
83
106
111
115
116
120
121
137
148
149
150
151
154
157
158
163
170
172
176
181
187
188
199
205
211
216
219
223
225
243
244
245
249
252
255
257
259
265
266
269
272
274
275
276
282
286
287
288
296
301
309
317
318
328
331
336
339
341
345
346
354
359
360
371
374
383
385
400
402
407
413
418
420
421
422
429
430
433
443
445
447
454
462
468
469
472
473
478
487
500
503
505
506
512
515
517
523
526
527
529
530
531
537
541
542
543
544
545
547
552
555
556
558
564
565
566
574
582
586
591
595
598
607
611
613
615
622
627
629
634
639
646
667
685
686
689
692
695
699
703
715
719
721
723
730
731
732
733
734
737
739
743
748
752
753
760
773
775
777
782
783
792
812
814
818
825
830
833
834
838
840
848
852
853
854
858
863
864
868
871
873
886
887
892
896
899
901
902
909
914
918
920
923
924
934
936
941
943
947
954
957
960
968
972
974
982
986
996
1002
1005
1006
1013
1018
1019
1020
1021
1027
1036
1039
1040
1042
1045
1055
1057
1059
1061
1062
1068
1078
1090
1091
1094
1098
1099
1105
1110
1111
1115
1127
1129
1131
1132
1134
1137
1140
1145
1146
1166
1178
1180
1183
1186
1187
1196
1197
1199
1207
1212
1215
1219
1220
1222
1223
1232
1236
1238
1239
1242
1248
1257
1261
1264
1270
1275
1277
1280
1281
1287
1292
1294
1301
1302
1305
1306
1310
1324
1328
1330
1335
1343
1355
1357
1360
1370
1378
1379
1385
1391
1392
1395
1397
1398
1403
1406
1408
1410
1421
1423
1426
1427
1432
1434
1442
1444
1446
1449
1450
1451
1456
1460
1468
1471
1475
1477
1481
1489
1492
1493
1496
1500
1501
1502
1503
1513
1514
1530
1533
1534
1544
1549
1551
1554
1555
1558
1571
1574
1585
1587
1591
1595
1604
1609
1610
1612
1617
1618
1620
1631
1634
1639
1642
1667
1669
1685
1688
1693
1701
1707
1718
1720
1726
1730
1740
1747
1755
1756
1761
1764
1765
1769
1779
1784
1786
1790
1792
1799
1801
1803
1806
1826
1837
1839
1841
1842
1847
1852
1858
1859
1866
1873
1876
1882
1885
1887
1888
1891
1895
1897
1899
1901
1903
1909
1913
1917
1918
1924
1934
1936
1938
1942
1943
1945
1954
1955
1956
1959
1964
1973
1990
1991
2000
2001
2003
2004
2005
2007
2008
2009
2010
2011
2012
2013
2014
2015
2016
2017
2018
2019
2020
2021
2022
2025
2026
2029
2030
2031
2032
2033
2035
2036
2037
2038
2039
2040
2041
2043
2044
2046
2047
2048
2049
2050
2051
2052
2054
2056
2057
2058
2059
2061
2062
2063
2064
2065
2067
2068
2069
2070
2071
2072
2073
2074
2075
2076
2077
2078
2079
2080
2081
2082
2083
2084
