0
1
2
3
5
6
7
9
10
11
12
14
15
16
17
18
19
20
23
25
26
27
29
30
33
35
37
38
39
40
41
42
44
45
46
47
48
49
50
52
53
55
56
57
58
60
62
63
64
65
66
67
68
72
74
75
76
79
82
83
84
85
87
88
89
90
91
93
95
98
99
100
101
102
104
105
106
107
108
109
110
111
112
113
114
116
117
118
119
120
121
122
123
124
126
127
128
129
130
131
132
135
136
137
138
139
142
143
145
146
147
148
149
152
154
156
157
159
161
162
165
166
167
168
169
170
171
172
174
175
177
178
179
180
181
183
184
185
188
189
190
191
192
193
194
195
196
197
198
200
201
204
205
206
207
208
209
211
213
214
215
218
219
220
221
222
227
229
231
232
235
236
237
239
240
241
242
243
244
245
246
247
248
249
250
251
252
253
254
256
257
258
259
261
262
263
264
265
266
268
269
272
274
275
276
277
279
282
283
284
286
287
288
289
290
291
292
293
294
295
297
298
299
300
301
302
303
304
305
306
307
308
309
310
311
312
315
316
318
320
321
324
325
326
327
328
329
330
331
332
333
334
335
336
337
338
339
340
341
342
343
344
345
346
348
349
350
351
352
353
355
357
358
359
360
362
363
364
365
366
367
369
370
371
373
374
375
376
377
378
379
381
382
383
385
386
387
389
390
391
392
393
394
395
396
398
399
400
402
403
405
406
407
408
409
410
411
412
414
415
416
417
419
420
422
424
425
426
428
429
432
433
434
436
437
438
439
441
442
443
444
445
446
447
448
449
450
451
454
455
456
457
459
461
463
464
465
466
467
469
470
471
473
474
476
477
478
479
481
482
483
484
486
487
489
490
491
492
493
494
495
496
497
498
499
500
501
503
505
506
508
509
510
511
512
515
516
517
518
519
520
521
522
523
525
526
528
529
530
531
532
533
534
535
536
538
539
541
542
543
544
545
549
551
552
553
554
556
557
558
559
560
561
563
565
567
568
571
573
574
575
577
579
580
583
584
586
589
590
591
593
595
597
599
600
602
603
604
606
607
609
610
611
612
613
614
615
616
617
618
619
621
622
624
625
628
629
630
631
632
633
634
635
637
639
640
641
642
643
644
645
647
648
649
650
651
652
654
656
657
658
659
662
663
667
668
669
670
671
672
673
674
675
676
678
680
681
682
683
684
685
687
689
690
692
693
698
699
701
702
704
705
707
708
709
710
711
712
715
716
718
719
720
721
722
723
724
725
727
728
729
730
731
733
734
735
736
738
740
742
743
745
746
747
749
751
752
753
755
756
757
758
760
761
763
764
765
766
767
769
770
771
772
773
774
775
776
777
779
780
782
783
784
785
786
789
790
792
796
797
799
801
802
803
805
806
807
808
809
812
813
814
815
817
818
819
820
822
823
824
825
826
827
829
830
831
832
833
834
835
836
837
838
839
840
841
842
843
844
845
851
852
853
856
857
858
859
860
861
862
863
864
867
869
870
871
873
874
875
876
877
878
880
881
882
883
884
885
886
888
889
890
893
894
895
896
897
898
899
900
901
902
903
904
907
910
911
912
914
915
916
918
919
920
922
923
925
926
927
928
929
930
931
932
933
934
936
937
940
942
943
944
945
946
947
948
949
951
953
955
956
957
958
959
960
962
963
964
965
967
968
969
970
971
973
974
975
976
977
982
984
986
987
988
989
991
992
994
995
996
997
998
1000
1001
1002
1003
1005
1007
1008
1009
1010
1011
1012
1013
1015
1016
1017
1018
1022
1023
1024
1025
1026
1027
1031
1032
1033
1035
1037
1038
1039
1040
1041
1042
1043
1045
1047
1048
1049
1050
1051
1052
1053
1054
1056
1059
1062
1063
1064
1065
1066
1067
1068
1069
1070
1072
1076
1078
1080
1081
1082
1083
1084
1085
1086
1087
1089
1090
1091
1093
1094
1095
1096
1098
1099
1100
1101
1102
1103
1105
1107
1109
1110
1111
1112
1113
1115
1117
1118
1119
1120
1121
1123
1124
1125
1126
1127
1128
1129
1130
1131
1132
1133
1134
1137
1140
1145
1146
1149
1150
1152
1154
1155
1157
1158
1159
1160
1163
1164
1166
1167
1168
1169
1170
1171
1172
1175
1176
1177
1178
1180
1182
1183
1184
1185
1186
1187
1188
1190
1191
1194
1195
1196
1197
1198
1199
1200
1201
1202
1208
1211
1212
1213
1214
1216
1217
1218
1219
1220
1225
1227
1228
1229
1231
1233
1235
1236
1237
1238
1240
1241
1242
1243
1244
1245
1247
1249
1251
1252
1253
1254
1256
1257
1258
1259
1261
1262
1264
1265
1266
1267
1268
1269
1270
1272
1275
1276
1277
1278
1279
1280
1282
1284
1285
1286
1287
1288
1289
1291
1293
1294
1297
1298
1299
1301
1302
1303
1304
1305
1307
1309
1310
1313
1315
1317
1319
1320
1322
1323
1324
1326
1327
1328
1329
1330
1332
1333
1334
1336
1337
1338
1339
1340
1341
1342
1343
1344
1345
1346
1348
1349
1351
1352
1353
1354
1355
1356
1357
1358
1359
1360
1361
1363
1365
1366
1367
1368
1372
1374
1377
1378
1379
1380
1382
1383
1385
1386
1387
1388
1389
1392
1393
1394
1395
1396
1399
1400
1401
1402
1403
1406
1408
1409
1410
1413
1414
1416
1417
1418
1419
1420
1422
1423
1425
1427
1428
1430
1431
1432
1433
1434
1437
1438
1440
1442
1444
1447
1448
1449
1450
1451
1452
1453
1454
1455
1457
1458
1460
1461
1463
1465
1466
1467
1468
1469
1472
1473
1475
1476
1478
1479
1480
1483
1485
1488
1489
1490
1492
1493
1494
1495
1496
1499
1501
1502
1503
1504
1505
1506
1507
1508
1510
1511
1512
1513
1514
1515
1516
1517
1519
1520
1521
1522
1523
1525
1526
1527
1528
1529
1530
1531
1534
1535
1536
1538
1539
1540
1541
1542
1544
1546
1548
1549
1550
1551
1552
1553
1554
1555
1557
1559
1560
1561
1562
1563
1564
1566
1567
1569
1570
1571
1572
1575
1576
1577
1582
1586
1587
1588
1589
1590
1591
1592
1595
1596
1598
1600
1601
1603
1604
1605
1606
1607
1608
1609
1610
1611
1612
1613
1614
1615
1617
1618
1619
1620
1621
1622
1623
1624
1625
1626
1628
1630
1631
1632
1633
1634
1635
1636
1637
1642
1643
1644
1645
1646
1647
1648
1649
1650
1651
1652
1653
1654
1655
1656
1661
1662
1663
1665
1666
1669
1670
1671
1673
1675
1676
1678
1680
1681
1682
1683
1684
1685
1686
1687
1689
1692
1693
1694
1695
1696
1697
1699
1700
1702
1703
1704
1706
1707
1708
1709
1710
1711
1712
1713
1714
1715
1716
1717
1718
1720
1721
1723
1724
1726
1727
1729
1731
1732
1734
1737
1738
1739
1740
1741
1742
1743
1745
1747
1748
1749
1750
1751
1752
1753
1754
1755
1756
1757
1758
1760
1761
1762
1763
1764
1765
1766
1767
1768
1770
1771
1772
1773
1775
1776
1777
1778
1781
1782
1783
1784
1786
1787
1788
1789
1790
1791
1792
1793
1794
1797
1798
1800
1801
1802
1803
1806
1807
1808
1811
1813
1815
1816
1817
1818
1819
1820
1821
1822
1823
1825
1826
1828
1829
1830
1832
1834
1835
1836
1837
1838
1839
1840
1841
1842
1843
1844
1846
1847
1848
1849
1851
1852
1853
1854
1855
1856
1857
1859
1860
1862
1863
1864
1865
1866
1867
1869
1870
1873
1874
1875
1876
1877
1878
1879
1880
1882
1883
1885
1886
1888
1889
1891
1892
1898
1899
1900
1901
1902
1903
1904
1905
1906
1907
1908
1909
1911
1914
1920
1921
1922
1923
1925
1926
1928
1930
1931
1933
1934
1935
1936
1938
1939
1941
1942
1943
1944
1945
1946
1947
1948
1949
1950
1951
1953
1954
1955
1956
1957
1958
1959
1960
1961
1962
1963
1965
1966
1967
1968
1969
1970
1971
1972
1974
1975
1978
1979
1980
1981
1982
1983
1984
1985
1986
1987
1988
1989
1991
1992
1993
1995
1996
1997
1998
2000
2001
2003
2004
2005
2007
2008
2010
2011
2012
2013
2014
2015
2016
2017
2018
2019
2020
2021
2022
2023
2024
2025
2027
2028
2029
2030
2031
2032
2033
2034
2035
2036
2037
2038
2039
2040
2041
2042
2043
2044
2045
2046
2047
2048
2049
2050
2051
2052
2053
2054
2056
2057
2058
2059
2061
2062
2063
2064
2065
2066
2067
2068
2069
2070
2071
2072
2073
2074
2075
2076
2077
2078
2079
2080
2081
2082
2083
2084
