1
17
39
46
49
51
55
56
58
59
60
71
79
81
83
84
86
91
93
97
100
103
106
107
109
110
114
118
129
133
135
137
138
142
147
150
157
158
169
177
179
181
184
188
200
204
206
209
215
227
229
231
233
235
236
237
239
245
250
256
257
262
264
265
268
272
280
293
317
318
321
322
324
326
327
330
331
334
343
346
350
351
353
355
356
357
358
360
363
364
366
367
376
377
381
388
392
395
402
404
411
414
422
424
466
471
473
474
477
480
481
485
487
489
491
493
496
497
502
504
511
517
527
529
533
534
539
541
547
559
568
572
574
580
583
598
603
607
611
613
617
619
620
621
624
636
644
675
676
678
681
686
688
696
698
699
700
703
704
707
715
716
723
733
746
760
761
765
767
771
779
782
786
789
797
811
819
821
826
836
838
840
843
854
860
868
871
873
874
878
881
882
886
887
888
891
899
905
909
910
914
915
916
920
928
931
943
947
952
954
955
957
958
962
968
972
974
980
984
986
988
993
1004
1005
1009
1010
1023
1030
1032
1040
1047
1051
1055
1057
1061
1064
1065
1066
1071
1081
1085
1087
1091
1096
1110
1116
1119
1124
1125
1142
1145
1148
1149
1161
1163
1166
1170
1175
1178
1185
1194
1195
1197
1202
1203
1208
1209
1215
1217
1220
1221
1227
1229
1235
1236
1241
1242
1254
1255
1259
1264
1276
1281
1285
1287
1288
1298
1300
1301
1302
1316
1320
1330
1331
1335
1343
1352
1354
1357
1360
1366
1370
1375
1380
1385
1401
1403
1411
1414
1418
1421
1423
1426
1427
1432
1435
1436
1441
1444
1446
1459
1463
1465
1469
1471
1475
1477
1484
1492
1493
1499
1500
1502
1503
1512
1518
1522
1524
1530
1541
1547
1549
1551
1556
1569
1571
1574
1578
1583
1585
1595
1605
1606
1610
1616
1619
1621
1629
1636
1639
1642
1649
1660
1662
1665
1668
1670
1678
1681
1683
1684
1685
1690
1692
1694
1700
1702
1703
1713
1714
1720
1721
1722
1723
1726
1731
1734
1736
1743
1757
1765
1769
1771
1776
1780
1784
1787
1788
1793
1794
1795
1804
1808
1812
1822
1827
1828
1831
1837
1838
1846
1857
1864
1867
1870
1873
1875
1876
1877
1880
1888
1893
1897
1898
1908
1909
1915
1918
1921
1923
1927
1933
1940
1945
1951
1958
1959
1962
1963
1964
1971
1973
1974
1975
1981
1987
1988
1991
1994
2000
2001
2002
2003
2004
2005
2007
2008
2009
2010
2011
2012
2013
2014
2015
2016
2018
2019
2020
2021
2022
2023
2024
2025
2026
2027
2029
2030
2031
2032
2033
2034
2035
2036
2037
2038
2039
2040
2041
2042
2043
2044
2046
2048
2049
2050
2051
2052
2053
2054
2055
2057
2058
2059
2060
2062
2063
2064
2065
2067
2068
2069
2070
2071
2073
2074
2075
2076
2078
2080
2082
2084
