0
2
3
4
5
11
12
13
15
17
18
19
23
25
26
28
33
35
38
41
42
44
45
51
52
53
54
56
61
63
64
65
67
71
72
74
75
76
80
81
83
84
85
86
90
92
94
95
97
99
100
101
102
103
107
111
113
114
117
120
121
126
127
129
130
131
132
134
137
138
141
142
143
144
145
147
148
149
151
154
156
158
161
165
166
170
174
177
178
179
180
181
185
186
194
196
198
201
204
205
206
207
208
211
213
215
218
219
221
225
226
228
230
231
233
235
237
243
244
246
247
250
251
254
257
259
260
261
264
265
266
267
268
270
274
275
276
278
279
280
283
288
289
290
292
294
295
297
298
300
301
302
304
305
306
308
309
317
318
324
325
327
328
330
331
332
335
336
337
339
340
344
345
346
349
350
353
355
357
358
359
360
365
368
369
370
373
377
378
380
381
383
384
386
387
388
389
390
391
392
393
395
397
399
400
402
404
407
408
411
412
414
415
418
422
424
426
427
429
430
431
432
434
435
441
445
451
453
454
455
456
457
463
465
466
468
470
471
474
477
478
480
482
484
485
486
488
489
491
492
494
495
500
503
504
505
509
513
515
519
524
526
528
529
530
531
532
533
536
537
541
542
543
554
556
558
559
560
561
562
569
570
571
573
574
575
577
578
579
582
584
585
593
594
603
604
607
610
611
612
614
619
620
622
625
626
628
629
630
631
632
636
637
641
642
643
645
646
651
656
657
660
663
665
666
667
668
670
675
676
678
679
681
682
684
686
687
689
691
692
693
695
697
698
699
700
705
707
708
709
711
715
718
719
720
721
722
723
724
725
726
727
730
732
733
742
744
745
746
747
748
749
751
752
753
758
759
760
761
768
769
771
772
773
774
776
777
779
780
783
784
787
788
790
792
794
797
800
802
803
809
811
812
814
820
821
823
827
828
829
832
833
834
835
839
840
842
843
844
846
848
849
850
853
856
858
863
868
870
871
874
878
884
885
887
889
890
891
893
894
895
897
899
901
902
903
904
905
908
911
915
918
919
920
924
927
928
929
930
934
935
936
938
942
945
946
950
951
954
956
957
958
959
960
962
966
967
968
969
971
972
973
975
976
979
980
981
982
984
986
987
990
996
997
1001
1002
1003
1005
1006
1007
1009
1011
1014
1016
1017
1018
1019
1020
1022
1024
1026
1027
1028
1033
1035
1038
1040
1041
1049
1050
1052
1057
1059
1061
1064
1065
1066
1069
1071
1073
1079
1082
1084
1085
1086
1089
1090
1092
1093
1099
1102
1103
1107
1110
1112
1115
1120
1121
1122
1124
1127
1128
1129
1131
1132
1133
1134
1136
1138
1143
1147
1148
1149
1151
1153
1156
1157
1158
1161
1162
1163
1164
1165
1166
1169
1172
1175
1179
1180
1181
1182
1185
1187
1188
1190
1191
1194
1196
1197
1198
1199
1200
1201
1202
1203
1204
1206
1210
1212
1214
1215
1216
1217
1220
1222
1226
1228
1230
1231
1232
1235
1236
1238
1239
1244
1247
1250
1254
1255
1257
1259
1267
1268
1271
1273
1275
1276
1280
1282
1285
1288
1289
1294
1298
1300
1301
1303
1305
1306
1307
1310
1312
1313
1315
1316
1317
1318
1321
1322
1324
1325
1328
1329
1330
1331
1333
1334
1335
1336
1341
1343
1344
1345
1347
1351
1353
1355
1357
1360
1362
1365
1366
1367
1369
1370
1374
1375
1376
1378
1379
1380
1382
1391
1393
1395
1397
1399
1404
1408
1410
1411
1412
1413
1417
1419
1420
1423
1429
1431
1434
1435
1438
1442
1444
1446
1447
1448
1450
1452
1453
1454
1455
1457
1461
1462
1463
1466
1468
1469
1471
1472
1474
1475
1476
1477
1478
1480
1481
1485
1488
1491
1493
1495
1503
1505
1508
1511
1517
1518
1521
1522
1523
1525
1527
1528
1529
1530
1533
1535
1536
1538
1539
1541
1543
1544
1546
1551
1552
1555
1557
1560
1565
1567
1571
1572
1573
1575
1576
1577
1579
1580
1581
1582
1583
1589
1590
1591
1593
1595
1597
1598
1599
1600
1605
1606
1611
1612
1613
1616
1622
1623
1624
1625
1627
1632
1634
1636
1645
1647
1648
1651
1654
1655
1658
1659
1660
1662
1665
1666
1667
1669
1670
1671
1672
1673
1675
1677
1683
1687
1688
1690
1691
1692
1693
1694
1699
1701
1702
1705
1706
1709
1710
1712
1713
1719
1724
1728
1729
1730
1736
1739
1742
1743
1744
1745
1746
1749
1752
1754
1758
1760
1761
1763
1765
1767
1768
1770
1773
1778
1783
1784
1786
1787
1788
1796
1798
1800
1803
1811
1812
1813
1814
1817
1819
1820
1821
1822
1824
1831
1838
1839
1841
1842
1843
1844
1845
1846
1847
1852
1853
1855
1856
1857
1858
1859
1861
1864
1866
1867
1868
1869
1871
1873
1876
1877
1881
1885
1886
1887
1888
1889
1894
1895
1896
1897
1898
1901
1902
1903
1904
1905
1909
1915
1916
1917
1920
1924
1925
1927
1928
1930
1934
1936
1938
1943
1950
1951
1955
1956
1957
1958
1960
1967
1969
1970
1971
1973
1974
1975
1976
1978
1979
1981
1982
1983
1984
1987
1991
1992
1993
1996
2000
2001
2002
2003
2004
2005
2007
2008
2009
2010
2011
2012
2013
2014
2015
2016
2017
2018
2019
2020
2021
2022
2023
2024
2025
2026
2027
2028
2029
2030
2031
2032
2033
2034
2035
2036
2037
2038
2039
2040
2041
2042
2043
2044
2045
2046
2047
2048
2049
2051
2052
2053
2054
2055
2056
2057
2059
2060
2061
2062
2063
2064
2065
2067
2068
2069
2070
2071
2072
2073
2074
2075
2076
2077
2078
2079
2080
2081
2082
2083
2084
