2
11
13
15
35
38
62
80
94
97
101
103
120
170
174
225
257
260
288
317
331
350
381
384
397
414
418
429
430
454
468
477
489
500
561
574
594
603
604
656
660
678
715
723
746
752
759
776
783
787
792
794
797
809
820
821
828
839
843
858
868
885
889
891
902
928
954
982
1061
1065
1080
1110
1131
1132
1161
1162
1190
1194
1217
1220
1228
1232
1235
1268
1273
1298
1313
1321
1328
1335
1345
1375
1429
1461
1493
1495
1505
1518
1546
1551
1571
1605
1606
1611
1616
1625
1655
1673
1688
1705
1710
1719
1730
1739
1765
1770
1787
1839
1855
1867
1869
1871
1885
1886
1895
1905
1924
1969
1970
1974
2000
2001
2002
2003
2004
2005
2007
2008
2009
2011
2012
2013
2014
2015
2016
2017
2018
2019
2020
2021
2022
2023
2024
2025
2026
2027
2028
2029
2030
2031
2033
2035
2036
2037
2038
2039
2040
2041
2042
2043
2044
2045
2046
2047
2048
2049
2050
2051
2052
2053
2054
2056
2057
2058
2059
2060
2061
2063
2064
2065
2067
2068
2069
2070
2071
2072
2073
2074
2075
2076
2077
2078
2079
2080
2081
2082
2083
2084
