14
56
58
78
97
99
108
119
127
133
138
150
163
175
198
203
222
225
241
269
281
283
306
326
339
344
346
353
360
368
371
377
406
416
420
422
433
435
437
445
502
509
514
542
584
607
622
631
633
635
665
680
681
691
705
723
733
746
771
778
796
827
835
849
855
880
889
895
923
930
939
960
967
977
1003
1005
1012
1016
1019
1039
1058
1073
1082
1105
1145
1148
1172
1176
1179
1182
1185
1190
1191
1205
1225
1231
1244
1254
1259
1261
1286
1301
1303
1306
1344
1345
1356
1370
1396
1410
1496
1511
1514
1522
1538
1548
1554
1557
1564
1565
1574
1578
1602
1606
1629
1684
1720
1730
1735
1737
1741
1746
1754
1763
1766
1769
1837
1852
1856
1900
1909
1920
1941
1945
1961
1964
1967
2000
2001
2003
2004
2005
2007
2008
2009
2011
2012
2013
2014
2015
2016
2018
2020
2021
2022
2023
2025
2027
2028
2031
2032
2035
2036
2037
2038
2039
2040
2041
2043
2044
2045
2046
2047
2048
2049
2052
2054
2055
2056
2059
2061
2062
2063
2065
2067
2068
2072
2073
2074
2075
2076
2077
2079
2080
2081
2082
2083
2084
