0
1
2
3
5
6
7
9
10
11
12
14
15
17
18
19
20
21
22
23
25
26
27
28
30
31
32
33
35
37
38
41
42
43
45
47
48
51
53
54
55
59
61
62
64
65
66
67
68
69
70
71
72
73
74
76
77
78
79
81
83
84
88
89
90
92
93
96
97
98
99
100
101
103
104
105
107
108
109
110
111
115
117
118
119
120
121
124
125
126
127
128
129
130
132
134
135
137
138
139
141
142
143
145
146
147
149
150
152
153
154
155
156
159
160
162
163
164
167
168
169
170
171
173
174
175
176
177
178
179
180
184
185
186
187
188
189
191
197
198
199
200
201
202
204
205
206
207
208
209
210
211
213
214
215
219
220
221
222
223
224
225
226
227
228
229
232
233
234
235
237
239
240
242
243
244
245
246
247
248
249
250
251
253
255
256
258
259
261
262
264
265
266
267
268
269
270
271
272
273
274
277
278
279
280
282
283
284
285
286
287
288
290
291
292
293
294
295
296
298
300
301
302
304
306
309
313
314
315
316
317
318
319
320
322
323
325
326
327
329
331
332
334
335
336
337
340
341
342
344
345
347
348
350
351
352
354
356
357
358
359
360
361
362
363
364
365
366
367
368
369
370
371
373
376
377
378
379
380
381
383
384
385
386
389
391
392
393
394
395
396
397
398
399
400
401
402
404
405
406
407
409
410
411
412
414
415
416
417
418
419
420
421
422
423
424
425
426
427
428
429
430
432
433
434
437
438
439
440
441
442
444
445
448
449
451
452
453
454
455
456
457
458
461
462
463
465
466
468
469
471
472
473
474
475
476
478
479
480
481
482
483
484
487
488
490
491
493
494
497
498
501
502
503
504
505
506
507
509
510
513
514
515
516
517
518
519
520
521
522
523
524
527
528
532
533
534
535
536
537
539
540
541
543
544
548
550
551
552
553
554
556
557
559
560
561
563
564
566
567
568
569
570
571
572
574
575
576
578
579
580
581
583
584
586
587
590
591
593
594
596
597
598
599
600
601
602
603
604
606
607
608
610
611
612
613
614
615
617
618
621
622
623
625
626
627
628
630
631
632
633
634
635
637
638
639
642
643
644
646
649
650
652
654
655
656
657
658
660
662
663
665
667
668
669
670
671
672
673
675
677
678
679
680
681
682
683
684
685
686
688
690
692
694
695
696
697
698
699
700
701
702
704
705
707
708
709
711
712
713
714
715
716
717
718
719
721
722
723
724
725
726
727
728
729
730
731
732
733
734
735
736
738
741
742
743
744
745
746
747
750
751
752
754
756
757
758
760
761
763
766
767
768
769
770
772
773
774
775
777
778
779
780
781
783
784
785
786
787
788
789
790
791
794
796
800
801
802
803
805
807
808
809
810
811
812
815
816
817
818
819
820
821
822
823
825
826
827
829
831
833
834
835
836
837
838
839
840
841
842
843
844
847
848
850
851
856
858
859
860
861
862
863
864
867
868
869
872
873
874
876
877
878
879
881
882
883
886
888
889
890
891
892
893
894
895
896
898
899
900
901
902
903
906
907
910
913
914
915
916
918
919
920
921
922
923
925
927
928
929
930
932
935
936
939
940
941
942
943
944
945
946
947
950
952
953
954
958
959
960
961
962
963
964
965
966
967
969
970
971
972
973
974
975
976
979
980
981
982
983
984
985
986
987
988
990
991
992
993
994
995
996
998
1000
1001
1002
1003
1004
1005
1006
1007
1008
1011
1013
1014
1015
1017
1018
1019
1020
1022
1023
1024
1025
1026
1028
1029
1030
1031
1032
1033
1034
1035
1036
1037
1039
1040
1041
1042
1045
1047
1049
1050
1052
1053
1054
1055
1056
1058
1059
1060
1061
1063
1064
1065
1067
1069
1070
1071
1072
1073
1074
1075
1076
1079
1081
1083
1084
1086
1087
1088
1089
1090
1091
1092
1093
1094
1095
1097
1098
1101
1103
1104
1105
1106
1107
1109
1110
1111
1112
1113
1114
1115
1116
1117
1119
1120
1121
1122
1123
1124
1125
1128
1129
1131
1132
1133
1134
1135
1136
1137
1138
1139
1140
1144
1145
1146
1147
1148
1149
1151
1153
1154
1155
1156
1157
1158
1161
1162
1164
1165
1166
1168
1169
1170
1171
1172
1173
1175
1176
1178
1180
1181
1182
1183
1184
1185
1186
1187
1190
1191
1193
1195
1196
1197
1198
1199
1200
1201
1202
1203
1204
1205
1206
1208
1210
1211
1212
1214
1215
1216
1217
1218
1219
1221
1222
1223
1224
1225
1226
1227
1228
1231
1232
1233
1234
1235
1236
1238
1239
1240
1244
1245
1246
1249
1250
1252
1254
1257
1258
1259
1260
1261
1262
1263
1264
1265
1267
1268
1269
1270
1272
1273
1274
1276
1277
1278
1280
1281
1282
1283
1284
1285
1286
1287
1289
1290
1292
1293
1294
1296
1297
1298
1299
1301
1302
1303
1305
1307
1308
1309
1310
1311
1312
1313
1314
1315
1316
1317
1318
1319
1321
1322
1323
1324
1325
1326
1327
1329
1330
1332
1333
1334
1335
1336
1338
1339
1341
1342
1343
1344
1346
1347
1348
1350
1351
1352
1353
1355
1356
1357
1358
1360
1361
1363
1364
1365
1366
1369
1370
1371
1372
1373
1374
1375
1377
1378
1379
1380
1381
1382
1383
1385
1386
1387
1390
1391
1392
1394
1395
1397
1398
1399
1400
1401
1402
1404
1405
1406
1407
1408
1410
1411
1413
1414
1416
1417
1418
1419
1420
1421
1423
1424
1425
1426
1427
1428
1429
1430
1431
1432
1433
1434
1435
1436
1438
1440
1441
1444
1445
1446
1448
1451
1452
1453
1454
1455
1456
1458
1460
1462
1467
1469
1471
1473
1474
1475
1476
1477
1478
1481
1482
1483
1484
1485
1486
1487
1488
1491
1492
1493
1494
1496
1497
1501
1502
1504
1505
1508
1509
1510
1513
1514
1515
1516
1520
1521
1523
1524
1526
1528
1529
1530
1532
1533
1534
1535
1537
1538
1539
1540
1541
1542
1543
1546
1548
1549
1550
1551
1555
1558
1559
1560
1561
1562
1564
1566
1568
1569
1570
1571
1572
1573
1574
1575
1576
1577
1578
1581
1583
1585
1588
1589
1590
1591
1592
1593
1594
1595
1596
1597
1598
1600
1601
1602
1604
1605
1606
1607
1608
1610
1611
1612
1613
1614
1615
1616
1619
1621
1622
1624
1625
1626
1627
1629
1630
1631
1633
1634
1635
1636
1638
1639
1640
1642
1643
1644
1645
1647
1648
1649
1650
1651
1653
1654
1655
1656
1657
1658
1659
1661
1663
1664
1665
1666
1667
1669
1672
1673
1675
1678
1680
1682
1683
1685
1686
1687
1688
1690
1692
1693
1696
1699
1700
1701
1702
1704
1705
1706
1707
1708
1710
1711
1712
1714
1715
1716
1717
1718
1719
1721
1722
1724
1725
1726
1727
1728
1730
1731
1732
1734
1735
1736
1737
1738
1740
1742
1744
1746
1747
1750
1751
1752
1754
1755
1756
1758
1759
1761
1762
1765
1768
1769
1770
1771
1772
1773
1774
1775
1776
1778
1779
1781
1783
1784
1785
1788
1789
1791
1792
1793
1794
1796
1797
1798
1800
1802
1803
1804
1805
1806
1807
1809
1811
1812
1813
1815
1816
1817
1820
1821
1822
1823
1824
1825
1826
1827
1830
1832
1834
1835
1838
1839
1840
1841
1843
1845
1847
1848
1849
1850
1851
1853
1855
1856
1858
1859
1860
1861
1862
1864
1866
1867
1868
1869
1870
1871
1872
1873
1874
1875
1877
1878
1879
1880
1881
1882
1883
1884
1885
1886
1887
1888
1889
1891
1893
1894
1897
1899
1901
1902
1903
1904
1908
1909
1910
1912
1913
1915
1916
1918
1919
1920
1922
1923
1924
1925
1928
1930
1931
1932
1933
1934
1935
1936
1938
1939
1940
1941
1942
1944
1946
1947
1948
1950
1951
1954
1955
1956
1957
1958
1959
1961
1962
1963
1964
1965
1966
1969
1970
1971
1972
1973
1974
1975
1976
1978
1979
1980
1981
1982
1983
1985
1987
1989
1990
1992
1993
1994
1996
1997
1998
1999
2000
2001
2002
2003
2004
2005
2006
2007
2008
2009
2011
2012
2013
2014
2015
2016
2017
2018
2020
2021
2022
2023
2024
2025
2026
2027
2028
2029
2030
2031
2032
2033
2034
2035
2036
2037
2038
2039
2040
2041
2042
2043
2044
2045
2046
2047
2048
2049
2050
2051
2052
2054
2055
2056
2057
2058
2059
2061
2062
2063
2064
2065
2066
2067
2068
2070
2071
2072
2073
2074
2075
2076
2077
2078
2079
2080
2081
2082
2083
2084
