4
15
18
19
20
21
26
28
39
40
42
44
56
59
64
65
73
86
92
95
96
102
107
108
114
115
127
129
131
133
143
144
157
158
164
166
172
178
179
181
186
195
201
202
206
222
228
235
236
237
238
251
252
262
265
269
281
284
285
290
314
315
319
324
331
332
336
346
348
351
353
358
361
367
373
382
392
399
400
401
405
411
420
429
431
435
436
447
452
453
456
463
465
470
473
483
484
499
508
526
529
538
541
546
547
549
556
558
563
564
565
580
586
587
591
598
601
602
603
611
614
617
624
630
633
635
643
645
649
650
654
655
656
665
666
670
671
672
681
689
699
701
705
711
713
720
723
725
728
734
742
745
749
752
754
773
777
778
781
783
791
795
797
811
818
828
830
833
836
838
840
841
851
853
857
859
862
864
870
872
878
880
881
883
889
903
920
923
929
938
941
952
953
962
968
969
972
977
980
981
985
990
991
997
1005
1012
1013
1015
1018
1024
1027
1035
1038
1047
1050
1055
1061
1064
1066
1072
1076
1082
1095
1096
1097
1098
1101
1102
1105
1112
1115
1120
1122
1126
1127
1132
1133
1134
1135
1137
1139
1140
1145
1147
1148
1151
1157
1163
1167
1168
1169
1170
1179
1182
1186
1190
1193
1195
1201
1202
1207
1212
1217
1218
1220
1227
1228
1250
1252
1254
1255
1257
1260
1267
1268
1269
1270
1276
1291
1292
1294
1295
1299
1300
1301
1305
1307
1310
1311
1317
1323
1324
1329
1330
1333
1337
1339
1341
1342
1343
1354
1357
1365
1396
1398
1402
1404
1414
1415
1417
1418
1419
1424
1425
1426
1429
1432
1447
1452
1457
1460
1461
1462
1465
1468
1471
1474
1477
1492
1494
1502
1503
1505
1507
1508
1516
1530
1536
1540
1542
1548
1551
1555
1559
1560
1566
1570
1573
1575
1577
1578
1584
1596
1603
1614
1616
1618
1619
1626
1627
1635
1648
1649
1652
1656
1665
1666
1667
1669
1670
1672
1676
1677
1678
1684
1686
1693
1695
1702
1705
1706
1708
1709
1715
1717
1718
1727
1728
1730
1734
1740
1746
1748
1749
1751
1756
1763
1765
1768
1769
1771
1778
1783
1790
1792
1794
1803
1805
1806
1814
1819
1822
1823
1824
1829
1834
1840
1841
1842
1847
1848
1852
1864
1866
1874
1881
1883
1888
1893
1898
1913
1918
1920
1922
1923
1927
1935
1937
1941
1942
1945
1955
1969
1972
1975
1978
1981
1989
1996
1998
2000
2001
2003
2004
2005
2007
2008
2009
2010
2011
2012
2013
2014
2015
2016
2017
2019
2020
2021
2022
2023
2024
2025
2027
2028
2030
2031
2032
2033
2034
2035
2036
2037
2038
2039
2040
2041
2042
2043
2044
2047
2048
2049
2051
2052
2054
2055
2056
2057
2058
2061
2062
2063
2065
2067
2068
2069
2070
2071
2072
2073
2074
2075
2076
2078
2079
2080
2081
2082
2083
2084
