1
10
12
13
26
30
51
54
62
76
86
91
101
132
178
179
243
251
252
253
266
274
275
277
288
296
331
336
356
362
384
404
435
438
448
451
466
480
532
537
543
545
548
556
604
613
614
641
668
678
689
696
698
701
729
747
771
784
789
803
821
858
867
874
888
895
905
907
919
923
954
955
958
986
994
1006
1015
1020
1024
1029
1056
1066
1078
1081
1086
1089
1103
1118
1122
1138
1140
1142
1151
1168
1175
1182
1187
1190
1200
1208
1214
1219
1222
1231
1244
1268
1273
1280
1282
1285
1301
1303
1309
1322
1323
1345
1347
1355
1357
1363
1376
1382
1389
1401
1405
1412
1429
1440
1446
1450
1457
1472
1474
1475
1480
1512
1520
1527
1557
1561
1578
1583
1605
1618
1620
1622
1624
1635
1663
1685
1699
1703
1705
1706
1716
1726
1745
1746
1750
1761
1766
1779
1787
1790
1819
1848
1855
1858
1859
1881
1885
1910
1961
1985
1991
2003
2004
2005
2009
2011
2014
2015
2016
2019
2021
2023
2026
2028
2029
2031
2036
2037
2041
2042
2044
2045
2052
2053
2060
2067
2071
2073
2074
2075
2076
2078
2082
2084
