1
2
4
6
9
10
12
13
16
18
21
22
24
25
26
29
31
32
35
38
42
44
46
47
49
51
52
54
55
56
60
65
66
67
68
69
72
73
75
79
82
83
84
86
88
90
91
94
95
97
98
100
101
104
106
107
108
111
113
116
117
118
119
130
131
135
136
137
143
146
148
149
150
151
157
158
163
166
167
169
172
175
177
180
182
183
186
187
188
189
190
192
193
194
195
197
198
199
200
206
208
211
214
215
216
220
221
222
225
228
229
230
232
234
235
236
238
239
241
242
243
249
251
252
255
257
262
263
264
268
269
270
272
274
276
277
278
280
283
288
290
291
292
293
294
296
297
300
301
302
304
305
307
308
309
312
315
318
319
321
322
324
325
326
328
330
331
335
336
337
338
339
341
344
349
353
358
359
360
361
363
364
366
368
370
373
374
376
380
381
383
386
387
391
394
399
400
401
409
410
411
412
416
417
420
422
423
425
426
428
431
433
434
435
437
438
445
447
450
452
453
454
457
459
462
464
465
466
467
469
471
474
476
479
483
484
485
486
487
488
492
493
494
495
496
499
500
501
506
507
508
509
513
516
520
524
529
532
533
535
537
541
542
543
545
546
547
548
549
552
553
554
555
556
564
565
567
571
572
574
579
580
581
582
583
584
585
587
588
589
594
595
596
602
603
604
605
606
608
610
619
625
626
632
633
635
637
638
641
642
643
644
645
646
649
650
656
657
659
662
666
667
668
670
672
673
676
678
679
681
683
685
688
689
690
692
693
694
697
699
702
706
709
710
715
718
721
722
723
724
725
726
729
730
732
733
734
737
740
743
744
746
748
749
750
757
758
759
760
763
764
765
767
768
773
775
778
781
783
784
785
787
788
790
794
795
796
797
799
801
802
808
810
811
812
816
817
821
824
825
827
830
832
833
838
840
841
843
846
853
854
856
858
859
860
861
864
870
871
875
876
877
878
879
880
882
883
884
889
890
895
897
899
902
903
905
909
910
911
912
913
914
915
920
922
925
927
929
933
935
936
937
938
939
941
943
945
946
948
950
953
954
958
961
963
964
965
966
967
968
970
972
973
974
976
978
984
985
986
987
988
991
993
994
995
996
999
1001
1002
1003
1005
1006
1008
1010
1012
1013
1015
1018
1020
1025
1029
1030
1033
1034
1035
1037
1040
1041
1044
1045
1047
1051
1053
1055
1056
1057
1058
1061
1062
1065
1066
1070
1071
1072
1073
1075
1077
1078
1079
1080
1082
1083
1086
1087
1090
1091
1094
1099
1100
1101
1102
1103
1105
1108
1109
1115
1118
1121
1124
1125
1127
1131
1132
1133
1134
1136
1139
1140
1145
1146
1147
1151
1154
1155
1156
1157
1158
1161
1164
1166
1167
1168
1170
1172
1177
1179
1181
1182
1183
1185
1187
1188
1190
1193
1195
1199
1201
1207
1209
1210
1211
1212
1213
1214
1216
1218
1220
1223
1224
1225
1227
1228
1229
1231
1232
1233
1234
1236
1239
1241
1242
1248
1250
1254
1257
1259
1261
1262
1264
1265
1270
1272
1277
1279
1280
1281
1283
1284
1285
1289
1291
1292
1293
1297
1298
1301
1302
1304
1305
1311
1312
1313
1321
1324
1327
1328
1329
1331
1333
1334
1338
1345
1346
1347
1348
1351
1354
1355
1357
1358
1359
1365
1366
1368
1370
1373
1377
1378
1381
1383
1385
1388
1389
1390
1393
1394
1395
1397
1398
1399
1400
1401
1402
1406
1409
1411
1413
1418
1420
1421
1423
1424
1425
1426
1427
1429
1430
1432
1433
1435
1439
1443
1444
1446
1447
1448
1449
1450
1455
1457
1458
1460
1463
1465
1466
1471
1472
1476
1477
1479
1480
1487
1488
1490
1494
1495
1496
1497
1498
1502
1503
1504
1505
1507
1508
1509
1514
1515
1517
1520
1522
1526
1530
1531
1532
1533
1536
1537
1540
1543
1545
1548
1550
1552
1553
1554
1555
1556
1557
1560
1562
1564
1565
1566
1568
1569
1570
1573
1577
1578
1579
1580
1584
1586
1587
1589
1590
1591
1592
1593
1594
1595
1596
1597
1601
1603
1605
1606
1607
1608
1609
1610
1618
1619
1622
1623
1625
1627
1628
1629
1632
1633
1634
1636
1637
1642
1648
1649
1652
1658
1660
1661
1662
1672
1673
1674
1676
1680
1686
1688
1689
1690
1691
1692
1694
1695
1699
1701
1702
1703
1705
1706
1707
1708
1710
1712
1713
1714
1715
1719
1723
1727
1728
1731
1733
1736
1741
1742
1743
1745
1746
1747
1748
1749
1750
1755
1756
1757
1762
1765
1766
1767
1768
1769
1772
1774
1777
1778
1779
1780
1782
1783
1785
1787
1789
1791
1793
1795
1796
1798
1801
1807
1808
1813
1819
1825
1827
1828
1829
1833
1834
1838
1839
1840
1841
1842
1845
1846
1847
1848
1852
1854
1857
1859
1860
1862
1865
1866
1868
1870
1872
1873
1875
1876
1877
1879
1881
1882
1883
1884
1886
1888
1891
1892
1893
1894
1901
1904
1905
1913
1916
1918
1920
1922
1924
1925
1927
1930
1932
1935
1936
1939
1943
1950
1951
1958
1960
1961
1963
1965
1967
1970
1971
1972
1975
1976
1977
1979
1982
1989
1990
1991
1993
1996
1998
2000
2001
2003
2004
2005
2007
2008
2009
2010
2011
2013
2014
2015
2016
2017
2018
2019
2020
2021
2022
2023
2025
2026
2027
2028
2030
2031
2032
2033
2034
2035
2036
2038
2039
2040
2041
2042
2043
2044
2045
2046
2047
2048
2049
2050
2051
2052
2053
2054
2055
2056
2057
2058
2059
2061
2062
2063
2064
2065
2067
2068
2069
2070
2071
2072
2073
2074
2075
2076
2077
2078
2079
2080
2081
2082
2083
2084
