22
24
54
62
109
139
148
150
177
206
227
252
253
265
274
277
292
293
315
317
318
325
331
340
346
348
368
399
406
419
422
430
437
450
462
472
477
486
495
517
526
529
542
547
555
560
638
649
660
665
683
722
733
747
755
766
767
780
785
800
815
859
864
869
895
914
917
919
923
935
949
954
974
980
987
1003
1009
1019
1020
1024
1039
1055
1060
1079
1122
1161
1166
1169
1190
1199
1201
1216
1224
1237
1244
1251
1285
1301
1306
1308
1309
1323
1325
1345
1352
1391
1404
1406
1420
1436
1444
1450
1455
1460
1480
1482
1494
1508
1523
1553
1563
1583
1610
1618
1624
1634
1645
1651
1673
1680
1705
1715
1724
1742
1756
1778
1784
1787
1789
1808
1821
1855
1861
1867
1869
1885
1895
1901
1905
1928
1943
1959
1967
1991
1996
1998
2001
2002
2003
2004
2005
2007
2008
2009
2012
2013
2014
2015
2016
2017
2019
2026
2028
2029
2031
2032
2033
2036
2037
2039
2041
2042
2045
2046
2048
2049
2051
2052
2053
2056
2057
2058
2059
2060
2062
2064
2065
2068
2070
2071
2072
2073
2075
2076
2077
2079
2082
2083
