2
3
4
5
6
8
9
12
14
15
16
18
19
20
22
23
28
30
31
32
33
35
38
40
45
46
51
52
54
55
57
58
59
60
64
67
68
69
70
71
72
73
74
77
78
80
84
86
90
93
94
96
97
98
99
101
103
104
105
106
107
110
111
112
114
117
118
119
120
121
124
125
126
127
128
130
131
132
133
137
141
142
143
144
146
147
150
151
155
156
157
158
159
171
172
173
174
175
178
180
182
185
187
188
195
196
198
201
203
206
208
209
216
217
218
220
222
226
227
228
229
231
232
236
239
240
241
242
243
245
251
252
253
256
257
258
260
261
262
263
264
265
266
268
269
270
276
277
282
283
286
287
288
289
290
291
294
296
297
300
301
306
310
311
312
317
321
323
324
327
328
331
333
334
336
337
338
340
341
343
345
347
348
350
352
353
354
357
360
361
362
364
366
367
369
371
372
373
376
381
383
384
386
387
390
392
393
396
399
401
403
404
410
414
415
416
417
418
419
420
421
422
424
429
430
433
435
436
440
442
444
445
450
453
454
456
458
462
464
466
468
469
472
473
474
475
479
481
482
483
484
488
489
490
491
492
496
497
499
501
503
505
514
515
516
520
521
525
526
529
532
535
536
541
542
545
546
549
550
551
552
553
555
559
561
563
564
567
568
569
570
573
574
575
577
578
579
580
583
584
585
587
588
590
591
594
595
598
600
603
605
607
609
611
612
613
617
618
619
620
622
623
625
626
629
630
631
634
635
639
643
646
647
650
653
657
662
665
669
670
672
674
676
681
683
686
693
695
696
697
700
704
705
706
707
708
709
710
711
714
715
718
720
723
725
727
728
730
731
732
734
737
740
743
746
751
752
754
755
756
759
762
763
766
769
775
778
779
780
781
782
783
787
788
791
792
794
800
801
802
806
808
809
810
811
814
818
820
821
823
826
828
830
833
838
840
843
844
845
846
850
851
852
853
854
857
858
859
860
862
864
868
869
871
873
876
886
887
888
890
897
899
901
902
903
904
905
906
907
909
911
912
914
917
918
919
920
924
925
926
928
931
933
935
937
941
947
949
950
953
955
957
959
960
964
965
966
967
968
970
971
975
976
980
981
982
985
988
991
992
997
998
999
1001
1002
1003
1004
1005
1006
1007
1008
1010
1011
1013
1015
1016
1018
1019
1020
1022
1024
1026
1027
1029
1032
1033
1038
1039
1040
1041
1046
1051
1057
1058
1060
1063
1065
1066
1069
1071
1072
1076
1078
1080
1081
1082
1087
1089
1091
1092
1098
1103
1105
1106
1109
1110
1111
1113
1118
1120
1124
1127
1130
1132
1136
1138
1139
1146
1147
1149
1154
1155
1158
1161
1162
1164
1168
1170
1171
1173
1177
1182
1183
1184
1185
1186
1187
1188
1193
1194
1197
1198
1199
1202
1203
1205
1207
1210
1211
1212
1214
1217
1218
1220
1221
1222
1228
1229
1231
1232
1234
1240
1244
1245
1246
1250
1252
1253
1259
1260
1264
1270
1272
1273
1274
1275
1277
1278
1280
1285
1286
1288
1290
1291
1293
1295
1298
1299
1301
1303
1305
1306
1307
1309
1312
1313
1318
1321
1323
1330
1332
1335
1338
1339
1340
1343
1344
1350
1351
1352
1354
1355
1356
1357
1359
1360
1361
1363
1366
1367
1370
1377
1379
1380
1381
1382
1383
1388
1389
1390
1393
1395
1396
1397
1398
1403
1404
1405
1406
1408
1409
1410
1412
1414
1415
1416
1418
1419
1420
1421
1423
1427
1429
1433
1435
1436
1438
1441
1442
1443
1444
1447
1451
1452
1454
1456
1457
1461
1464
1470
1472
1475
1480
1481
1482
1483
1484
1487
1491
1494
1495
1496
1497
1498
1499
1501
1502
1507
1508
1510
1514
1516
1517
1520
1522
1529
1530
1532
1533
1534
1536
1537
1539
1542
1543
1546
1548
1549
1550
1551
1552
1556
1558
1560
1561
1563
1564
1568
1569
1571
1572
1573
1574
1575
1577
1579
1582
1583
1584
1585
1588
1589
1592
1593
1594
1595
1601
1606
1608
1611
1612
1613
1616
1617
1620
1621
1622
1623
1628
1629
1631
1632
1633
1637
1640
1642
1643
1647
1651
1658
1659
1661
1663
1667
1668
1672
1674
1675
1678
1679
1681
1682
1683
1685
1689
1690
1696
1699
1701
1703
1705
1706
1707
1708
1710
1712
1713
1716
1719
1720
1722
1723
1724
1728
1730
1731
1732
1733
1734
1735
1738
1744
1745
1746
1748
1750
1752
1754
1755
1756
1758
1764
1765
1767
1768
1769
1770
1771
1772
1773
1777
1779
1780
1781
1782
1784
1786
1787
1789
1792
1794
1798
1803
1804
1806
1807
1812
1813
1817
1822
1823
1824
1825
1826
1828
1829
1834
1836
1839
1840
1841
1844
1845
1848
1851
1855
1857
1858
1861
1862
1863
1864
1866
1867
1869
1871
1872
1880
1881
1882
1885
1886
1888
1889
1890
1891
1892
1893
1896
1897
1899
1900
1903
1905
1906
1907
1909
1915
1917
1918
1919
1923
1924
1925
1927
1928
1930
1931
1933
1937
1939
1941
1942
1945
1948
1951
1954
1958
1960
1961
1962
1964
1965
1967
1970
1971
1974
1975
1976
1980
1984
1987
1988
1990
1993
1994
1996
1998
2000
2001
2002
2003
2004
2005
2008
2009
2010
2011
2012
2013
2014
2015
2016
2017
2018
2019
2020
2021
2022
2023
2024
2025
2026
2027
2028
2029
2030
2031
2032
2033
2036
2037
2038
2039
2040
2041
2043
2044
2045
2046
2047
2048
2050
2051
2052
2053
2054
2055
2056
2057
2058
2060
2061
2062
2063
2064
2065
2067
2068
2069
2070
2071
2072
2073
2074
2075
2076
2078
2080
2081
2083
2084
