1
2
4
5
6
9
10
11
12
14
15
16
18
19
21
22
23
24
26
28
29
30
31
32
33
34
35
36
38
39
41
42
43
46
47
49
51
52
53
54
55
57
59
60
62
63
64
65
67
68
69
70
71
72
75
77
78
80
83
86
87
88
89
91
92
93
94
96
98
99
100
101
102
104
106
109
110
111
114
115
120
121
122
123
124
126
127
129
130
131
134
135
136
137
141
143
145
147
148
150
151
153
154
155
156
157
158
159
160
162
163
164
165
166
167
168
169
170
171
172
174
175
177
178
179
180
181
182
183
185
188
189
190
191
192
193
194
195
196
197
199
200
201
204
205
206
207
208
209
211
212
213
214
215
216
218
220
221
222
223
225
226
230
231
232
234
235
236
237
238
240
241
243
245
246
248
249
251
252
253
254
255
257
258
259
260
261
262
263
264
265
266
267
268
269
270
272
273
274
275
277
278
279
280
283
284
285
286
287
288
289
290
293
294
296
297
298
300
301
304
305
306
307
308
309
313
315
318
319
320
321
322
323
324
326
327
328
329
330
331
332
334
335
336
337
338
339
340
341
344
345
346
347
348
349
350
351
353
354
355
356
357
358
359
360
361
363
365
366
369
370
371
373
374
376
379
381
382
383
384
386
387
389
390
392
393
394
395
397
398
399
400
401
402
404
405
407
408
409
411
413
414
415
418
419
420
421
422
424
426
429
430
431
433
434
435
436
437
442
443
444
445
446
447
450
451
453
454
455
458
460
461
462
465
466
467
468
469
471
474
475
476
477
478
481
484
486
487
488
489
490
491
492
494
495
496
497
498
499
500
502
503
507
508
509
510
512
513
515
516
519
521
522
523
524
526
527
528
529
531
532
533
534
535
536
537
538
539
540
541
544
545
547
549
551
553
554
555
556
559
561
562
563
564
565
567
568
569
571
572
573
574
575
576
577
579
580
581
582
583
584
585
586
588
589
591
592
593
594
595
596
597
598
602
603
604
605
606
607
609
611
613
616
617
618
620
621
622
623
624
625
626
627
629
630
631
634
636
638
642
645
646
647
648
649
650
651
652
653
654
655
656
658
659
660
662
663
665
666
667
668
669
670
672
673
674
676
677
679
680
681
682
683
684
685
686
690
691
693
695
697
698
699
700
701
703
704
705
706
707
708
709
710
711
715
716
717
718
719
720
721
722
723
724
728
731
732
733
734
735
736
737
738
740
743
744
745
746
747
748
751
752
753
754
759
760
761
762
763
764
765
766
767
769
770
771
772
773
775
776
777
778
779
781
782
783
784
785
787
788
789
791
792
794
795
796
797
799
800
801
802
803
804
805
806
808
809
811
812
813
814
816
818
820
821
822
823
824
826
828
830
831
832
834
836
838
839
840
841
842
843
845
846
847
848
850
851
852
853
854
855
858
859
860
861
862
863
864
866
868
869
870
871
872
876
877
880
881
882
883
884
885
887
888
889
890
891
893
895
896
897
898
899
901
902
903
905
906
907
908
909
911
914
915
916
918
920
922
923
924
925
926
927
928
929
931
932
937
938
939
940
941
942
943
945
946
947
948
949
950
951
953
954
955
957
961
962
964
965
966
967
968
969
971
972
973
974
975
976
977
978
979
980
981
982
983
985
987
988
990
991
992
993
994
996
997
1000
1001
1002
1003
1004
1005
1006
1007
1008
1009
1010
1011
1012
1013
1014
1016
1019
1020
1022
1023
1024
1025
1029
1033
1035
1036
1037
1038
1039
1041
1042
1043
1044
1046
1047
1048
1049
1050
1051
1053
1054
1055
1056
1057
1059
1061
1062
1063
1064
1065
1066
1067
1068
1071
1072
1073
1075
1076
1077
1078
1079
1080
1081
1082
1083
1085
1087
1088
1089
1090
1091
1094
1095
1098
1099
1100
1101
1103
1104
1106
1107
1108
1109
1110
1111
1112
1115
1117
1118
1120
1121
1122
1124
1125
1126
1127
1129
1131
1132
1133
1134
1137
1138
1139
1140
1141
1142
1143
1144
1145
1147
1148
1149
1150
1151
1152
1153
1154
1155
1157
1159
1161
1162
1164
1167
1168
1169
1170
1171
1172
1174
1177
1178
1180
1181
1182
1183
1184
1185
1186
1187
1188
1190
1191
1193
1194
1195
1197
1198
1199
1201
1202
1206
1207
1211
1212
1214
1215
1217
1218
1220
1221
1222
1223
1224
1226
1227
1228
1230
1231
1232
1234
1235
1236
1237
1238
1239
1240
1241
1242
1243
1244
1245
1246
1247
1248
1249
1251
1252
1253
1256
1257
1259
1260
1261
1262
1263
1264
1267
1268
1270
1271
1272
1273
1275
1277
1279
1282
1283
1284
1285
1286
1287
1288
1289
1290
1291
1292
1293
1294
1295
1296
1298
1299
1301
1302
1303
1305
1307
1308
1311
1312
1313
1314
1316
1318
1319
1320
1321
1322
1323
1324
1325
1326
1328
1329
1331
1333
1334
1335
1336
1337
1338
1340
1342
1343
1344
1345
1346
1348
1349
1350
1351
1352
1354
1356
1357
1358
1359
1360
1361
1362
1363
1365
1366
1369
1370
1371
1373
1374
1375
1376
1377
1380
1381
1382
1383
1387
1388
1389
1390
1392
1396
1397
1398
1399
1400
1401
1402
1403
1404
1405
1406
1407
1409
1410
1412
1413
1414
1415
1417
1418
1419
1420
1421
1422
1423
1424
1425
1426
1427
1429
1430
1431
1432
1433
1434
1435
1436
1439
1440
1441
1442
1443
1444
1445
1450
1452
1453
1455
1456
1457
1459
1460
1461
1462
1463
1464
1465
1466
1467
1468
1472
1473
1474
1475
1477
1479
1480
1481
1482
1483
1484
1485
1486
1489
1490
1492
1493
1494
1495
1496
1498
1499
1500
1501
1503
1504
1505
1506
1507
1508
1511
1514
1516
1517
1518
1520
1521
1522
1524
1525
1527
1528
1530
1531
1532
1533
1534
1536
1537
1539
1540
1541
1543
1544
1546
1547
1548
1549
1551
1553
1554
1555
1556
1557
1558
1561
1562
1564
1565
1566
1567
1569
1570
1571
1572
1573
1574
1577
1578
1579
1580
1581
1582
1584
1585
1586
1587
1588
1589
1590
1592
1593
1594
1595
1596
1598
1599
1601
1603
1604
1605
1606
1609
1610
1611
1612
1615
1616
1617
1618
1619
1620
1621
1623
1624
1625
1627
1628
1629
1630
1631
1632
1633
1634
1635
1636
1637
1638
1639
1640
1642
1643
1644
1645
1646
1648
1649
1651
1652
1653
1654
1655
1656
1657
1658
1659
1660
1661
1663
1664
1665
1666
1668
1670
1672
1673
1674
1675
1676
1677
1678
1680
1681
1682
1683
1684
1685
1687
1688
1689
1690
1691
1692
1693
1694
1695
1697
1698
1699
1700
1701
1702
1703
1704
1705
1708
1710
1711
1712
1713
1715
1716
1717
1718
1719
1721
1722
1723
1724
1725
1727
1728
1730
1731
1732
1733
1734
1735
1736
1737
1738
1739
1740
1742
1744
1745
1746
1747
1748
1749
1750
1751
1752
1754
1755
1756
1757
1758
1760
1761
1764
1765
1766
1767
1768
1769
1770
1771
1772
1773
1775
1778
1779
1780
1781
1782
1783
1784
1786
1787
1788
1789
1791
1792
1793
1794
1795
1797
1798
1800
1801
1803
1805
1806
1807
1811
1812
1814
1815
1818
1819
1820
1821
1822
1823
1824
1827
1828
1829
1830
1831
1835
1836
1837
1838
1839
1840
1841
1842
1843
1844
1845
1847
1848
1849
1850
1851
1853
1854
1855
1858
1859
1860
1862
1864
1865
1866
1867
1868
1869
1870
1871
1872
1873
1874
1875
1876
1877
1878
1879
1880
1881
1882
1883
1884
1885
1886
1887
1888
1893
1894
1895
1897
1898
1899
1900
1901
1902
1903
1904
1905
1906
1907
1908
1909
1914
1915
1916
1917
1918
1920
1921
1922
1923
1924
1925
1927
1928
1929
1930
1931
1933
1934
1935
1940
1941
1942
1944
1945
1947
1949
1950
1951
1952
1955
1956
1959
1960
1962
1963
1965
1967
1969
1970
1971
1972
1973
1974
1975
1978
1980
1981
1982
1986
1988
1989
1991
1993
1994
1995
1996
1997
1998
2000
2001
2002
2003
2004
2005
2006
2007
2008
2009
2010
2011
2012
2013
2014
2015
2016
2017
2018
2019
2020
2021
2022
2023
2024
2025
2026
2027
2028
2029
2030
2031
2032
2033
2035
2036
2037
2038
2039
2040
2041
2042
2043
2044
2045
2046
2047
2048
2049
2050
2051
2052
2053
2054
2056
2057
2058
2059
2060
2061
2062
2063
2064
2065
2066
2067
2068
2069
2070
2071
2072
2073
2074
2075
2076
2078
2079
2080
2081
2082
2083
2084
