0
2
4
5
11
12
14
25
30
35
38
54
56
62
64
65
68
69
70
77
79
83
86
93
94
97
103
106
107
109
113
117
120
126
135
139
149
151
156
164
166
170
172
177
178
179
183
194
197
206
207
209
211
216
225
227
229
236
241
243
247
249
265
266
269
274
275
277
288
290
293
296
300
301
306
309
311
312
317
319
324
325
326
328
329
331
335
336
340
342
346
347
348
353
355
357
364
366
369
395
396
399
400
406
409
411
430
433
434
435
437
442
445
447
450
470
481
486
490
491
498
501
506
509
513
515
519
531
533
535
537
541
542
547
555
558
564
568
569
570
572
573
575
578
580
584
594
595
603
607
609
619
622
626
631
632
639
642
643
650
655
661
663
665
668
670
674
693
696
698
712
715
722
728
730
731
733
739
743
746
747
748
757
760
761
764
769
775
777
781
783
787
797
801
809
813
821
826
833
838
846
857
858
859
863
864
869
871
873
882
885
887
896
899
901
902
905
915
917
920
934
935
942
947
954
956
965
967
968
974
982
983
993
994
1000
1003
1005
1006
1008
1014
1020
1029
1032
1033
1039
1042
1047
1049
1054
1055
1061
1064
1065
1068
1074
1079
1082
1087
1102
1103
1107
1112
1117
1119
1122
1123
1124
1127
1134
1135
1139
1140
1142
1144
1148
1149
1153
1155
1162
1169
1170
1177
1181
1197
1202
1203
1204
1212
1214
1222
1223
1232
1235
1236
1242
1243
1244
1249
1250
1252
1261
1274
1275
1295
1300
1303
1322
1323
1334
1338
1341
1345
1360
1369
1370
1379
1381
1398
1403
1408
1419
1421
1429
1432
1443
1457
1460
1467
1469
1472
1475
1480
1482
1483
1484
1491
1494
1496
1501
1510
1514
1516
1520
1523
1533
1536
1551
1559
1561
1573
1577
1579
1584
1587
1590
1591
1595
1606
1623
1626
1634
1640
1643
1647
1650
1654
1660
1663
1667
1669
1677
1678
1680
1685
1686
1688
1691
1695
1698
1701
1707
1708
1712
1716
1718
1723
1728
1730
1732
1738
1741
1742
1747
1748
1750
1752
1760
1765
1772
1779
1791
1793
1796
1798
1800
1801
1804
1805
1806
1838
1844
1846
1853
1855
1856
1867
1868
1869
1875
1877
1881
1882
1885
1887
1896
1901
1904
1910
1915
1922
1926
1927
1933
1940
1942
1945
1948
1949
1960
1961
1964
1965
1969
1973
1976
1985
1987
1993
1996
1998
2001
2002
2003
2005
2007
2008
2009
2011
2012
2013
2014
2015
2016
2017
2018
2019
2020
2021
2022
2024
2025
2026
2027
2028
2029
2030
2031
2032
2033
2035
2036
2037
2039
2040
2041
2042
2043
2044
2045
2046
2047
2048
2049
2050
2052
2053
2054
2055
2056
2057
2058
2059
2060
2061
2062
2063
2064
2065
2067
2068
2071
2074
2075
2076
2078
2079
2080
2081
2082
2083
2084
