5
6
8
13
15
22
30
35
38
45
50
51
53
61
62
64
66
70
72
73
76
77
83
91
94
97
101
104
110
112
113
120
124
125
128
132
147
148
150
153
154
175
177
187
188
190
191
192
193
199
205
225
231
237
244
245
249
254
255
258
259
265
268
272
274
277
281
283
284
289
292
298
302
311
316
317
318
319
325
336
338
339
347
359
364
369
376
381
386
387
389
393
395
406
413
414
415
417
418
420
421
424
428
430
433
441
442
443
444
456
464
470
472
479
484
485
486
488
496
500
501
502
512
515
516
521
525
526
532
543
546
550
555
556
568
569
570
578
586
588
591
594
604
606
610
611
613
619
620
621
626
627
630
631
635
639
652
659
670
678
681
683
684
685
687
691
692
693
694
695
699
720
722
731
732
733
735
737
739
742
743
747
748
752
757
759
760
778
779
780
782
783
785
792
801
809
814
815
819
838
839
842
850
853
868
869
870
874
890
905
916
918
920
923
934
938
941
954
957
959
960
964
966
968
977
984
994
996
999
1000
1001
1005
1012
1013
1014
1019
1024
1030
1032
1037
1043
1046
1052
1054
1074
1078
1089
1098
1099
1102
1104
1106
1108
1111
1121
1123
1128
1129
1130
1132
1139
1140
1141
1142
1144
1146
1150
1161
1167
1168
1170
1171
1178
1185
1192
1195
1197
1199
1201
1203
1204
1206
1213
1231
1236
1242
1244
1249
1251
1256
1260
1261
1263
1264
1265
1266
1276
1284
1288
1296
1298
1299
1301
1304
1309
1315
1316
1318
1321
1322
1324
1330
1335
1336
1338
1343
1347
1350
1351
1353
1358
1373
1374
1375
1387
1393
1395
1396
1397
1398
1399
1400
1404
1409
1410
1414
1423
1429
1431
1432
1434
1439
1441
1442
1448
1450
1455
1462
1477
1478
1482
1492
1495
1498
1501
1512
1515
1519
1520
1521
1527
1540
1543
1547
1554
1555
1559
1561
1562
1564
1565
1568
1577
1579
1584
1594
1595
1601
1603
1610
1612
1619
1622
1623
1624
1626
1629
1634
1639
1641
1645
1651
1654
1655
1656
1660
1663
1668
1669
1670
1671
1673
1677
1686
1687
1688
1690
1699
1701
1702
1704
1707
1712
1714
1719
1721
1723
1726
1727
1730
1736
1737
1744
1754
1757
1765
1766
1767
1781
1789
1790
1791
1793
1805
1806
1808
1811
1814
1833
1836
1846
1850
1852
1856
1859
1866
1867
1869
1872
1873
1881
1884
1886
1896
1897
1901
1903
1909
1910
1913
1915
1918
1926
1927
1930
1933
1935
1938
1940
1974
1983
1994
2000
2002
2003
2004
2006
2009
2010
2013
2014
2015
2018
2019
2021
2022
2023
2024
2025
2026
2027
2028
2029
2030
2031
2032
2035
2038
2039
2041
2042
2043
2048
2051
2052
2053
2056
2057
2058
2059
2061
2062
2065
2067
2071
2074
2076
2079
2081
2082
2084
