3
10
15
17
18
19
22
23
29
39
45
48
56
63
76
78
83
86
89
93
95
97
100
104
109
127
128
130
139
144
145
146
148
150
156
157
158
162
170
177
192
202
204
205
206
213
214
217
225
232
243
244
254
257
260
266
269
274
275
277
283
288
291
292
298
306
315
324
328
329
331
335
340
342
350
353
354
359
360
361
364
376
379
380
382
383
392
399
400
409
411
417
418
421
422
423
424
426
429
430
435
445
447
448
449
451
455
472
474
477
478
489
491
494
495
501
502
511
513
514
519
520
525
533
534
542
545
555
557
559
561
576
585
586
591
598
616
622
623
624
629
634
641
646
649
651
655
656
659
671
678
685
688
691
697
701
706
707
712
713
715
716
722
727
728
738
743
746
747
749
750
765
773
774
776
777
783
785
786
797
807
808
818
825
829
833
836
838
844
845
849
853
864
867
874
878
881
882
885
887
888
896
897
899
901
904
905
910
919
923
926
928
929
930
935
937
941
947
950
955
956
957
958
960
961
966
968
970
982
983
994
1000
1005
1007
1008
1013
1014
1015
1017
1018
1019
1021
1024
1032
1040
1041
1042
1053
1058
1059
1061
1063
1064
1067
1078
1079
1091
1095
1097
1103
1107
1110
1111
1118
1121
1130
1138
1140
1144
1149
1153
1169
1173
1176
1178
1182
1183
1187
1194
1195
1199
1202
1212
1216
1217
1218
1220
1228
1231
1236
1239
1251
1254
1265
1270
1273
1274
1279
1281
1282
1285
1286
1287
1289
1300
1303
1305
1307
1308
1310
1312
1313
1316
1320
1322
1325
1332
1334
1336
1337
1339
1341
1345
1351
1352
1355
1357
1360
1367
1369
1374
1375
1376
1377
1381
1388
1394
1395
1404
1408
1410
1412
1414
1420
1423
1435
1440
1441
1448
1449
1452
1460
1471
1475
1479
1483
1501
1502
1515
1524
1525
1530
1532
1533
1535
1536
1537
1542
1544
1545
1549
1566
1569
1571
1572
1573
1574
1583
1585
1588
1592
1601
1603
1610
1611
1619
1620
1621
1623
1624
1626
1635
1636
1638
1642
1646
1653
1656
1666
1668
1673
1677
1678
1680
1694
1701
1706
1707
1712
1726
1730
1737
1739
1758
1763
1765
1767
1768
1775
1777
1783
1789
1790
1795
1796
1803
1806
1811
1814
1819
1839
1845
1848
1852
1855
1856
1861
1867
1873
1874
1881
1882
1885
1889
1894
1895
1898
1907
1910
1918
1926
1931
1933
1942
1944
1945
1951
1954
1960
1969
1973
1975
1981
1984
1990
1992
1994
2000
2001
2002
2003
2004
2005
2007
2009
2011
2013
2014
2015
2019
2020
2022
2023
2024
2026
2028
2029
2030
2031
2032
2033
2035
2037
2038
2039
2041
2042
2043
2044
2045
2046
2050
2051
2052
2053
2054
2056
2057
2059
2060
2067
2068
2070
2071
2072
2074
2076
2077
2078
2080
2082
