0
11
18
44
46
58
59
62
65
67
83
91
138
139
150
180
182
185
191
194
206
225
245
246
249
252
256
259
278
292
301
318
331
336
345
347
368
399
407
413
420
422
430
491
503
531
542
565
568
622
631
646
658
665
709
725
733
737
746
757
761
764
778
796
803
829
830
858
863
864
873
878
895
897
906
923
927
929
931
955
960
994
1018
1028
1035
1041
1050
1053
1057
1061
1062
1089
1101
1112
1127
1133
1168
1177
1187
1199
1216
1237
1240
1250
1254
1257
1263
1270
1277
1306
1307
1311
1329
1340
1345
1346
1349
1366
1370
1379
1388
1396
1399
1404
1409
1411
1434
1450
1460
1461
1475
1488
1491
1544
1552
1596
1624
1627
1635
1654
1685
1702
1707
1730
1749
1756
1779
1837
1839
1850
1852
1880
1887
1917
1930
2000
2001
2003
2004
2005
2007
2009
2010
2012
2013
2014
2015
2016
2017
2019
2020
2022
2024
2027
2028
2031
2035
2036
2037
2038
2040
2041
2042
2044
2047
2048
2050
2052
2054
2056
2058
2061
2064
2065
2066
2067
2068
2069
2070
2074
2075
2076
2077
2078
2079
2081
2083
2084
