6
11
18
25
42
45
49
52
53
54
56
59
60
62
65
76
77
78
83
85
86
87
95
100
101
103
106
110
114
118
119
120
122
124
126
138
139
153
164
175
177
184
185
187
191
195
199
201
218
219
223
228
231
238
246
249
251
255
256
259
262
268
269
270
275
276
278
288
289
291
293
295
299
300
311
314
317
319
324
328
331
336
338
347
350
356
357
362
363
366
367
369
373
375
376
377
380
384
386
390
395
402
406
407
409
415
420
421
422
423
433
434
436
442
443
447
451
452
463
465
472
481
486
494
497
505
514
524
534
537
540
542
544
545
546
549
550
552
555
556
561
565
567
568
571
584
588
589
593
595
598
600
611
620
626
630
631
655
657
661
663
665
666
671
680
683
685
709
710
723
727
728
733
737
740
743
747
751
753
755
760
761
765
766
768
770
778
783
784
786
788
795
812
818
823
824
827
834
846
849
852
864
869
870
883
884
893
897
900
902
912
915
918
930
931
934
940
943
945
947
951
954
960
968
969
973
976
978
980
986
993
994
1005
1007
1012
1014
1023
1024
1026
1027
1029
1031
1032
1036
1037
1039
1044
1047
1062
1066
1068
1077
1081
1085
1089
1094
1099
1104
1106
1109
1113
1116
1128
1130
1142
1162
1164
1168
1170
1171
1174
1177
1178
1180
1181
1183
1184
1185
1188
1192
1195
1197
1199
1202
1203
1220
1222
1223
1224
1236
1242
1254
1260
1268
1270
1271
1276
1279
1281
1284
1296
1301
1303
1310
1313
1328
1329
1334
1339
1341
1342
1343
1344
1345
1346
1358
1375
1376
1379
1398
1401
1408
1409
1414
1417
1419
1423
1426
1427
1430
1434
1441
1454
1466
1469
1470
1477
1478
1484
1492
1493
1497
1501
1502
1508
1510
1511
1530
1532
1540
1544
1549
1553
1558
1562
1563
1566
1570
1572
1574
1583
1586
1587
1588
1591
1597
1600
1601
1602
1610
1615
1621
1624
1629
1633
1634
1640
1642
1644
1647
1652
1654
1655
1658
1661
1662
1666
1674
1680
1682
1688
1691
1693
1698
1699
1702
1708
1713
1726
1730
1731
1744
1746
1754
1758
1770
1778
1779
1781
1783
1790
1792
1795
1797
1800
1803
1804
1811
1817
1819
1823
1827
1834
1839
1841
1844
1847
1852
1854
1855
1857
1858
1861
1862
1864
1866
1867
1869
1877
1880
1883
1894
1901
1902
1907
1909
1914
1917
1925
1928
1930
1942
1944
1948
1954
1955
1959
1964
1967
1968
1971
1973
1974
1975
1976
1992
1993
1998
2000
2001
2002
2004
2005
2010
2011
2013
2014
2015
2017
2018
2020
2021
2022
2023
2025
2026
2027
2029
2030
2031
2032
2033
2039
2040
2042
2044
2045
2046
2047
2048
2049
2051
2054
2056
2057
2058
2061
2065
2066
2067
2068
2069
2070
2074
2076
2077
2078
2079
2081
2082
2084
