0
6
18
19
23
28
35
51
55
58
88
113
121
126
127
148
167
181
221
229
237
266
269
275
300
318
327
330
347
354
362
364
383
400
416
430
445
484
491
503
504
508
513
537
544
554
555
574
581
588
593
614
618
619
622
625
644
669
678
681
684
686
698
713
722
727
767
786
788
805
820
826
839
864
876
887
892
893
902
913
914
919
931
958
962
980
981
985
997
1058
1068
1094
1100
1103
1112
1119
1122
1127
1149
1155
1158
1168
1171
1173
1186
1197
1218
1227
1228
1240
1244
1246
1264
1281
1301
1322
1345
1388
1404
1443
1446
1474
1478
1483
1505
1507
1513
1515
1516
1529
1552
1557
1565
1575
1604
1619
1638
1665
1674
1676
1700
1707
1712
1720
1730
1748
1758
1794
1798
1831
1838
1843
1850
1852
1856
1862
1893
1907
1913
1918
1922
1926
1930
1943
1961
1963
1967
1987
1993
1996
1998
2000
2001
2003
2005
2007
2008
2013
2015
2016
2019
2023
2026
2028
2033
2035
2041
2042
2044
2047
2048
2049
2050
2056
2057
2058
2062
2067
2068
2069
2070
2071
2074
2076
2077
2079
2081
2082
