1
2
3
4
5
6
7
8
9
10
11
13
15
16
18
19
22
23
25
26
27
29
30
31
32
33
35
38
39
40
41
42
46
47
51
52
53
54
55
56
57
58
60
61
62
64
65
66
68
70
74
77
79
81
83
84
85
86
87
88
89
91
92
93
94
95
96
97
98
100
101
102
103
105
107
108
109
110
111
112
114
116
117
118
119
120
122
123
124
126
128
129
130
131
132
133
134
135
136
137
141
142
143
144
145
146
147
148
150
151
152
153
154
155
156
158
159
160
162
164
165
166
167
168
169
170
171
172
174
175
178
179
180
183
184
185
186
188
190
193
196
197
198
200
203
205
206
207
208
209
210
211
212
213
214
215
216
218
219
220
221
225
226
227
228
229
230
231
232
234
235
236
237
238
240
243
244
245
246
247
252
253
254
256
257
258
259
260
264
266
267
268
269
271
273
274
275
276
277
278
280
281
283
284
285
286
287
288
289
290
291
292
293
294
295
298
299
300
301
304
305
306
307
309
310
311
314
315
316
317
322
324
325
326
327
328
329
331
333
334
335
338
340
341
343
344
346
347
348
349
350
351
353
354
355
356
357
358
359
360
363
364
366
367
368
369
370
371
374
375
376
378
380
381
383
384
386
387
390
391
392
393
394
396
397
399
400
402
404
406
407
408
409
410
411
412
413
414
415
416
417
418
420
422
423
424
426
429
430
431
432
433
434
435
436
438
439
440
442
444
445
447
448
450
452
453
454
456
458
463
464
465
468
469
470
471
472
473
474
475
476
477
480
481
482
483
484
485
486
487
488
489
490
491
495
496
497
498
500
501
502
503
505
507
508
509
510
511
513
514
515
516
517
518
520
521
522
524
525
526
528
529
530
534
535
536
537
539
540
542
543
545
547
548
549
550
551
553
554
555
556
557
558
559
561
562
563
564
565
567
568
569
570
572
573
574
575
577
578
579
580
581
583
584
586
587
588
591
593
595
596
598
599
601
603
604
605
608
609
610
611
613
614
615
617
618
619
620
622
623
626
627
628
629
631
632
633
634
635
637
638
639
640
643
644
645
646
647
648
649
650
651
653
655
656
658
660
661
662
663
667
668
669
670
672
673
674
675
676
679
681
683
684
685
686
687
688
689
691
692
693
694
695
696
697
698
699
701
702
703
704
706
707
708
709
710
712
713
714
715
716
718
719
720
721
722
723
724
725
726
727
728
729
730
731
732
734
735
736
737
738
739
742
743
745
746
747
748
749
750
751
752
753
755
757
759
760
762
763
764
766
769
771
772
775
777
779
780
781
782
783
784
785
788
789
790
791
792
793
794
796
797
800
801
802
803
804
805
806
808
809
810
811
813
814
816
817
818
820
821
823
824
825
826
827
828
829
831
832
833
834
835
837
838
839
840
841
842
843
844
845
847
850
851
852
853
854
855
856
858
859
860
862
863
864
866
867
868
869
871
873
874
876
877
878
880
882
883
886
887
888
890
891
896
897
898
899
900
901
902
904
905
907
908
909
910
911
912
913
914
915
916
917
918
919
920
921
923
924
925
926
927
928
929
930
931
932
933
934
936
937
938
939
941
942
943
944
948
950
951
952
954
955
957
958
959
960
962
963
966
968
969
971
973
974
977
978
980
981
982
983
984
985
986
987
988
989
991
993
994
995
996
997
998
1000
1001
1003
1006
1007
1008
1009
1010
1011
1013
1014
1016
1018
1019
1020
1024
1026
1027
1028
1029
1030
1033
1036
1038
1039
1040
1042
1044
1045
1046
1047
1050
1051
1052
1053
1055
1056
1057
1059
1060
1061
1063
1064
1065
1066
1067
1068
1071
1072
1073
1074
1077
1079
1080
1081
1082
1083
1084
1085
1086
1088
1089
1090
1092
1093
1094
1096
1098
1099
1101
1102
1103
1104
1105
1106
1108
1109
1110
1111
1112
1113
1114
1115
1117
1118
1119
1120
1123
1124
1125
1126
1127
1128
1129
1130
1131
1132
1134
1136
1139
1142
1143
1145
1146
1148
1149
1152
1154
1156
1157
1158
1159
1160
1161
1162
1163
1164
1165
1166
1167
1168
1169
1170
1171
1173
1174
1176
1178
1180
1181
1182
1183
1185
1186
1187
1188
1190
1191
1192
1194
1195
1196
1197
1198
1199
1200
1202
1203
1209
1210
1211
1212
1213
1215
1216
1217
1218
1220
1221
1222
1225
1226
1227
1228
1229
1230
1231
1232
1233
1234
1235
1236
1237
1238
1239
1240
1241
1246
1247
1248
1249
1250
1253
1254
1255
1256
1260
1261
1262
1264
1265
1266
1267
1268
1269
1271
1273
1274
1275
1276
1280
1281
1282
1284
1286
1288
1289
1291
1292
1293
1294
1296
1297
1298
1299
1301
1302
1304
1305
1306
1307
1308
1309
1310
1312
1313
1314
1315
1316
1317
1318
1320
1321
1322
1323
1324
1325
1326
1327
1328
1329
1332
1333
1334
1335
1336
1337
1338
1339
1341
1342
1343
1345
1349
1350
1352
1353
1354
1355
1356
1357
1358
1360
1361
1363
1365
1366
1367
1370
1372
1375
1376
1380
1381
1382
1383
1386
1388
1390
1392
1393
1395
1396
1397
1399
1400
1401
1402
1403
1404
1405
1406
1408
1409
1412
1414
1415
1416
1417
1418
1419
1420
1421
1422
1423
1425
1426
1427
1429
1430
1432
1433
1435
1436
1437
1438
1440
1441
1442
1443
1444
1447
1448
1449
1450
1451
1452
1453
1456
1457
1458
1459
1460
1461
1462
1463
1464
1465
1466
1468
1469
1470
1471
1472
1473
1474
1475
1476
1477
1478
1479
1480
1481
1482
1483
1484
1486
1487
1488
1489
1491
1492
1493
1494
1496
1502
1503
1505
1506
1507
1508
1509
1510
1511
1512
1514
1515
1516
1517
1518
1520
1521
1522
1523
1524
1525
1526
1529
1533
1534
1535
1537
1538
1540
1541
1542
1543
1544
1546
1547
1548
1549
1550
1551
1552
1553
1554
1555
1556
1557
1558
1559
1560
1561
1562
1563
1564
1565
1566
1569
1570
1571
1572
1573
1574
1575
1576
1577
1578
1579
1580
1583
1584
1585
1587
1588
1589
1591
1593
1595
1596
1598
1599
1600
1601
1602
1603
1605
1606
1608
1611
1612
1613
1614
1615
1616
1618
1619
1620
1621
1623
1624
1625
1626
1627
1629
1632
1633
1635
1636
1637
1639
1642
1643
1644
1646
1647
1651
1652
1653
1654
1655
1656
1657
1658
1659
1660
1661
1665
1666
1667
1668
1670
1671
1672
1673
1674
1675
1676
1677
1678
1679
1680
1681
1682
1683
1684
1685
1686
1687
1688
1689
1690
1691
1694
1696
1697
1698
1699
1700
1702
1703
1705
1706
1707
1708
1710
1711
1712
1713
1714
1715
1716
1717
1718
1719
1720
1722
1723
1724
1726
1728
1729
1730
1731
1732
1733
1734
1736
1737
1739
1741
1742
1743
1744
1745
1746
1749
1750
1751
1752
1753
1754
1755
1756
1757
1759
1760
1761
1762
1763
1764
1765
1766
1770
1771
1772
1773
1774
1775
1776
1777
1779
1780
1781
1782
1783
1784
1786
1787
1788
1789
1790
1791
1792
1793
1795
1797
1798
1799
1800
1802
1805
1806
1807
1808
1809
1811
1812
1813
1815
1818
1819
1823
1824
1826
1827
1829
1830
1831
1832
1833
1834
1836
1838
1839
1840
1841
1843
1844
1845
1846
1848
1849
1851
1852
1855
1857
1858
1860
1861
1863
1864
1865
1866
1867
1868
1869
1872
1873
1874
1875
1876
1877
1879
1880
1881
1882
1883
1885
1886
1887
1888
1889
1891
1893
1894
1895
1897
1900
1901
1902
1903
1904
1905
1906
1907
1908
1909
1911
1912
1913
1918
1919
1920
1921
1922
1923
1924
1925
1926
1927
1928
1930
1931
1933
1934
1935
1937
1938
1940
1942
1945
1947
1948
1949
1951
1952
1954
1955
1956
1958
1959
1960
1961
1962
1963
1964
1965
1966
1967
1968
1969
1970
1971
1972
1973
1974
1975
1976
1977
1978
1979
1980
1982
1983
1984
1985
1987
1989
1990
1991
1992
1994
1995
1996
1999
2000
2001
2002
2003
2004
2005
2007
2008
2009
2010
2011
2012
2013
2014
2015
2016
2017
2018
2019
2020
2021
2022
2023
2024
2025
2026
2027
2028
2029
2030
2031
2032
2033
2034
2035
2036
2037
2038
2039
2040
2041
2042
2043
2044
2045
2046
2047
2048
2049
2050
2051
2052
2053
2054
2055
2056
2057
2058
2059
2060
2061
2062
2063
2064
2065
2067
2068
2069
2070
2071
2072
2073
2074
2075
2076
2078
2079
2080
2081
2082
2083
2084
