0
2
3
5
7
9
11
15
16
18
23
24
25
30
32
35
40
43
44
46
47
49
50
51
53
54
55
57
59
60
61
62
66
69
70
71
72
73
75
77
78
81
83
84
86
87
88
92
93
94
100
101
104
106
108
109
112
113
115
118
119
121
126
127
128
129
131
132
133
135
138
139
143
144
146
147
148
149
150
151
156
159
161
162
163
166
170
172
174
175
176
177
179
181
187
190
195
196
198
201
202
205
207
210
211
212
213
214
215
216
218
222
223
224
225
231
232
235
236
237
239
241
242
243
244
247
248
249
251
253
254
256
258
262
264
265
268
269
270
271
272
273
276
278
279
285
286
287
288
291
293
295
298
301
304
306
308
309
311
312
317
321
322
323
324
325
326
329
331
334
337
339
341
342
343
344
345
346
352
353
354
355
356
357
358
360
363
368
370
371
372
374
375
376
377
378
379
380
381
382
384
385
386
389
391
392
395
399
400
401
404
405
406
410
416
417
418
420
422
424
425
426
427
428
429
430
431
433
434
435
436
437
439
440
443
444
445
446
447
449
453
454
456
457
458
459
462
465
466
467
468
469
472
473
475
478
481
482
483
484
485
486
491
492
493
494
496
500
503
504
506
507
508
509
510
511
513
515
520
521
524
526
527
528
532
533
534
535
537
540
541
542
546
547
548
550
559
560
564
566
567
572
573
579
582
583
586
588
593
595
598
600
602
603
604
606
609
610
612
613
615
620
622
623
624
625
627
628
629
630
632
633
634
635
636
646
647
648
650
651
653
657
658
659
660
663
665
667
669
670
676
678
680
681
683
684
688
691
692
694
696
699
700
703
705
707
711
714
715
717
720
721
722
728
729
730
732
733
734
735
737
738
739
741
744
745
746
747
748
752
753
757
758
761
765
766
771
774
775
776
778
779
782
783
785
786
792
793
794
795
796
799
803
804
805
807
808
809
812
813
814
815
816
818
820
821
827
829
832
833
834
836
838
839
840
841
845
846
848
851
853
854
856
857
858
859
860
863
864
866
867
869
870
874
875
878
880
885
886
887
888
889
890
893
894
895
897
899
901
902
903
906
909
911
912
913
914
918
919
920
924
925
926
929
932
935
936
937
938
939
942
943
945
948
950
952
953
954
957
958
959
960
964
968
977
978
982
983
984
991
994
995
999
1000
1001
1002
1005
1006
1007
1010
1013
1014
1015
1018
1020
1021
1028
1031
1032
1034
1036
1040
1045
1048
1050
1051
1053
1058
1060
1062
1065
1066
1069
1072
1073
1077
1081
1082
1083
1084
1090
1091
1095
1096
1098
1099
1100
1103
1105
1109
1112
1114
1116
1117
1119
1120
1121
1123
1126
1127
1128
1129
1130
1133
1137
1139
1140
1141
1142
1144
1146
1148
1149
1153
1156
1158
1159
1160
1162
1163
1164
1165
1166
1168
1170
1171
1172
1173
1174
1177
1180
1181
1183
1185
1186
1193
1197
1198
1199
1204
1205
1207
1208
1211
1214
1215
1216
1217
1218
1223
1225
1228
1231
1234
1236
1238
1241
1242
1243
1246
1247
1252
1254
1257
1259
1263
1264
1269
1270
1271
1272
1273
1275
1276
1279
1280
1281
1284
1286
1290
1291
1292
1293
1295
1296
1300
1301
1302
1304
1306
1310
1311
1313
1314
1315
1318
1319
1324
1325
1327
1329
1331
1334
1336
1338
1342
1343
1344
1347
1349
1350
1352
1355
1356
1357
1360
1362
1363
1366
1367
1368
1370
1371
1375
1377
1379
1380
1385
1386
1387
1388
1390
1394
1395
1397
1398
1399
1400
1401
1402
1404
1405
1407
1409
1414
1418
1419
1422
1423
1424
1425
1426
1427
1429
1430
1431
1432
1433
1434
1439
1441
1442
1446
1448
1455
1457
1458
1459
1462
1463
1466
1467
1468
1471
1473
1474
1475
1477
1478
1485
1486
1488
1490
1493
1496
1502
1505
1506
1507
1513
1514
1515
1518
1521
1522
1523
1525
1526
1527
1531
1532
1533
1538
1539
1543
1548
1551
1554
1556
1559
1560
1563
1564
1566
1569
1570
1571
1573
1574
1575
1576
1577
1578
1579
1582
1584
1585
1587
1588
1589
1591
1599
1600
1601
1602
1605
1610
1612
1613
1614
1617
1620
1621
1622
1625
1627
1628
1629
1631
1634
1635
1636
1637
1639
1640
1643
1646
1648
1654
1655
1658
1662
1663
1665
1666
1667
1670
1673
1675
1676
1677
1678
1682
1683
1684
1688
1690
1692
1695
1696
1697
1698
1700
1701
1704
1707
1710
1712
1714
1715
1719
1721
1723
1725
1727
1728
1730
1731
1734
1735
1737
1740
1742
1748
1750
1751
1753
1755
1758
1759
1763
1766
1769
1773
1775
1778
1780
1781
1782
1783
1793
1794
1795
1797
1803
1805
1806
1807
1811
1812
1814
1815
1816
1818
1820
1822
1828
1831
1832
1838
1839
1840
1841
1842
1847
1848
1853
1854
1856
1858
1862
1863
1864
1865
1867
1868
1869
1877
1882
1886
1894
1895
1896
1898
1901
1902
1903
1904
1905
1907
1908
1910
1912
1915
1916
1917
1919
1920
1922
1925
1928
1930
1931
1932
1933
1934
1939
1941
1942
1943
1945
1948
1949
1951
1953
1956
1958
1959
1960
1962
1964
1965
1966
1967
1968
1972
1974
1979
1985
1986
1990
1991
1992
1995
1999
2000
2001
2002
2003
2004
2005
2008
2009
2010
2011
2012
2014
2015
2017
2019
2020
2021
2022
2025
2026
2027
2028
2029
2030
2031
2033
2035
2039
2040
2041
2044
2045
2046
2047
2049
2050
2052
2053
2054
2055
2057
2059
2062
2063
2065
2067
2068
2069
2071
2072
2074
2076
2077
2079
2081
2082
2083
