1
4
16
30
41
120
143
150
205
209
211
213
224
238
243
265
316
326
348
357
363
376
408
422
429
430
451
494
495
496
501
548
561
564
568
590
592
622
652
657
673
680
685
688
693
701
735
743
793
840
856
869
878
882
886
900
920
941
946
951
983
993
1013
1029
1049
1054
1087
1103
1105
1110
1129
1132
1140
1144
1175
1183
1195
1197
1208
1226
1244
1245
1249
1254
1262
1284
1286
1287
1299
1302
1310
1324
1345
1353
1358
1380
1382
1395
1405
1406
1423
1429
1443
1446
1459
1461
1475
1479
1485
1496
1529
1530
1535
1552
1571
1577
1604
1622
1651
1669
1675
1682
1708
1716
1726
1731
1734
1739
1755
1765
1779
1781
1783
1803
1813
1822
1843
1844
1848
1864
1866
1867
1881
1882
1894
1896
1918
1931
1970
1978
1989
1991
2000
2001
2004
2005
2007
2009
2011
2012
2013
2014
2016
2017
2018
2019
2021
2024
2027
2028
2029
2030
2031
2032
2033
2034
2035
2036
2037
2039
2040
2041
2042
2043
2044
2049
2050
2051
2054
2055
2058
2059
2061
2062
2065
2067
2068
2069
2070
2072
2075
2076
2077
2079
2080
2082
2083
2084
