0
1
2
3
4
5
6
7
11
12
13
14
15
17
19
23
25
26
27
28
29
30
31
32
33
34
38
41
43
44
46
47
48
49
51
54
56
57
58
59
60
61
62
63
64
65
66
68
69
70
71
72
73
74
75
76
77
78
79
81
82
83
84
86
87
88
89
90
91
92
93
95
97
98
99
101
102
103
105
110
111
112
113
114
116
118
119
120
121
122
123
126
127
128
129
130
131
134
135
136
137
139
142
143
144
145
146
147
150
151
156
157
158
161
162
163
164
167
169
170
172
173
174
175
176
177
179
180
181
182
184
185
186
187
188
190
191
192
193
194
195
196
197
199
201
203
204
205
206
208
209
210
211
212
214
215
216
217
219
220
222
223
224
225
228
231
232
233
234
236
238
239
240
241
242
243
244
245
247
248
249
251
252
253
254
255
256
257
258
259
260
261
263
264
265
266
267
268
269
270
272
273
274
275
276
278
281
284
285
287
288
289
292
293
294
295
297
298
300
301
305
306
308
311
312
313
314
317
318
319
320
322
323
324
325
326
327
328
329
331
332
333
334
336
337
338
339
341
345
346
347
348
349
350
351
352
354
355
356
357
358
359
361
363
364
366
367
368
370
371
373
374
376
377
378
380
381
383
384
385
386
387
388
390
391
392
393
394
395
396
399
400
401
402
404
405
406
407
408
409
410
411
412
413
414
415
416
418
419
420
421
422
423
425
426
428
429
430
431
433
434
435
437
439
440
442
443
445
446
447
449
450
451
452
453
454
457
459
461
462
465
466
467
468
470
471
472
473
474
476
477
479
480
481
482
483
484
486
487
488
489
490
491
492
494
495
497
499
500
501
502
503
504
505
506
507
508
509
512
513
515
516
517
518
519
520
521
522
523
524
526
527
528
529
533
534
535
536
537
540
542
543
545
546
547
549
550
553
555
556
558
559
560
563
564
565
566
567
568
569
570
571
572
573
574
575
577
578
579
580
581
583
584
585
586
587
588
590
591
593
595
596
598
599
600
601
602
603
604
605
607
608
609
611
612
613
614
615
616
617
619
621
622
625
627
628
629
630
631
632
634
636
637
638
639
640
641
642
643
644
645
646
647
649
651
652
653
655
656
657
658
660
661
662
663
665
667
668
669
670
672
673
674
675
676
677
679
680
681
682
683
684
685
686
687
688
689
690
691
692
693
695
697
698
700
701
702
705
706
707
708
710
711
714
715
716
717
718
719
720
722
723
726
727
728
729
730
731
732
733
734
737
739
742
743
744
745
746
747
748
750
751
752
754
755
759
760
762
763
764
765
766
767
768
769
771
774
775
776
777
778
780
781
782
783
784
786
788
789
792
793
794
795
796
797
799
801
802
803
805
807
809
810
811
813
814
816
817
818
820
821
823
824
825
828
829
831
832
833
834
836
837
838
839
840
841
842
843
844
845
846
847
849
850
851
853
854
855
857
858
860
861
862
863
866
869
870
871
872
873
876
877
878
879
880
881
882
883
884
885
886
887
889
890
891
892
893
895
896
897
898
899
900
901
902
903
905
906
907
908
909
910
913
914
915
916
917
918
919
920
921
922
923
924
925
926
927
928
929
930
931
932
933
934
935
938
939
940
941
944
945
947
948
949
953
954
955
956
958
959
960
961
962
964
965
966
967
968
969
971
972
975
976
977
979
980
982
985
986
987
988
990
991
992
993
994
995
997
999
1000
1001
1002
1003
1004
1005
1006
1007
1008
1009
1011
1013
1016
1018
1020
1021
1023
1024
1025
1027
1028
1029
1031
1032
1036
1037
1038
1039
1040
1041
1042
1044
1046
1047
1048
1050
1051
1052
1053
1054
1055
1056
1058
1059
1060
1061
1062
1063
1065
1066
1068
1069
1070
1071
1072
1073
1074
1076
1079
1082
1083
1084
1085
1086
1089
1090
1091
1092
1095
1096
1097
1098
1099
1101
1102
1103
1104
1105
1106
1109
1110
1111
1113
1114
1116
1118
1119
1121
1122
1124
1125
1126
1127
1128
1129
1130
1132
1133
1134
1135
1136
1137
1138
1139
1140
1142
1144
1145
1146
1147
1148
1149
1150
1151
1153
1155
1156
1157
1158
1159
1160
1161
1164
1165
1167
1168
1169
1171
1173
1174
1175
1176
1177
1178
1179
1180
1181
1182
1183
1184
1185
1187
1188
1190
1191
1192
1193
1195
1196
1197
1198
1199
1201
1202
1203
1204
1205
1206
1207
1210
1211
1212
1213
1214
1215
1216
1218
1219
1220
1221
1223
1224
1225
1227
1228
1229
1230
1231
1233
1234
1235
1236
1237
1238
1240
1241
1242
1244
1245
1246
1247
1248
1249
1250
1251
1252
1253
1254
1255
1257
1258
1259
1260
1264
1267
1268
1271
1272
1273
1274
1275
1276
1278
1279
1280
1283
1284
1285
1286
1287
1289
1291
1293
1294
1295
1297
1298
1300
1301
1302
1303
1304
1305
1306
1307
1309
1311
1312
1313
1315
1316
1318
1320
1322
1323
1328
1329
1330
1331
1332
1333
1334
1335
1336
1337
1338
1341
1342
1344
1345
1346
1347
1350
1351
1354
1356
1357
1358
1359
1360
1361
1362
1364
1366
1367
1368
1370
1372
1374
1377
1379
1380
1382
1387
1389
1390
1391
1392
1394
1395
1396
1397
1398
1399
1400
1401
1402
1403
1404
1405
1406
1408
1409
1410
1411
1412
1413
1414
1418
1419
1420
1421
1423
1424
1425
1426
1427
1428
1429
1430
1432
1433
1434
1437
1438
1439
1440
1441
1442
1444
1446
1447
1448
1450
1451
1452
1453
1454
1455
1456
1457
1458
1459
1461
1462
1463
1464
1465
1467
1468
1470
1471
1473
1474
1475
1476
1477
1478
1479
1480
1481
1482
1483
1484
1485
1486
1487
1488
1491
1492
1493
1494
1495
1496
1499
1500
1501
1503
1505
1507
1508
1509
1511
1512
1513
1514
1516
1517
1518
1520
1522
1523
1524
1525
1526
1528
1529
1530
1531
1532
1533
1534
1536
1537
1539
1540
1541
1542
1543
1544
1545
1546
1548
1549
1550
1551
1553
1554
1555
1556
1557
1558
1559
1560
1561
1562
1563
1564
1565
1567
1569
1570
1571
1572
1573
1575
1576
1577
1578
1579
1580
1582
1583
1584
1585
1586
1588
1589
1590
1591
1592
1594
1595
1596
1597
1598
1599
1601
1602
1603
1610
1611
1612
1616
1618
1620
1621
1622
1623
1624
1625
1628
1629
1631
1632
1634
1635
1636
1637
1640
1641
1643
1644
1645
1647
1648
1649
1651
1652
1653
1656
1658
1659
1660
1661
1662
1663
1664
1665
1667
1668
1669
1670
1671
1672
1675
1676
1677
1678
1680
1682
1683
1684
1685
1686
1689
1690
1691
1692
1696
1697
1699
1701
1703
1704
1705
1706
1707
1708
1709
1710
1711
1712
1713
1714
1715
1717
1718
1719
1720
1722
1724
1727
1728
1729
1730
1731
1732
1734
1736
1737
1740
1741
1742
1743
1744
1745
1746
1747
1748
1750
1751
1752
1753
1756
1757
1758
1760
1761
1762
1763
1764
1765
1767
1769
1770
1771
1772
1773
1774
1775
1779
1781
1782
1783
1784
1786
1787
1788
1789
1790
1791
1793
1796
1797
1798
1799
1800
1801
1802
1804
1808
1810
1812
1816
1817
1818
1819
1822
1824
1826
1828
1830
1833
1834
1835
1836
1838
1839
1840
1841
1842
1845
1846
1848
1849
1850
1851
1852
1853
1855
1856
1857
1858
1862
1864
1866
1867
1868
1869
1871
1872
1873
1875
1876
1880
1881
1882
1883
1885
1886
1887
1890
1891
1894
1895
1896
1897
1898
1899
1901
1902
1903
1904
1906
1907
1908
1909
1912
1914
1915
1916
1917
1920
1921
1922
1923
1924
1925
1926
1927
1929
1930
1931
1933
1934
1937
1938
1940
1941
1942
1943
1945
1946
1948
1950
1951
1952
1954
1955
1958
1959
1960
1961
1964
1965
1966
1967
1968
1969
1970
1971
1973
1974
1976
1977
1979
1981
1982
1983
1984
1985
1986
1987
1988
1989
1994
1996
1998
1999
2000
2001
2002
2003
2004
2005
2007
2008
2009
2010
2011
2012
2013
2014
2015
2016
2017
2018
2019
2020
2021
2022
2023
2024
2025
2026
2027
2028
2029
2030
2031
2032
2033
2034
2035
2036
2037
2038
2039
2040
2041
2042
2043
2044
2045
2046
2047
2048
2049
2050
2051
2052
2053
2054
2055
2056
2057
2058
2059
2060
2061
2062
2063
2064
2065
2066
2067
2068
2069
2070
2071
2072
2073
2074
2075
2076
2077
2078
2079
2080
2081
2082
2083
2084
