0
1
2
3
5
6
8
10
11
12
14
16
17
18
20
21
22
24
26
28
31
33
34
38
39
41
42
44
46
48
54
56
57
58
59
60
61
63
65
66
67
68
70
71
72
73
74
75
76
78
81
84
88
89
90
93
96
97
99
101
104
107
110
111
112
114
115
117
118
122
123
124
128
130
134
135
138
139
141
143
144
145
148
150
151
154
158
161
162
163
164
166
169
177
178
180
183
185
186
187
188
192
195
197
200
201
202
203
206
208
211
214
216
217
219
222
224
225
226
228
231
233
234
238
239
243
246
247
250
251
253
254
255
257
258
259
261
263
265
266
267
268
269
270
271
272
273
274
275
276
277
282
284
287
290
291
292
294
295
299
301
306
307
308
313
314
316
318
322
323
324
327
328
329
330
331
332
333
335
336
339
340
342
343
344
346
348
349
354
357
359
360
361
362
364
367
368
370
374
375
376
377
378
379
384
385
386
387
388
389
390
391
392
400
408
410
411
412
417
418
420
421
424
426
427
429
430
431
432
433
434
435
436
437
438
439
440
441
445
447
452
454
457
461
463
465
468
473
474
475
476
478
479
480
481
482
484
488
490
491
494
495
496
499
501
504
507
508
509
510
511
512
513
514
518
522
524
525
527
528
529
532
533
534
536
539
542
544
546
547
548
549
554
558
560
561
563
564
567
571
572
574
576
579
582
584
587
589
590
593
594
595
597
598
599
600
602
604
605
607
608
610
613
614
617
618
619
620
622
623
624
625
626
628
629
633
634
635
636
638
642
648
649
650
651
652
655
656
658
659
662
668
669
670
673
674
678
680
682
685
686
687
693
695
699
701
702
703
705
711
716
719
723
724
726
728
732
737
738
743
746
749
751
756
761
765
766
770
775
776
778
779
781
782
783
784
788
793
797
801
802
803
805
808
812
813
814
815
817
818
820
822
823
824
825
826
827
833
835
838
839
840
841
843
845
846
848
851
858
861
863
864
865
866
867
870
874
875
876
878
882
883
886
887
888
892
893
894
896
897
901
902
904
908
909
911
912
913
914
916
917
919
920
922
923
928
929
930
931
932
934
936
937
938
941
948
949
950
954
956
957
958
960
961
962
963
964
967
968
969
972
973
975
977
980
981
983
984
985
986
987
988
991
994
995
999
1001
1002
1005
1006
1007
1009
1012
1013
1014
1016
1019
1021
1025
1027
1029
1030
1033
1035
1040
1041
1047
1048
1049
1050
1051
1052
1054
1059
1061
1063
1066
1068
1071
1072
1074
1078
1079
1080
1081
1085
1086
1088
1090
1093
1096
1097
1098
1104
1105
1106
1107
1108
1110
1111
1113
1115
1116
1118
1121
1122
1124
1126
1127
1128
1130
1133
1136
1140
1141
1143
1147
1148
1153
1154
1155
1156
1158
1159
1160
1162
1163
1166
1169
1171
1174
1175
1177
1180
1182
1183
1185
1188
1190
1191
1193
1194
1195
1196
1197
1198
1199
1200
1203
1204
1207
1208
1209
1211
1215
1217
1218
1219
1221
1222
1228
1231
1233
1236
1238
1240
1249
1251
1252
1253
1254
1256
1257
1258
1260
1261
1262
1267
1270
1274
1275
1276
1282
1284
1287
1288
1289
1290
1291
1292
1294
1295
1296
1299
1301
1305
1309
1310
1312
1313
1315
1316
1318
1319
1321
1323
1324
1325
1326
1328
1329
1330
1339
1340
1342
1343
1345
1348
1349
1351
1353
1357
1358
1359
1361
1365
1369
1375
1376
1380
1383
1385
1386
1387
1388
1389
1390
1391
1395
1398
1399
1402
1404
1411
1413
1414
1415
1417
1418
1419
1420
1421
1422
1424
1427
1429
1433
1435
1436
1440
1443
1446
1447
1449
1461
1462
1463
1464
1468
1471
1472
1479
1480
1482
1488
1489
1491
1492
1494
1495
1496
1498
1499
1500
1501
1502
1505
1506
1508
1511
1512
1516
1518
1520
1522
1523
1525
1526
1527
1529
1531
1533
1535
1537
1540
1544
1548
1552
1556
1558
1559
1561
1562
1564
1565
1566
1567
1568
1569
1571
1572
1573
1575
1576
1578
1580
1583
1584
1586
1587
1589
1591
1593
1594
1595
1610
1611
1612
1613
1616
1617
1619
1624
1626
1627
1629
1634
1635
1636
1638
1640
1643
1644
1645
1648
1649
1650
1651
1656
1659
1660
1665
1666
1667
1668
1669
1672
1674
1677
1678
1683
1688
1689
1691
1692
1693
1698
1699
1701
1705
1709
1710
1711
1712
1714
1715
1717
1718
1721
1723
1724
1726
1727
1731
1732
1734
1739
1742
1744
1746
1755
1757
1760
1761
1763
1764
1765
1767
1768
1771
1773
1774
1780
1782
1783
1786
1789
1790
1791
1793
1795
1796
1797
1805
1806
1807
1808
1812
1817
1819
1820
1821
1825
1826
1829
1838
1839
1841
1843
1845
1849
1850
1853
1855
1857
1858
1860
1862
1865
1869
1870
1873
1876
1877
1879
1880
1881
1882
1885
1886
1889
1891
1892
1895
1896
1897
1898
1901
1904
1909
1913
1918
1919
1922
1925
1928
1936
1937
1940
1941
1942
1943
1944
1945
1947
1953
1954
1955
1958
1963
1965
1968
1969
1971
1972
1973
1974
1979
1981
1982
1983
1989
1991
1992
1993
1994
1996
1998
2000
2001
2002
2003
2004
2005
2006
2007
2008
2009
2012
2013
2014
2015
2016
2017
2018
2019
2022
2024
2025
2027
2028
2029
2030
2031
2032
2033
2034
2035
2036
2037
2038
2039
2040
2041
2042
2043
2044
2046
2047
2048
2049
2050
2051
2052
2053
2054
2055
2056
2057
2058
2059
2062
2063
2064
2065
2067
2068
2069
2070
2071
2072
2073
2074
2075
2076
2078
2079
2080
2081
2082
2083
2084
