0
2
3
4
5
11
12
13
15
17
19
21
22
23
24
25
26
30
32
35
38
41
44
45
47
49
51
53
54
59
61
62
63
64
66
67
69
71
72
73
75
77
79
80
83
84
85
86
88
92
94
95
97
99
101
102
103
105
107
111
112
114
115
117
120
122
123
124
126
127
129
130
132
134
137
138
139
141
142
143
148
149
151
156
158
162
163
165
166
167
170
171
174
177
180
181
183
184
186
190
193
194
200
205
206
207
208
209
211
218
219
221
222
225
227
228
230
232
233
235
238
243
246
247
251
252
253
257
260
261
262
264
265
266
268
270
272
274
278
280
284
285
288
289
290
291
294
297
298
300
301
302
304
305
308
312
314
317
320
326
327
328
329
330
331
332
334
335
336
337
340
344
350
353
357
358
359
363
365
367
368
369
376
377
381
383
384
392
395
397
399
400
402
404
407
408
411
414
416
418
420
421
422
424
426
427
429
430
431
434
435
436
437
441
442
443
445
450
453
454
463
468
477
478
482
483
484
485
486
488
489
490
491
492
493
494
497
499
500
503
512
513
519
520
521
524
528
530
531
532
534
536
537
542
547
550
554
555
556
558
559
560
561
564
565
569
570
571
574
577
578
593
594
598
601
602
603
604
605
607
609
610
611
617
618
619
620
622
623
625
626
628
629
630
632
633
634
636
638
642
643
646
648
650
651
652
653
654
655
656
657
659
660
662
665
667
668
670
671
675
676
678
679
680
681
685
686
691
695
698
699
703
706
707
708
711
713
715
720
721
722
723
724
725
726
727
729
732
734
746
748
749
751
752
754
759
761
770
773
775
776
777
778
783
784
785
787
788
789
790
792
794
797
800
801
802
803
807
809
810
814
817
818
820
821
823
826
827
828
831
832
833
834
835
839
840
842
843
844
845
846
847
848
850
851
853
856
858
863
864
865
866
868
874
878
882
883
884
885
887
888
889
890
891
892
893
894
895
896
897
899
901
902
903
904
907
908
911
913
915
918
919
920
922
925
928
929
930
932
934
935
938
939
941
943
945
946
949
950
951
954
957
958
960
962
965
966
967
969
971
972
975
976
979
980
981
982
986
987
991
992
993
996
997
1000
1001
1002
1008
1009
1010
1011
1013
1014
1016
1017
1018
1020
1022
1024
1028
1029
1032
1033
1034
1035
1044
1046
1047
1049
1050
1051
1057
1059
1061
1063
1064
1065
1069
1070
1071
1073
1074
1079
1080
1081
1083
1084
1089
1090
1093
1095
1099
1102
1103
1105
1106
1110
1111
1115
1120
1121
1122
1127
1128
1129
1131
1132
1133
1134
1138
1143
1145
1146
1148
1149
1153
1155
1156
1157
1161
1162
1167
1169
1175
1177
1179
1180
1181
1183
1185
1186
1188
1190
1192
1193
1194
1195
1197
1198
1199
1200
1201
1203
1204
1206
1210
1214
1215
1216
1217
1220
1221
1223
1228
1230
1232
1235
1236
1239
1240
1241
1244
1245
1247
1250
1256
1257
1259
1265
1267
1268
1270
1273
1274
1276
1279
1282
1284
1287
1288
1289
1294
1298
1301
1303
1308
1309
1310
1311
1312
1313
1315
1316
1317
1318
1321
1322
1324
1325
1326
1328
1330
1331
1333
1335
1336
1339
1342
1343
1344
1345
1349
1351
1352
1355
1357
1360
1362
1363
1365
1367
1369
1372
1374
1375
1377
1380
1382
1393
1395
1397
1398
1399
1409
1412
1415
1417
1419
1420
1422
1423
1424
1426
1427
1429
1431
1432
1434
1438
1446
1447
1448
1450
1452
1453
1455
1456
1460
1461
1462
1463
1468
1469
1471
1474
1476
1477
1484
1489
1490
1491
1493
1495
1505
1508
1510
1511
1512
1513
1518
1519
1520
1522
1524
1526
1528
1529
1530
1532
1533
1534
1535
1539
1544
1546
1548
1551
1552
1556
1557
1558
1561
1563
1565
1566
1567
1569
1571
1572
1575
1577
1579
1580
1583
1584
1586
1587
1588
1589
1590
1591
1594
1595
1596
1597
1599
1602
1603
1604
1605
1606
1609
1610
1611
1615
1616
1617
1618
1619
1621
1623
1624
1625
1628
1630
1631
1632
1636
1639
1641
1645
1648
1654
1655
1656
1660
1661
1662
1663
1665
1666
1667
1670
1673
1675
1676
1677
1679
1680
1682
1683
1684
1687
1688
1690
1691
1692
1693
1694
1695
1700
1705
1706
1707
1709
1710
1715
1717
1718
1719
1722
1723
1724
1728
1730
1736
1739
1740
1742
1744
1745
1746
1747
1750
1751
1752
1753
1757
1758
1760
1763
1765
1768
1769
1770
1772
1773
1777
1783
1787
1794
1798
1802
1803
1807
1810
1811
1812
1814
1815
1820
1821
1822
1824
1825
1827
1831
1838
1839
1840
1841
1843
1845
1846
1847
1852
1853
1854
1855
1856
1859
1860
1861
1864
1866
1867
1868
1869
1870
1871
1873
1875
1877
1880
1881
1882
1885
1886
1887
1889
1891
1894
1895
1900
1902
1903
1904
1905
1907
1909
1915
1916
1919
1920
1924
1926
1930
1935
1936
1938
1939
1941
1943
1947
1950
1951
1955
1956
1957
1958
1960
1962
1964
1969
1970
1973
1974
1975
1978
1979
1981
1983
1984
1991
1992
1993
1994
1996
1997
2000
2001
2002
2003
2004
2005
2007
2008
2009
2010
2011
2012
2013
2014
2015
2016
2017
2018
2019
2020
2021
2022
2023
2024
2025
2026
2027
2028
2029
2030
2031
2032
2033
2034
2035
2036
2037
2038
2039
2040
2041
2042
2043
2044
2045
2046
2047
2048
2049
2050
2051
2052
2053
2054
2055
2056
2057
2058
2059
2060
2061
2062
2063
2064
2065
2067
2068
2069
2070
2071
2072
2073
2074
2075
2076
2077
2078
2079
2080
2081
2082
2083
2084
