0
1
2
3
4
6
8
9
10
11
12
14
15
17
18
19
23
24
25
26
29
30
31
33
34
35
39
40
41
42
44
45
46
47
48
49
51
52
53
55
56
58
60
61
63
64
65
66
67
68
69
73
74
75
76
77
78
80
81
82
83
86
87
89
90
91
93
94
95
96
99
101
103
104
105
106
107
109
110
111
113
116
118
119
120
121
123
125
128
129
130
131
132
133
137
138
139
141
143
145
147
148
150
151
153
154
155
156
157
158
160
161
163
166
167
169
170
172
173
174
175
176
178
180
181
182
183
185
187
188
189
190
191
192
193
194
195
196
197
198
199
202
204
205
207
208
209
211
213
215
217
218
219
223
224
225
227
229
232
233
234
235
239
240
241
243
244
246
249
251
252
254
255
256
257
258
259
261
262
263
264
265
266
267
268
269
270
271
272
273
274
275
276
277
278
281
282
283
284
286
287
288
290
291
292
293
294
296
297
298
299
300
301
304
305
309
311
313
314
315
317
318
319
320
321
323
324
325
326
327
328
329
330
332
333
334
335
336
337
338
341
343
344
345
346
347
348
349
350
351
352
353
354
355
357
358
359
360
361
362
363
364
366
367
368
369
370
371
372
373
374
375
376
381
383
384
385
386
387
388
389
390
392
393
394
396
397
399
400
401
402
403
404
405
409
410
411
412
413
414
415
416
417
421
422
423
424
425
426
427
428
429
430
431
432
433
434
435
436
437
440
442
443
444
445
447
449
450
451
452
453
454
455
457
458
461
465
468
469
470
471
472
473
474
476
477
479
480
481
482
484
485
487
488
489
490
492
493
494
495
496
497
498
499
500
501
502
503
504
505
506
507
508
509
510
512
513
515
516
518
521
524
525
526
527
528
529
531
532
533
534
535
536
537
540
542
543
544
545
546
547
549
552
553
554
555
556
558
560
561
562
563
564
565
566
567
571
572
574
576
577
579
580
581
582
583
584
586
587
588
590
591
592
593
594
595
596
597
598
600
603
604
607
609
611
612
613
614
616
617
618
619
620
622
623
624
625
628
630
631
632
633
634
636
638
639
640
641
643
645
646
647
649
651
653
654
655
656
657
658
661
663
665
667
668
670
671
672
673
674
675
677
678
681
682
684
685
687
689
691
692
694
695
697
698
699
700
701
703
704
706
707
708
709
712
713
714
715
716
718
721
722
723
725
727
728
729
730
731
733
734
735
736
738
739
740
741
743
744
746
747
748
749
751
752
753
754
755
759
760
761
762
763
765
768
769
771
772
773
775
777
778
779
780
781
782
784
785
786
787
789
791
792
793
794
796
797
799
800
801
802
803
804
807
809
810
813
814
815
816
817
819
820
821
823
824
826
827
828
829
830
831
832
834
836
837
838
839
840
841
842
845
846
847
848
849
850
851
852
853
854
855
856
857
858
859
860
862
864
867
868
869
871
872
873
874
875
876
878
880
881
882
883
884
885
888
889
890
891
895
896
898
899
902
904
905
906
908
909
911
913
914
915
916
917
918
920
921
926
927
928
929
931
932
933
934
935
936
937
938
939
940
941
942
943
944
945
947
948
949
950
951
952
953
954
955
957
958
959
960
964
965
966
967
968
973
974
975
977
978
979
982
983
986
987
988
989
994
995
996
998
999
1000
1001
1002
1003
1005
1006
1007
1009
1010
1012
1013
1014
1015
1016
1019
1020
1021
1023
1024
1026
1027
1028
1029
1030
1031
1032
1033
1034
1035
1036
1037
1038
1039
1040
1042
1043
1044
1046
1047
1048
1049
1050
1052
1054
1056
1058
1060
1062
1063
1064
1065
1066
1067
1068
1069
1070
1071
1072
1074
1075
1076
1077
1078
1081
1082
1083
1085
1086
1087
1088
1089
1090
1091
1092
1094
1095
1096
1097
1098
1099
1102
1103
1104
1106
1109
1110
1111
1112
1113
1115
1116
1117
1118
1119
1120
1123
1124
1125
1126
1127
1128
1129
1130
1131
1132
1133
1134
1135
1138
1139
1140
1141
1142
1143
1144
1145
1146
1147
1148
1149
1150
1151
1153
1154
1155
1156
1158
1159
1160
1161
1162
1163
1164
1166
1167
1168
1170
1171
1172
1174
1175
1176
1177
1178
1179
1180
1184
1185
1188
1190
1191
1192
1193
1194
1195
1196
1197
1199
1200
1201
1203
1204
1205
1206
1209
1210
1212
1213
1214
1215
1216
1217
1218
1220
1221
1222
1223
1224
1225
1226
1227
1228
1230
1231
1232
1233
1234
1235
1236
1237
1239
1240
1241
1242
1243
1246
1247
1249
1250
1251
1252
1253
1254
1255
1256
1257
1259
1260
1261
1265
1266
1267
1268
1269
1270
1272
1273
1274
1275
1276
1278
1279
1280
1281
1282
1285
1286
1287
1288
1289
1290
1291
1292
1293
1294
1295
1296
1297
1298
1300
1301
1304
1305
1306
1307
1308
1309
1310
1311
1312
1314
1315
1316
1318
1319
1320
1321
1322
1323
1324
1325
1328
1329
1330
1333
1334
1335
1338
1341
1342
1343
1345
1346
1347
1350
1351
1352
1353
1355
1356
1357
1358
1360
1361
1363
1364
1365
1367
1368
1369
1370
1371
1372
1375
1376
1377
1378
1379
1380
1381
1382
1386
1387
1388
1389
1390
1391
1392
1393
1396
1397
1398
1399
1400
1401
1402
1403
1404
1405
1407
1409
1410
1411
1412
1414
1415
1416
1417
1418
1419
1420
1421
1422
1423
1424
1425
1428
1429
1430
1432
1434
1435
1436
1438
1440
1442
1443
1444
1445
1446
1447
1448
1450
1451
1452
1457
1458
1461
1462
1463
1465
1468
1469
1470
1472
1473
1474
1475
1477
1478
1481
1483
1484
1486
1488
1489
1490
1492
1493
1494
1495
1496
1497
1498
1499
1500
1501
1502
1505
1507
1508
1511
1512
1513
1514
1517
1518
1519
1520
1522
1523
1524
1525
1526
1527
1528
1529
1530
1534
1535
1537
1540
1541
1543
1544
1545
1546
1547
1549
1550
1551
1552
1553
1554
1555
1556
1557
1558
1560
1561
1564
1565
1566
1567
1568
1569
1570
1571
1573
1574
1575
1578
1579
1581
1584
1585
1586
1587
1589
1590
1591
1592
1595
1596
1598
1599
1601
1602
1603
1604
1605
1606
1607
1610
1611
1612
1613
1614
1616
1617
1618
1621
1622
1623
1627
1628
1629
1630
1631
1632
1633
1634
1635
1636
1637
1638
1640
1641
1644
1645
1646
1647
1648
1649
1651
1652
1654
1655
1656
1657
1658
1660
1662
1663
1665
1666
1667
1668
1669
1671
1672
1673
1674
1676
1677
1680
1681
1682
1683
1685
1686
1688
1690
1693
1694
1695
1696
1697
1698
1699
1700
1702
1703
1704
1705
1706
1707
1708
1709
1710
1711
1712
1714
1715
1717
1718
1719
1720
1721
1722
1723
1725
1727
1728
1729
1730
1731
1732
1733
1734
1735
1736
1737
1740
1741
1742
1743
1744
1745
1746
1747
1750
1751
1752
1753
1755
1756
1757
1758
1760
1761
1762
1763
1765
1767
1768
1770
1771
1773
1774
1775
1777
1779
1780
1781
1782
1784
1788
1789
1790
1791
1794
1795
1796
1799
1800
1802
1804
1805
1806
1811
1812
1814
1816
1818
1819
1822
1823
1824
1826
1827
1828
1830
1831
1832
1833
1834
1836
1837
1838
1839
1841
1842
1843
1844
1845
1846
1847
1848
1849
1850
1851
1852
1854
1857
1858
1859
1860
1861
1862
1863
1864
1865
1866
1867
1868
1869
1870
1871
1872
1873
1874
1875
1876
1878
1880
1881
1882
1883
1884
1885
1886
1887
1888
1889
1891
1892
1894
1895
1897
1898
1899
1900
1901
1902
1903
1906
1908
1909
1911
1912
1913
1914
1915
1916
1917
1921
1922
1923
1924
1925
1926
1927
1928
1929
1930
1931
1932
1933
1934
1935
1936
1937
1938
1940
1942
1943
1944
1948
1950
1951
1952
1954
1955
1956
1957
1958
1959
1960
1962
1963
1964
1965
1966
1967
1969
1970
1971
1972
1973
1974
1975
1976
1977
1979
1980
1981
1982
1983
1984
1986
1987
1988
1990
1991
1993
1994
1999
2000
2001
2002
2003
2004
2005
2006
2007
2008
2009
2010
2011
2012
2013
2014
2015
2016
2017
2019
2020
2021
2022
2023
2024
2025
2026
2027
2028
2029
2030
2031
2032
2033
2034
2035
2036
2037
2038
2039
2040
2041
2042
2043
2044
2045
2046
2047
2048
2049
2050
2051
2052
2053
2054
2055
2056
2057
2058
2059
2060
2061
2062
2063
2064
2065
2066
2067
2068
2069
2070
2071
2072
2073
2074
2075
2076
2078
2079
2080
2081
2082
2083
2084
