13
23
56
97
110
115
117
126
135
202
211
222
223
241
243
249
256
272
276
278
301
306
314
326
327
331
353
360
367
372
385
392
407
411
416
420
444
445
473
483
485
486
499
506
516
567
628
632
655
662
669
701
702
708
716
731
733
745
761
770
778
796
805
808
812
832
836
840
867
869
878
880
914
916
923
935
936
938
948
951
960
974
984
987
990
1006
1012
1013
1014
1051
1066
1071
1091
1101
1103
1106
1111
1121
1123
1135
1167
1181
1185
1198
1201
1215
1220
1225
1255
1261
1272
1276
1279
1285
1286
1301
1313
1316
1340
1345
1347
1385
1389
1421
1480
1488
1490
1491
1496
1510
1532
1538
1543
1544
1550
1555
1557
1562
1592
1602
1608
1609
1622
1623
1631
1644
1649
1651
1654
1663
1670
1689
1697
1703
1712
1731
1732
1735
1747
1760
1768
1769
1789
1795
1797
1808
1813
1815
1818
1821
1828
1858
1879
1881
1894
1903
1904
1941
1963
1978
2000
2001
2003
2004
2007
2009
2010
2012
2015
2019
2022
2023
2026
2027
2028
2035
2036
2038
2044
2050
2056
2061
2071
2072
2074
2075
2076
2083
