0
1
4
5
8
11
18
28
29
39
42
43
44
46
51
55
58
59
62
65
67
73
76
83
84
91
111
121
122
132
138
139
147
148
150
151
177
180
182
185
186
191
194
199
206
207
215
225
226
229
230
235
245
246
247
249
252
254
256
259
261
262
271
275
278
281
288
289
291
292
297
301
304
318
325
328
331
336
337
339
345
347
348
366
367
368
369
370
371
399
400
403
407
413
416
420
422
424
425
426
428
430
433
434
435
436
444
449
454
460
465
472
482
485
489
491
492
495
496
503
513
516
531
542
549
556
560
561
564
565
568
571
574
578
584
592
595
602
604
605
606
607
622
624
625
631
632
643
646
650
652
657
658
665
666
680
682
683
691
693
696
697
703
709
712
723
724
725
731
733
734
737
739
745
746
757
760
761
764
774
776
777
778
782
789
793
796
802
803
804
813
826
829
830
833
835
836
845
851
858
863
864
865
873
878
881
882
883
887
894
895
897
898
906
909
916
917
922
923
927
929
930
931
935
939
941
946
951
954
955
957
959
960
962
967
982
984
990
994
1006
1008
1014
1018
1019
1021
1028
1035
1039
1040
1041
1050
1053
1057
1061
1062
1081
1089
1095
1101
1112
1127
1128
1132
1133
1146
1153
1167
1168
1169
1173
1177
1186
1187
1193
1194
1197
1199
1200
1201
1204
1205
1216
1228
1237
1240
1245
1247
1248
1250
1253
1254
1257
1258
1263
1270
1277
1278
1279
1284
1293
1302
1306
1307
1311
1316
1328
1329
1340
1341
1342
1344
1345
1346
1349
1354
1366
1369
1370
1376
1377
1379
1388
1396
1397
1399
1404
1409
1411
1413
1417
1423
1427
1430
1431
1433
1434
1450
1451
1455
1458
1459
1460
1461
1464
1465
1468
1475
1488
1489
1491
1492
1495
1498
1502
1505
1515
1518
1523
1540
1541
1543
1544
1550
1552
1553
1565
1573
1580
1581
1590
1592
1596
1597
1602
1610
1615
1617
1618
1619
1620
1623
1624
1627
1630
1635
1639
1646
1648
1651
1653
1654
1657
1666
1673
1681
1685
1688
1692
1693
1702
1706
1707
1720
1726
1728
1730
1749
1756
1765
1766
1768
1775
1777
1779
1781
1789
1818
1822
1826
1829
1834
1837
1839
1841
1844
1850
1852
1855
1864
1867
1870
1873
1875
1880
1881
1885
1887
1889
1902
1909
1911
1916
1917
1918
1926
1930
1931
1954
1960
1962
1964
1969
1970
1971
1973
1979
1988
1993
2000
2001
2003
2004
2005
2007
2009
2010
2011
2012
2013
2014
2015
2016
2017
2018
2019
2020
2021
2022
2023
2024
2027
2028
2029
2030
2031
2035
2036
2037
2038
2040
2041
2042
2044
2047
2048
2049
2050
2051
2052
2054
2056
2058
2061
2064
2065
2066
2067
2068
2069
2070
2071
2073
2074
2075
2076
2077
2078
2079
2081
2083
2084
