1
3
5
6
11
12
13
18
20
21
22
23
24
25
26
28
29
33
35
36
41
44
46
47
48
51
55
56
59
60
61
69
71
72
73
75
76
77
80
82
83
86
87
88
90
91
94
98
100
101
102
104
108
109
111
113
116
119
120
122
124
126
129
131
132
133
135
136
137
138
141
142
143
144
145
147
148
149
150
151
152
157
158
160
163
164
167
170
171
172
177
178
179
182
183
184
187
189
191
192
197
198
204
205
206
207
213
214
216
217
218
219
223
225
226
228
230
231
233
235
237
240
241
242
243
244
245
247
248
249
250
252
253
257
263
264
266
267
269
272
275
276
278
281
283
284
285
287
288
289
291
292
293
294
295
296
297
300
303
304
305
306
307
313
314
315
316
317
320
322
324
325
328
329
330
331
333
334
338
339
341
342
345
347
348
349
351
352
353
355
357
358
360
362
364
366
367
371
372
373
374
375
377
378
379
380
383
384
385
386
389
395
399
400
401
409
410
411
412
416
419
420
421
424
427
428
429
431
432
433
434
437
441
445
447
448
451
456
458
462
463
465
466
467
468
469
474
478
479
481
482
485
486
487
490
493
494
495
496
498
500
501
502
503
504
509
512
513
514
515
516
517
518
519
521
523
525
527
530
531
532
533
534
535
538
539
545
546
547
549
550
553
554
555
556
558
559
563
571
574
575
578
579
583
584
585
586
588
591
593
595
596
597
598
600
604
608
610
611
614
621
624
625
626
627
629
633
636
638
639
642
645
646
647
648
649
652
655
656
657
658
660
661
662
663
665
666
667
668
670
671
672
673
684
685
688
690
691
692
701
705
708
712
713
714
718
720
722
724
725
726
729
732
733
734
735
736
737
741
742
744
745
746
747
748
749
753
754
755
756
758
759
760
763
764
766
770
771
772
778
779
781
782
783
784
785
788
789
790
794
795
796
797
801
802
808
810
811
812
816
821
825
826
828
830
832
835
836
837
839
841
843
845
848
849
852
856
858
864
866
870
872
874
878
880
881
882
884
885
886
887
888
890
893
895
896
897
898
899
901
902
905
907
908
910
911
912
916
919
920
923
925
928
931
932
935
936
937
939
940
941
943
945
946
951
952
954
955
957
962
964
967
968
969
970
972
974
977
985
986
987
989
992
993
997
998
999
1002
1004
1006
1007
1008
1009
1010
1011
1012
1013
1014
1015
1016
1020
1021
1024
1027
1030
1031
1032
1033
1035
1037
1040
1041
1042
1044
1046
1047
1048
1053
1056
1058
1059
1062
1063
1066
1071
1073
1075
1076
1077
1082
1083
1084
1086
1089
1090
1092
1094
1095
1096
1097
1098
1099
1101
1102
1103
1104
1107
1108
1110
1112
1113
1117
1118
1121
1124
1125
1127
1128
1129
1132
1134
1135
1140
1141
1142
1145
1149
1151
1153
1154
1155
1156
1157
1158
1159
1165
1168
1169
1170
1173
1175
1178
1179
1180
1181
1183
1184
1185
1190
1198
1199
1200
1202
1203
1205
1206
1211
1212
1213
1214
1216
1222
1223
1224
1225
1228
1231
1235
1236
1238
1239
1245
1246
1251
1253
1254
1257
1258
1260
1262
1263
1268
1272
1273
1279
1280
1281
1284
1290
1291
1292
1294
1295
1298
1299
1300
1301
1303
1304
1305
1307
1312
1313
1314
1315
1318
1321
1322
1323
1324
1326
1327
1330
1331
1336
1341
1343
1344
1347
1350
1351
1355
1358
1359
1364
1365
1368
1370
1373
1374
1379
1380
1382
1385
1387
1390
1391
1395
1396
1397
1398
1399
1401
1403
1404
1408
1411
1417
1419
1420
1423
1424
1425
1431
1432
1441
1442
1443
1446
1447
1448
1450
1455
1461
1462
1463
1466
1467
1469
1472
1474
1475
1478
1483
1488
1489
1490
1491
1492
1494
1496
1500
1502
1503
1508
1510
1513
1514
1518
1522
1523
1527
1528
1529
1531
1532
1535
1536
1537
1538
1540
1541
1542
1543
1546
1547
1549
1551
1552
1555
1556
1557
1559
1562
1563
1564
1565
1566
1568
1569
1570
1573
1575
1578
1579
1580
1581
1582
1583
1584
1585
1590
1591
1593
1594
1595
1596
1597
1605
1606
1607
1610
1612
1614
1615
1618
1619
1620
1621
1623
1624
1625
1632
1635
1636
1637
1639
1640
1644
1649
1651
1654
1658
1660
1662
1665
1666
1668
1669
1670
1672
1677
1684
1685
1688
1693
1694
1695
1696
1697
1700
1703
1705
1706
1708
1712
1715
1717
1719
1720
1721
1723
1724
1726
1727
1732
1735
1737
1738
1740
1741
1743
1746
1747
1748
1750
1751
1753
1758
1760
1762
1763
1764
1765
1768
1769
1772
1775
1776
1777
1779
1781
1783
1784
1786
1787
1788
1789
1794
1795
1797
1801
1805
1810
1813
1814
1815
1817
1820
1822
1824
1825
1827
1828
1831
1835
1836
1839
1841
1842
1843
1846
1847
1850
1852
1858
1862
1863
1864
1866
1867
1868
1869
1870
1873
1874
1879
1880
1881
1882
1883
1885
1886
1887
1888
1890
1898
1901
1902
1903
1906
1907
1908
1909
1919
1920
1921
1926
1927
1931
1932
1935
1939
1940
1941
1943
1945
1947
1953
1956
1958
1960
1961
1965
1971
1975
1976
1977
1978
1980
1983
1984
1985
1989
1991
1993
1997
2000
2001
2003
2004
2005
2006
2007
2008
2010
2011
2012
2014
2017
2018
2019
2020
2021
2022
2023
2024
2025
2026
2027
2028
2030
2031
2033
2035
2036
2037
2038
2040
2042
2043
2044
2046
2047
2048
2049
2050
2051
2052
2054
2056
2057
2059
2061
2062
2063
2064
2065
2068
2069
2070
2071
2072
2073
2075
2076
2077
2078
2080
2082
2083
2084
