3
4
5
9
10
11
13
21
22
23
25
30
34
38
47
52
58
61
64
78
79
80
82
83
87
91
93
98
104
106
123
137
138
139
142
150
155
167
170
172
174
177
190
202
206
211
215
216
221
225
227
236
238
244
253
259
261
264
265
270
275
282
288
294
295
300
301
306
319
321
323
324
326
329
330
333
336
342
346
356
359
360
363
366
368
371
376
379
383
384
385
387
395
399
400
404
406
418
422
428
430
434
435
472
474
477
484
490
497
505
508
509
513
515
522
526
529
530
534
537
542
544
545
552
560
564
567
568
578
579
583
591
593
598
611
613
622
625
629
635
651
658
662
663
668
670
680
682
683
684
685
691
692
693
699
702
713
714
716
722
728
729
733
734
743
746
749
750
752
756
760
761
766
771
774
776
778
780
783
784
786
818
821
823
834
835
836
838
840
851
854
874
878
880
885
886
889
892
896
905
913
915
918
920
929
937
941
949
968
971
972
980
982
985
987
993
1006
1008
1011
1013
1016
1020
1023
1029
1037
1039
1044
1047
1049
1061
1066
1070
1081
1090
1103
1105
1109
1124
1127
1128
1129
1132
1135
1136
1138
1140
1143
1144
1145
1147
1164
1166
1171
1178
1180
1185
1187
1190
1196
1202
1203
1208
1214
1217
1220
1221
1222
1228
1233
1236
1237
1249
1255
1259
1261
1262
1264
1268
1270
1276
1290
1291
1292
1301
1306
1316
1328
1330
1338
1343
1345
1347
1357
1358
1367
1370
1380
1381
1389
1395
1406
1414
1417
1421
1429
1432
1443
1446
1447
1450
1454
1460
1471
1475
1480
1485
1488
1489
1490
1493
1494
1495
1500
1501
1516
1518
1521
1522
1529
1537
1541
1551
1559
1561
1563
1565
1566
1578
1582
1583
1585
1586
1587
1589
1597
1602
1604
1606
1610
1611
1612
1619
1620
1631
1634
1636
1650
1653
1656
1659
1664
1667
1677
1678
1688
1689
1693
1694
1702
1707
1709
1713
1718
1719
1720
1724
1726
1734
1740
1741
1742
1744
1746
1748
1752
1754
1761
1767
1775
1786
1789
1790
1797
1805
1806
1812
1819
1822
1833
1837
1845
1849
1850
1864
1866
1867
1868
1873
1876
1877
1881
1882
1886
1887
1891
1894
1895
1905
1906
1909
1924
1925
1933
1934
1940
1941
1944
1945
1951
1958
1959
1962
1964
1969
1974
1975
1976
1981
1982
1988
1990
1991
1992
1994
1998
2001
2002
2003
2004
2005
2007
2008
2009
2010
2011
2012
2013
2014
2015
2016
2017
2018
2019
2020
2021
2022
2023
2024
2025
2027
2028
2029
2030
2031
2032
2033
2034
2035
2036
2037
2038
2039
2040
2041
2042
2043
2044
2046
2047
2048
2049
2050
2051
2052
2053
2055
2059
2061
2062
2063
2064
2065
2066
2067
2068
2069
2070
2071
2072
2073
2074
2075
2076
2077
2078
2079
2080
2081
2082
2083
2084
