5
8
13
38
50
51
53
64
73
76
83
91
97
153
175
187
188
191
225
237
249
255
265
272
277
281
283
284
298
317
336
347
369
386
387
413
414
415
417
420
442
443
456
479
485
532
555
568
570
588
604
611
613
621
626
631
635
652
659
681
683
685
691
692
693
694
743
747
752
760
778
783
785
868
905
918
920
923
938
957
994
996
1001
1012
1013
1014
1043
1046
1052
1074
1089
1099
1102
1106
1121
1132
1140
1167
1170
1171
1185
1195
1197
1199
1203
1206
1231
1236
1244
1256
1265
1288
1296
1298
1299
1301
1315
1318
1322
1324
1335
1343
1374
1395
1396
1409
1410
1423
1431
1432
1434
1448
1455
1478
1482
1501
1521
1540
1554
1555
1559
1564
1565
1579
1594
1610
1612
1619
1622
1639
1641
1671
1673
1677
1690
1702
1719
1721
1765
1781
1789
1791
1793
1805
1811
1846
1852
1866
1867
1869
1872
1873
1886
1913
1927
1938
1994
2000
2002
2003
2004
2009
2013
2015
2019
2021
2022
2023
2025
2026
2028
2029
2031
2035
2039
2042
2051
2053
2056
2058
2059
2065
2067
2076
2079
2081
2082
2084
