5
9
18
23
42
62
64
83
91
95
99
100
120
139
146
156
167
172
177
181
184
185
191
218
237
244
259
269
275
286
287
303
324
331
336
357
358
359
386
411
422
434
437
439
470
481
491
501
519
529
535
545
559
580
617
720
723
725
731
733
743
746
753
765
772
817
825
827
863
869
871
878
885
929
936
943
947
948
967
968
975
1007
1012
1040
1048
1050
1064
1076
1084
1086
1090
1103
1105
1124
1146
1154
1166
1168
1170
1175
1180
1197
1199
1202
1225
1231
1254
1264
1279
1289
1301
1310
1322
1330
1333
1345
1380
1399
1409
1423
1433
1444
1475
1483
1496
1512
1542
1562
1591
1601
1619
1634
1642
1693
1747
1767
1768
1789
1790
1803
1829
1847
1852
1856
1867
1873
1933
1943
1954
1956
1962
1967
1989
2000
2005
2007
2008
2011
2012
2013
2014
2016
2017
2018
2019
2021
2022
2023
2025
2027
2028
2030
2032
2033
2036
2038
2039
2040
2041
2042
2043
2044
2045
2047
2048
2049
2050
2051
2052
2054
2056
2059
2061
2063
2065
2068
2069
2070
2071
2072
2073
2075
2076
2077
2079
2080
2081
2084
