0
1
2
3
4
5
6
7
8
9
10
11
13
14
16
19
21
22
23
24
25
28
29
30
33
34
35
36
37
38
42
43
44
46
47
48
49
52
53
54
55
58
59
60
61
62
63
64
65
67
69
70
72
75
76
77
78
79
80
81
82
83
84
85
86
87
88
89
90
91
93
94
95
97
98
100
101
104
105
106
107
109
111
112
113
114
115
116
117
120
121
122
123
125
126
129
130
131
133
135
136
137
138
139
142
144
147
148
149
150
151
152
153
155
156
157
158
160
161
162
163
165
166
167
168
169
170
172
173
174
175
176
177
178
179
183
185
186
188
190
195
197
198
199
201
202
205
206
207
208
209
210
211
215
216
220
221
223
224
225
227
228
231
232
233
235
236
237
238
239
240
242
244
245
246
247
248
250
251
252
253
254
255
256
257
258
259
260
261
262
263
264
265
266
267
268
269
270
273
274
275
276
277
278
279
281
282
286
287
288
289
290
292
293
294
295
297
299
300
301
302
303
306
307
308
309
310
311
312
313
314
316
317
318
319
320
321
322
323
324
325
326
327
328
329
330
331
332
333
334
336
337
338
340
342
343
345
346
349
350
352
353
354
355
356
357
358
359
360
361
362
363
364
365
366
367
368
371
372
374
376
377
379
380
381
382
383
384
385
386
387
388
390
391
395
396
397
399
400
401
404
405
406
407
408
409
412
414
415
416
418
420
421
422
423
425
427
428
429
431
434
435
436
437
438
439
440
442
446
447
448
449
450
451
452
453
454
455
459
460
462
463
464
465
466
467
468
472
473
474
475
477
479
480
481
483
484
485
487
488
489
490
491
492
494
495
496
497
498
499
500
501
502
504
505
508
509
510
513
515
517
518
521
522
523
525
526
527
528
529
530
531
533
534
536
537
538
539
541
542
543
544
545
546
548
549
550
551
552
553
554
555
556
558
559
560
561
563
564
565
566
567
568
569
571
572
573
575
578
579
580
581
582
583
584
586
587
591
592
593
594
596
597
598
600
601
603
604
605
606
607
609
611
613
614
615
616
617
619
620
621
622
625
627
628
629
631
633
634
635
639
641
642
643
645
646
648
649
650
651
653
655
656
657
658
660
662
663
664
665
666
667
668
669
670
672
675
676
679
680
681
682
683
684
685
686
687
691
692
693
694
697
698
699
700
701
702
703
704
705
706
707
709
711
713
714
715
716
722
723
726
727
728
729
730
731
732
733
734
735
740
743
744
746
747
748
749
750
751
752
753
754
756
757
759
760
761
762
763
764
765
766
767
768
769
770
771
773
774
775
776
777
778
779
780
783
784
785
786
789
790
791
792
793
794
796
797
800
801
802
803
804
805
806
807
808
809
810
812
813
814
816
818
819
820
821
823
826
828
829
831
832
833
834
835
836
837
838
839
840
843
844
847
848
849
850
851
854
858
860
861
865
867
869
873
874
875
876
877
878
879
880
881
882
883
885
886
887
889
890
891
892
893
894
896
897
898
899
900
902
905
907
909
910
913
914
915
916
918
919
920
922
924
927
929
930
931
934
936
937
939
941
943
944
945
946
948
949
951
952
955
956
957
958
959
961
962
964
966
968
970
971
972
973
974
975
977
979
980
981
982
984
985
986
987
989
991
992
993
994
995
996
997
998
999
1000
1001
1002
1003
1004
1005
1006
1007
1008
1009
1010
1011
1012
1013
1014
1016
1017
1019
1020
1023
1026
1029
1030
1031
1033
1034
1035
1036
1037
1039
1041
1042
1043
1044
1046
1047
1048
1049
1051
1053
1055
1056
1057
1058
1059
1061
1062
1063
1064
1066
1067
1068
1070
1071
1072
1074
1075
1077
1078
1079
1081
1083
1084
1085
1087
1088
1089
1090
1091
1092
1093
1094
1095
1097
1098
1100
1101
1102
1103
1104
1105
1106
1109
1110
1111
1113
1114
1115
1119
1120
1121
1122
1123
1124
1125
1126
1127
1128
1129
1131
1132
1133
1135
1136
1137
1138
1139
1140
1142
1143
1144
1145
1146
1147
1154
1155
1157
1158
1160
1161
1162
1163
1164
1165
1166
1167
1168
1169
1171
1174
1176
1178
1180
1181
1182
1183
1185
1186
1187
1190
1191
1192
1193
1194
1195
1196
1197
1198
1200
1202
1203
1204
1205
1207
1208
1211
1212
1214
1215
1216
1217
1218
1219
1220
1221
1222
1225
1226
1228
1230
1231
1233
1235
1236
1237
1238
1239
1240
1241
1242
1244
1245
1246
1247
1248
1249
1250
1252
1253
1254
1255
1256
1257
1258
1259
1261
1262
1264
1266
1268
1269
1270
1273
1275
1276
1277
1278
1279
1280
1282
1283
1285
1286
1287
1288
1289
1290
1291
1292
1293
1294
1295
1296
1299
1300
1301
1302
1303
1304
1306
1307
1311
1312
1313
1316
1317
1320
1321
1322
1323
1324
1325
1328
1329
1330
1331
1332
1333
1334
1335
1337
1338
1339
1340
1341
1342
1343
1345
1346
1347
1348
1350
1351
1353
1354
1355
1356
1357
1358
1359
1360
1361
1363
1366
1367
1369
1370
1371
1373
1374
1375
1377
1378
1379
1380
1381
1382
1383
1385
1386
1387
1388
1389
1392
1393
1395
1397
1398
1399
1400
1401
1402
1403
1404
1406
1407
1409
1410
1411
1412
1413
1414
1415
1417
1419
1421
1425
1426
1428
1429
1431
1432
1435
1437
1438
1441
1442
1443
1445
1446
1447
1450
1452
1453
1454
1456
1457
1458
1460
1461
1462
1464
1466
1467
1468
1469
1470
1471
1473
1474
1475
1476
1477
1478
1479
1480
1481
1483
1485
1486
1488
1489
1490
1491
1492
1493
1494
1495
1496
1497
1498
1500
1501
1502
1503
1504
1505
1506
1507
1509
1510
1511
1513
1514
1515
1516
1517
1518
1520
1521
1522
1523
1525
1527
1528
1529
1530
1531
1533
1534
1535
1537
1538
1539
1540
1541
1542
1543
1544
1546
1548
1549
1550
1551
1555
1556
1557
1559
1561
1562
1563
1564
1565
1566
1567
1568
1569
1571
1572
1575
1576
1577
1578
1580
1581
1582
1583
1584
1585
1586
1587
1589
1590
1591
1592
1593
1594
1595
1596
1597
1598
1600
1601
1602
1603
1604
1605
1606
1607
1610
1611
1612
1613
1614
1615
1616
1619
1620
1621
1622
1623
1624
1625
1628
1629
1631
1632
1634
1635
1636
1638
1639
1640
1641
1642
1643
1644
1646
1647
1649
1650
1651
1653
1654
1655
1656
1657
1659
1660
1662
1663
1664
1665
1666
1667
1672
1673
1674
1675
1677
1678
1682
1683
1684
1685
1686
1688
1689
1690
1691
1692
1693
1694
1697
1698
1699
1702
1707
1709
1710
1711
1712
1713
1714
1716
1717
1718
1719
1720
1721
1722
1723
1724
1726
1727
1729
1730
1734
1735
1737
1739
1740
1741
1742
1744
1745
1746
1747
1748
1749
1750
1751
1752
1753
1754
1755
1756
1758
1759
1761
1762
1763
1765
1767
1768
1769
1770
1773
1774
1775
1776
1777
1778
1780
1781
1782
1783
1784
1785
1786
1788
1789
1790
1794
1795
1796
1797
1798
1799
1801
1802
1803
1804
1805
1806
1811
1812
1814
1815
1818
1819
1820
1821
1822
1824
1825
1827
1828
1829
1830
1832
1833
1834
1836
1837
1838
1839
1841
1843
1844
1845
1847
1848
1849
1850
1851
1852
1853
1854
1855
1856
1857
1860
1861
1862
1864
1866
1867
1868
1869
1873
1874
1875
1876
1877
1879
1880
1881
1882
1883
1884
1885
1886
1887
1888
1889
1891
1892
1893
1894
1895
1896
1898
1899
1900
1901
1902
1905
1906
1907
1909
1914
1915
1916
1917
1919
1923
1924
1925
1926
1928
1929
1930
1931
1932
1933
1934
1935
1938
1939
1940
1941
1942
1943
1944
1945
1947
1948
1949
1950
1951
1952
1956
1957
1958
1959
1960
1962
1963
1964
1965
1967
1968
1969
1970
1971
1972
1973
1974
1975
1976
1977
1978
1980
1981
1982
1983
1984
1985
1986
1987
1988
1989
1990
1991
1992
1993
1994
1995
1996
1997
1998
1999
2000
2001
2002
2003
2004
2005
2006
2007
2008
2009
2010
2011
2012
2013
2014
2015
2016
2017
2018
2019
2020
2021
2022
2023
2024
2025
2026
2027
2028
2029
2030
2031
2032
2033
2034
2035
2036
2037
2038
2039
2040
2041
2042
2043
2044
2045
2046
2047
2048
2049
2050
2051
2052
2053
2054
2055
2056
2057
2058
2059
2060
2061
2062
2063
2064
2065
2066
2067
2068
2069
2070
2071
2072
2073
2074
2075
2076
2077
2078
2079
2080
2081
2082
2083
2084
