0
1
2
3
4
7
8
10
11
12
13
14
15
17
18
19
21
22
23
24
25
26
27
28
30
32
33
35
37
38
39
40
41
42
46
47
48
49
50
51
52
53
54
56
58
60
61
62
63
64
65
66
68
69
70
71
72
73
74
75
76
77
78
79
80
81
82
84
85
89
90
91
92
93
94
95
97
98
99
100
101
102
103
104
106
107
108
109
110
111
112
113
114
115
118
120
121
122
123
124
126
128
129
130
131
132
135
136
137
139
141
142
144
145
146
147
148
149
150
151
152
153
155
156
157
158
160
161
162
163
164
165
166
167
169
170
172
173
174
175
176
177
178
181
184
187
188
191
193
194
195
196
197
199
200
202
205
206
207
208
212
214
215
217
218
219
220
221
223
224
225
228
229
231
233
235
236
237
238
240
241
242
243
244
245
246
247
248
249
250
253
254
256
259
260
261
262
264
265
266
267
269
271
272
274
275
276
277
278
279
280
281
282
283
284
286
287
288
289
290
291
293
294
296
297
298
300
301
302
303
304
305
307
308
310
311
312
315
316
318
321
322
323
324
326
327
328
330
331
333
334
335
337
338
339
340
341
342
344
346
348
349
350
351
352
354
355
358
359
361
362
363
364
366
367
368
369
370
371
373
374
375
376
377
379
380
381
383
384
385
386
388
390
392
393
395
397
398
399
400
404
405
406
407
408
409
411
413
414
415
416
417
419
421
422
423
424
427
428
429
431
433
435
436
438
439
440
441
442
443
445
448
450
451
452
453
454
455
457
458
462
463
466
467
468
469
471
472
473
474
477
478
479
481
482
483
484
485
486
487
489
490
492
493
494
496
497
498
499
500
501
503
505
506
507
508
510
511
512
513
514
515
517
518
521
522
524
525
526
527
529
530
531
533
534
537
539
540
541
543
545
546
547
548
549
550
551
552
554
555
556
558
559
560
561
564
565
567
568
569
570
571
574
575
577
578
579
580
584
585
586
588
591
594
595
598
600
602
603
604
605
606
607
609
610
611
612
613
614
615
616
619
620
621
622
623
624
625
626
627
630
631
632
633
634
635
636
638
640
643
644
645
646
648
649
650
653
654
656
658
660
661
662
665
669
670
671
675
676
677
679
680
681
683
684
685
686
687
688
689
691
692
693
694
696
697
698
699
701
702
703
704
705
707
709
711
712
714
715
716
718
719
720
721
723
726
728
729
732
733
734
736
737
738
739
740
742
743
744
745
747
748
749
750
751
752
753
757
758
759
760
761
762
764
765
766
767
768
769
771
772
773
774
775
776
777
778
779
780
782
783
784
785
786
787
789
790
791
792
794
796
797
799
800
801
805
806
807
808
809
810
811
813
814
815
818
819
820
821
822
823
825
826
827
828
829
830
831
832
833
834
838
839
840
842
845
848
849
851
854
856
861
862
864
865
866
868
871
872
873
874
875
876
877
878
879
880
881
882
883
885
886
887
888
891
893
894
895
896
897
899
900
902
905
906
908
909
910
911
912
915
916
918
919
920
921
922
923
925
926
927
928
929
930
931
932
933
934
935
936
937
938
944
945
946
947
948
949
950
951
952
953
954
955
956
957
958
959
960
961
962
963
965
966
967
970
971
972
974
975
976
977
979
980
981
982
983
984
985
986
987
990
991
993
994
996
997
998
1000
1001
1002
1004
1005
1006
1007
1010
1011
1012
1014
1015
1016
1017
1018
1019
1020
1021
1022
1023
1024
1025
1028
1030
1032
1036
1037
1039
1040
1041
1043
1044
1045
1046
1047
1049
1050
1051
1053
1054
1055
1056
1057
1058
1059
1060
1061
1062
1063
1064
1065
1066
1067
1069
1072
1073
1075
1076
1078
1079
1080
1082
1083
1084
1085
1086
1087
1089
1090
1091
1092
1093
1095
1098
1100
1101
1102
1103
1104
1105
1108
1109
1111
1112
1113
1114
1115
1116
1117
1119
1121
1122
1124
1125
1127
1128
1129
1130
1131
1132
1133
1134
1136
1138
1139
1141
1142
1143
1144
1145
1146
1147
1149
1150
1151
1152
1153
1154
1156
1157
1159
1160
1161
1162
1163
1165
1166
1167
1168
1169
1170
1171
1172
1174
1176
1177
1178
1179
1180
1181
1183
1184
1186
1187
1190
1192
1193
1195
1196
1198
1199
1200
1201
1202
1203
1204
1205
1207
1208
1209
1211
1212
1213
1215
1217
1218
1219
1220
1221
1222
1223
1224
1225
1226
1227
1228
1229
1230
1231
1234
1235
1237
1238
1239
1240
1241
1243
1246
1247
1248
1249
1250
1252
1255
1256
1257
1259
1260
1262
1263
1264
1265
1266
1267
1268
1269
1273
1275
1276
1277
1278
1279
1280
1281
1282
1284
1285
1286
1288
1289
1291
1292
1293
1294
1295
1296
1298
1299
1300
1301
1302
1304
1306
1308
1309
1310
1311
1312
1314
1316
1317
1318
1319
1320
1322
1323
1324
1325
1326
1328
1330
1331
1333
1336
1337
1338
1340
1341
1342
1343
1344
1345
1347
1349
1351
1352
1353
1354
1355
1356
1357
1358
1359
1360
1361
1363
1364
1366
1367
1368
1369
1370
1371
1372
1374
1375
1376
1377
1378
1379
1380
1381
1383
1385
1386
1387
1388
1389
1391
1392
1395
1396
1397
1398
1400
1402
1403
1405
1406
1407
1408
1409
1410
1411
1412
1414
1415
1417
1418
1421
1423
1424
1425
1426
1428
1430
1431
1432
1433
1434
1435
1436
1438
1442
1444
1445
1447
1452
1453
1455
1456
1457
1459
1461
1462
1463
1464
1468
1469
1470
1471
1473
1474
1475
1476
1477
1478
1482
1483
1486
1487
1488
1490
1491
1493
1494
1495
1496
1497
1498
1500
1501
1502
1503
1506
1507
1509
1511
1512
1514
1515
1517
1518
1519
1520
1521
1522
1523
1524
1528
1529
1530
1531
1533
1534
1535
1536
1537
1539
1540
1543
1544
1545
1546
1547
1548
1549
1551
1552
1553
1554
1555
1557
1558
1559
1560
1565
1566
1567
1570
1571
1572
1573
1575
1576
1578
1579
1580
1581
1582
1583
1584
1585
1586
1587
1588
1590
1591
1592
1593
1594
1595
1596
1597
1598
1599
1600
1601
1602
1603
1604
1606
1607
1608
1609
1610
1611
1612
1613
1614
1615
1616
1617
1619
1620
1622
1623
1624
1625
1626
1628
1629
1633
1634
1635
1636
1637
1638
1640
1641
1642
1644
1646
1647
1648
1650
1651
1653
1654
1655
1656
1658
1659
1660
1661
1666
1667
1668
1669
1671
1672
1673
1675
1677
1678
1679
1680
1682
1684
1686
1687
1688
1689
1690
1691
1692
1694
1695
1696
1697
1698
1699
1701
1702
1703
1704
1705
1706
1707
1708
1709
1711
1713
1717
1718
1719
1721
1722
1723
1724
1726
1727
1728
1730
1731
1732
1733
1734
1735
1737
1738
1739
1740
1741
1742
1744
1745
1746
1747
1748
1749
1750
1751
1752
1754
1756
1757
1761
1762
1763
1764
1765
1766
1767
1768
1770
1772
1773
1774
1775
1779
1780
1782
1783
1784
1785
1786
1787
1788
1790
1791
1792
1793
1794
1795
1797
1798
1799
1800
1801
1802
1804
1805
1806
1807
1808
1809
1811
1812
1813
1814
1815
1818
1819
1820
1821
1822
1823
1824
1825
1826
1827
1828
1829
1830
1832
1833
1834
1835
1836
1837
1838
1839
1841
1842
1843
1844
1845
1846
1847
1848
1850
1851
1852
1853
1855
1857
1858
1859
1860
1861
1862
1863
1864
1865
1866
1867
1868
1869
1870
1871
1872
1873
1874
1875
1877
1879
1880
1884
1885
1887
1888
1889
1890
1891
1892
1893
1894
1896
1897
1898
1900
1901
1903
1905
1907
1909
1910
1911
1912
1913
1914
1915
1917
1918
1919
1922
1923
1924
1925
1926
1927
1928
1929
1930
1931
1933
1934
1935
1936
1938
1939
1940
1941
1942
1943
1944
1945
1948
1950
1954
1955
1958
1960
1962
1963
1964
1965
1967
1968
1969
1970
1971
1972
1973
1974
1975
1977
1981
1982
1983
1986
1988
1989
1991
1992
1993
1994
1995
1996
1997
1998
2000
2001
2002
2003
2004
2005
2006
2007
2008
2009
2010
2011
2012
2013
2014
2015
2016
2017
2018
2019
2020
2021
2022
2023
2024
2025
2026
2027
2028
2029
2030
2031
2033
2034
2035
2036
2037
2038
2039
2040
2041
2042
2043
2044
2045
2046
2047
2048
2049
2050
2051
2052
2053
2054
2055
2056
2057
2059
2060
2061
2062
2063
2064
2065
2066
2067
2068
2069
2070
2071
2072
2073
2074
2075
2076
2077
2078
2079
2080
2081
2082
2083
2084
