1
2
3
5
10
11
14
15
16
18
21
24
26
29
32
33
35
37
39
40
42
44
45
48
51
54
60
62
66
67
68
70
75
77
80
81
82
87
91
92
96
97
98
101
104
105
106
111
113
114
117
121
122
123
124
129
131
133
134
135
137
138
139
142
144
147
151
153
157
160
165
168
169
173
174
177
178
181
186
192
193
194
196
199
203
208
210
211
212
213
218
219
222
225
227
228
230
233
234
237
241
243
244
245
248
249
252
253
256
257
259
260
262
265
266
267
268
269
271
274
275
276
280
281
283
287
292
293
294
295
296
298
305
310
311
313
314
317
319
322
326
328
329
331
333
334
336
340
341
342
343
347
348
350
351
355
358
359
360
361
363
364
366
368
371
373
374
376
379
381
383
384
386
387
388
395
400
401
402
403
411
412
413
414
417
418
419
422
423
424
425
430
433
434
436
437
439
442
443
445
446
451
452
454
456
462
463
468
469
471
473
474
475
477
482
483
484
486
487
489
492
495
497
499
500
502
503
504
505
509
510
512
513
514
515
516
524
526
528
529
533
535
536
539
541
542
543
544
545
546
547
550
555
556
559
561
564
569
570
572
574
578
579
580
582
584
588
591
592
593
598
599
602
604
607
611
612
619
620
622
623
624
626
627
629
630
631
632
634
636
638
644
646
647
649
651
652
653
656
657
658
659
662
663
666
667
670
672
674
677
678
679
680
682
685
688
691
693
695
697
700
701
704
705
708
713
714
715
716
718
720
722
723
725
728
729
730
732
735
739
741
742
743
744
746
748
751
752
755
756
758
759
760
765
766
770
773
774
775
778
779
780
781
782
783
784
785
787
789
790
792
793
794
796
797
800
802
803
806
808
809
812
813
814
815
819
820
821
822
824
830
833
835
836
837
840
842
847
848
851
852
853
859
861
862
863
864
866
867
868
869
873
874
875
880
884
886
887
888
890
891
893
895
897
899
904
905
906
912
915
917
918
922
923
926
928
930
931
933
935
938
939
941
943
947
950
952
954
955
957
962
965
968
970
971
973
974
977
979
980
982
984
985
986
988
990
992
993
994
997
999
1000
1001
1005
1006
1007
1008
1010
1012
1014
1015
1018
1020
1023
1024
1028
1029
1030
1032
1037
1039
1040
1042
1043
1044
1046
1047
1052
1053
1058
1059
1060
1061
1064
1065
1066
1068
1070
1071
1072
1073
1074
1076
1077
1080
1082
1085
1089
1091
1092
1093
1096
1098
1099
1100
1101
1102
1103
1108
1110
1113
1119
1123
1127
1130
1133
1137
1138
1140
1142
1145
1147
1148
1149
1150
1151
1161
1162
1164
1166
1169
1170
1171
1172
1173
1176
1177
1179
1180
1181
1182
1185
1187
1190
1191
1194
1195
1197
1199
1201
1202
1203
1204
1208
1209
1210
1211
1212
1215
1216
1217
1218
1220
1221
1222
1225
1226
1227
1229
1231
1232
1234
1235
1236
1237
1240
1241
1243
1246
1249
1250
1253
1254
1257
1261
1262
1263
1264
1265
1269
1273
1280
1286
1287
1288
1291
1293
1294
1298
1299
1300
1301
1303
1305
1311
1312
1313
1314
1318
1320
1321
1322
1323
1325
1327
1328
1332
1335
1336
1337
1338
1341
1343
1344
1345
1347
1350
1352
1353
1357
1358
1360
1361
1363
1370
1371
1372
1373
1381
1386
1388
1389
1390
1392
1393
1395
1400
1403
1406
1409
1410
1411
1412
1414
1415
1416
1418
1420
1421
1426
1427
1429
1430
1434
1436
1438
1439
1440
1442
1443
1444
1448
1454
1455
1457
1459
1463
1465
1468
1469
1470
1471
1475
1477
1479
1481
1484
1486
1487
1489
1492
1493
1494
1496
1500
1505
1506
1507
1508
1509
1511
1512
1513
1514
1515
1516
1518
1519
1521
1526
1527
1529
1531
1533
1537
1539
1541
1544
1547
1550
1552
1554
1556
1558
1562
1564
1568
1570
1571
1573
1574
1577
1578
1579
1583
1584
1585
1586
1587
1588
1589
1592
1593
1594
1595
1596
1599
1600
1602
1604
1605
1606
1607
1610
1611
1612
1614
1616
1617
1618
1619
1620
1623
1625
1631
1632
1633
1636
1643
1644
1647
1650
1651
1654
1656
1657
1658
1661
1663
1664
1666
1668
1669
1670
1671
1674
1676
1677
1680
1681
1682
1683
1684
1685
1687
1691
1692
1693
1694
1696
1698
1700
1701
1703
1705
1706
1707
1708
1710
1713
1714
1716
1718
1719
1721
1722
1728
1730
1731
1732
1733
1734
1740
1742
1743
1744
1745
1746
1750
1752
1753
1754
1755
1756
1758
1760
1762
1763
1764
1765
1766
1769
1770
1772
1773
1774
1775
1781
1782
1784
1786
1787
1788
1789
1790
1793
1794
1796
1798
1800
1802
1804
1806
1809
1812
1822
1825
1830
1833
1834
1835
1839
1840
1841
1844
1846
1848
1851
1855
1857
1858
1860
1861
1863
1864
1866
1867
1869
1871
1872
1873
1874
1876
1877
1879
1880
1881
1885
1886
1888
1891
1893
1897
1898
1900
1901
1903
1905
1906
1916
1918
1921
1922
1924
1928
1933
1934
1938
1939
1945
1948
1950
1954
1956
1959
1960
1961
1962
1965
1967
1969
1970
1971
1972
1973
1975
1976
1977
1978
1980
1981
1985
1988
1989
1990
1993
1995
1996
2000
2002
2003
2004
2005
2007
2008
2009
2011
2012
2013
2014
2015
2016
2018
2020
2021
2022
2024
2025
2026
2027
2028
2029
2030
2031
2032
2033
2035
2036
2037
2038
2040
2041
2042
2043
2044
2045
2046
2047
2048
2049
2050
2051
2052
2053
2055
2056
2058
2059
2060
2061
2062
2063
2064
2065
2066
2067
2069
2070
2071
2072
2073
2074
2075
2076
2077
2078
2079
2080
2081
2082
2083
2084
