25
35
42
87
94
101
125
142
148
157
166
179
211
215
228
252
253
261
265
290
292
301
336
346
347
366
368
395
406
429
472
489
514
525
549
550
560
565
581
603
604
605
613
629
634
665
682
715
722
723
731
774
782
783
786
803
823
829
834
864
872
915
918
982
984
994
1006
1039
1047
1082
1103
1110
1111
1127
1128
1140
1143
1145
1171
1203
1228
1231
1254
1264
1292
1295
1301
1313
1334
1343
1355
1357
1380
1454
1469
1472
1475
1483
1494
1553
1583
1621
1636
1653
1660
1666
1667
1682
1708
1744
1754
1762
1765
1775
1818
1839
1844
1852
1858
1875
1886
1895
1918
1925
1954
1964
1967
1969
1981
1984
1994
1998
2000
2001
2002
2003
2004
2005
2007
2008
2009
2011
2012
2013
2014
2015
2016
2017
2018
2019
2020
2022
2023
2025
2027
2028
2030
2031
2032
2033
2034
2035
2036
2037
2038
2039
2040
2041
2042
2043
2044
2045
2046
2047
2048
2049
2050
2051
2052
2054
2055
2056
2057
2058
2059
2061
2062
2063
2064
2065
2067
2068
2069
2070
2071
2072
2073
2074
2075
2076
2077
2078
2079
2080
2081
2082
2083
2084
