5
9
29
35
42
69
72
74
84
93
109
120
121
122
155
170
177
179
194
196
202
206
208
221
224
243
274
305
316
331
336
359
392
394
400
410
415
429
448
469
479
481
495
503
537
564
565
574
610
611
652
685
686
687
688
710
720
723
750
771
775
793
825
833
851
856
864
869
878
884
885
914
920
954
972
1005
1013
1024
1047
1051
1061
1082
1090
1094
1106
1110
1132
1137
1140
1146
1166
1175
1180
1182
1183
1195
1197
1228
1231
1233
1262
1270
1279
1301
1335
1345
1376
1404
1406
1410
1414
1432
1434
1446
1513
1520
1550
1556
1571
1591
1595
1604
1619
1634
1642
1654
1662
1712
1724
1745
1764
1765
1766
1789
1792
1803
1852
1853
1882
1884
1906
1918
1919
1921
1944
1972
1974
1987
2000
2001
2003
2004
2005
2007
2008
2009
2011
2012
2013
2015
2016
2017
2018
2019
2020
2021
2022
2023
2024
2025
2028
2029
2030
2031
2032
2033
2034
2035
2036
2038
2040
2041
2042
2043
2049
2050
2051
2052
2053
2054
2057
2061
2062
2063
2068
2069
2070
2072
2073
2075
2076
2077
2078
2079
2080
2081
2082
2084
