0
1
2
3
4
7
8
11
13
15
16
17
18
19
20
21
23
24
25
28
31
32
33
34
35
36
37
38
39
40
42
43
44
48
49
50
51
52
53
54
55
57
59
60
61
62
63
64
65
66
67
68
69
70
71
72
73
74
77
78
79
80
81
83
84
86
87
88
89
90
91
92
93
94
97
98
99
100
101
102
103
104
105
106
108
109
111
112
113
114
115
116
117
118
120
121
123
124
125
126
127
128
129
130
131
133
135
138
139
141
143
144
146
147
149
150
151
154
155
156
157
158
160
163
164
165
166
169
170
171
172
173
174
175
176
177
181
182
183
184
185
186
187
188
191
192
193
194
196
197
198
199
202
204
205
206
208
209
210
213
214
215
217
220
222
223
224
225
226
227
228
229
230
231
232
233
234
235
236
237
239
240
241
242
243
244
245
246
247
249
250
251
252
253
254
255
256
257
259
260
262
265
267
268
270
271
272
274
275
276
277
280
281
282
283
284
286
288
289
291
292
293
294
296
297
298
299
300
301
305
306
310
312
314
315
316
317
318
321
324
325
326
327
328
329
330
331
332
335
336
338
340
341
342
343
344
345
346
347
348
349
350
351
352
353
354
355
356
358
359
360
363
364
366
367
368
374
375
376
377
379
381
382
384
386
387
388
389
390
391
392
393
394
395
396
397
398
399
402
403
404
405
406
407
408
409
411
413
414
415
417
418
419
420
421
422
423
424
425
426
427
428
429
430
431
432
433
434
435
436
437
438
439
441
442
444
446
447
448
449
450
452
453
454
458
460
462
463
464
465
466
468
469
472
479
480
481
482
483
484
485
487
488
489
490
492
493
494
495
496
497
499
500
501
503
504
505
506
507
508
509
511
513
515
516
518
520
521
522
523
526
527
528
529
530
532
533
534
535
536
538
539
542
543
545
549
550
551
552
554
555
556
558
559
561
562
563
564
565
566
567
570
571
572
575
578
580
581
582
584
585
586
588
589
590
591
592
593
594
595
596
597
598
599
602
603
604
605
606
607
609
611
613
614
616
617
618
619
620
621
623
624
625
626
628
629
630
631
634
636
638
642
644
645
648
649
650
651
652
653
655
656
657
658
659
660
661
663
664
665
668
669
672
678
679
680
681
682
684
685
686
687
688
689
690
691
692
693
695
697
698
699
700
701
703
704
705
706
707
708
710
711
712
713
714
716
717
718
719
720
722
723
724
726
727
728
729
730
731
732
733
735
736
737
738
739
742
746
747
748
752
753
754
755
756
757
758
759
760
761
762
763
764
765
766
767
770
772
773
775
776
777
778
779
780
782
783
784
785
787
788
789
790
791
793
796
797
799
800
801
802
803
804
806
808
809
812
813
814
815
817
819
820
821
822
823
824
825
827
828
829
831
832
834
835
836
838
840
842
844
848
849
850
851
852
853
854
855
856
860
862
863
864
865
867
868
869
871
873
874
875
876
879
880
881
883
884
885
886
887
888
889
891
894
895
896
897
898
900
901
902
903
904
905
906
907
909
910
911
913
914
915
916
917
920
923
924
925
926
927
928
929
930
934
935
936
937
938
939
941
942
943
944
945
946
947
949
950
952
953
954
955
956
958
959
960
961
962
963
964
965
967
968
971
972
973
974
975
976
977
979
980
982
983
984
985
986
987
988
989
990
993
994
996
997
998
999
1000
1001
1002
1004
1005
1006
1007
1008
1010
1011
1012
1013
1014
1015
1016
1017
1018
1020
1022
1023
1024
1026
1028
1029
1030
1031
1034
1035
1036
1037
1039
1040
1042
1043
1047
1048
1050
1051
1052
1053
1054
1055
1056
1057
1058
1060
1061
1062
1063
1064
1065
1066
1068
1069
1070
1071
1074
1076
1077
1078
1079
1080
1081
1082
1083
1084
1086
1087
1089
1090
1091
1093
1094
1095
1096
1097
1099
1100
1101
1102
1103
1104
1106
1107
1108
1109
1110
1112
1113
1115
1116
1117
1118
1119
1120
1121
1122
1123
1124
1125
1126
1127
1128
1129
1130
1132
1133
1134
1137
1138
1139
1142
1143
1144
1145
1146
1147
1148
1149
1150
1154
1155
1156
1157
1160
1162
1163
1164
1165
1166
1167
1168
1169
1170
1171
1173
1174
1175
1176
1177
1179
1180
1181
1182
1183
1184
1187
1188
1190
1191
1192
1194
1195
1197
1198
1199
1201
1202
1203
1204
1205
1208
1209
1210
1211
1212
1213
1214
1215
1216
1217
1218
1219
1220
1221
1222
1223
1226
1227
1228
1229
1231
1232
1234
1235
1236
1237
1238
1239
1240
1242
1244
1245
1247
1250
1251
1252
1253
1254
1255
1256
1257
1258
1261
1262
1264
1265
1267
1268
1269
1270
1272
1274
1276
1277
1278
1279
1280
1282
1283
1284
1286
1287
1289
1290
1291
1292
1293
1294
1295
1296
1298
1299
1300
1301
1302
1303
1304
1305
1307
1308
1310
1311
1313
1315
1316
1317
1319
1320
1321
1322
1323
1325
1326
1327
1328
1329
1330
1332
1333
1334
1336
1338
1341
1342
1343
1344
1345
1346
1348
1350
1352
1353
1354
1355
1357
1360
1362
1363
1364
1365
1367
1368
1369
1370
1371
1372
1374
1375
1376
1377
1378
1380
1381
1382
1383
1385
1386
1387
1388
1390
1391
1392
1393
1395
1396
1397
1399
1401
1402
1403
1404
1405
1406
1408
1409
1410
1411
1412
1413
1414
1415
1416
1417
1418
1420
1421
1422
1423
1424
1425
1426
1427
1429
1431
1432
1433
1434
1435
1436
1442
1443
1444
1447
1448
1450
1451
1452
1453
1454
1455
1456
1457
1459
1460
1461
1463
1464
1466
1467
1468
1469
1470
1471
1474
1475
1477
1478
1479
1480
1482
1483
1484
1485
1486
1488
1489
1491
1492
1493
1494
1495
1496
1497
1498
1500
1501
1502
1503
1505
1506
1507
1511
1512
1513
1514
1515
1516
1518
1519
1520
1521
1522
1523
1525
1528
1529
1533
1534
1535
1537
1538
1539
1540
1541
1542
1546
1547
1549
1550
1551
1552
1555
1556
1557
1558
1559
1560
1561
1563
1565
1566
1567
1568
1570
1571
1572
1573
1574
1577
1580
1581
1582
1583
1584
1586
1587
1588
1589
1590
1591
1592
1593
1594
1595
1596
1599
1600
1601
1603
1604
1606
1608
1609
1610
1611
1612
1613
1614
1616
1617
1618
1619
1620
1623
1624
1625
1626
1627
1629
1630
1631
1632
1633
1635
1636
1637
1638
1640
1641
1644
1647
1650
1651
1652
1653
1654
1656
1657
1658
1659
1661
1662
1663
1667
1668
1669
1671
1672
1673
1674
1675
1676
1677
1678
1679
1680
1681
1683
1684
1685
1686
1687
1688
1690
1693
1694
1695
1696
1697
1698
1699
1702
1703
1705
1706
1707
1710
1714
1715
1716
1717
1719
1720
1722
1723
1724
1726
1727
1728
1729
1730
1732
1733
1735
1740
1742
1743
1744
1745
1748
1750
1751
1752
1753
1754
1755
1756
1757
1758
1759
1762
1763
1764
1765
1766
1767
1768
1770
1771
1772
1773
1775
1776
1777
1779
1780
1781
1782
1783
1784
1786
1787
1788
1789
1791
1793
1794
1795
1796
1798
1799
1800
1802
1803
1804
1808
1809
1811
1812
1818
1819
1820
1821
1822
1824
1826
1827
1828
1829
1830
1831
1833
1834
1837
1838
1839
1840
1842
1843
1844
1845
1846
1847
1851
1852
1853
1854
1855
1857
1858
1859
1861
1862
1863
1864
1865
1867
1869
1870
1871
1872
1873
1875
1876
1879
1880
1881
1882
1883
1884
1885
1887
1889
1891
1892
1894
1895
1896
1897
1898
1900
1901
1902
1904
1905
1906
1907
1909
1911
1912
1913
1916
1917
1918
1919
1920
1922
1925
1926
1927
1928
1929
1930
1931
1932
1933
1934
1935
1936
1938
1940
1943
1944
1945
1947
1950
1951
1953
1954
1955
1956
1957
1958
1959
1960
1962
1964
1965
1967
1969
1970
1971
1972
1973
1974
1975
1976
1977
1978
1979
1981
1982
1983
1984
1985
1986
1987
1988
1989
1991
1992
1993
1994
1996
1997
2000
2001
2002
2003
2004
2007
2008
2009
2010
2011
2012
2013
2014
2015
2016
2017
2018
2019
2020
2021
2022
2023
2024
2025
2026
2027
2028
2029
2030
2031
2032
2033
2034
2036
2037
2038
2039
2040
2042
2043
2044
2045
2046
2047
2048
2049
2050
2051
2052
2053
2054
2055
2056
2057
2058
2059
2060
2061
2062
2063
2064
2065
2067
2068
2069
2070
2071
2072
2073
2074
2075
2076
2077
2078
2079
2080
2081
2082
2083
2084
