0
2
4
5
6
8
10
13
14
15
16
19
22
23
27
28
30
33
34
35
39
40
42
43
46
47
55
56
57
58
59
61
65
73
74
76
78
79
80
82
83
87
89
90
91
92
93
95
97
102
106
107
109
110
112
115
116
121
123
124
125
126
128
129
130
132
134
136
138
139
141
142
143
147
149
150
152
154
157
158
160
163
164
165
167
169
170
172
174
180
181
182
183
185
186
194
197
200
201
202
204
205
207
209
210
211
213
215
216
218
223
224
226
227
228
230
232
233
234
235
236
237
239
241
242
243
244
246
248
250
251
252
256
260
262
264
265
268
269
272
273
274
275
278
279
288
289
293
294
297
298
299
300
301
303
311
315
316
317
318
320
325
327
328
330
336
339
340
341
343
345
346
348
349
350
351
353
354
355
358
363
365
366
367
368
369
370
371
373
375
376
377
380
388
389
392
395
396
398
399
407
408
409
411
413
414
415
416
420
421
422
426
428
429
431
439
440
441
445
449
452
455
456
459
460
462
465
470
474
483
485
486
489
491
492
493
494
495
496
497
502
504
506
512
513
516
517
518
521
524
527
528
530
532
533
535
536
537
538
542
543
545
546
547
548
549
552
557
558
560
562
567
570
571
574
575
578
579
580
582
583
584
585
590
591
593
594
595
598
603
604
605
610
611
614
618
620
622
625
627
630
631
632
633
634
638
639
641
642
643
646
649
655
656
659
660
661
663
667
668
669
674
675
678
679
680
681
682
688
691
697
699
702
705
709
711
714
715
716
719
722
723
729
730
731
733
735
736
740
741
743
744
745
746
747
748
749
752
753
754
755
758
759
760
763
766
768
774
775
776
777
782
783
784
787
788
792
794
796
799
801
803
804
805
806
807
809
811
812
813
814
815
817
820
821
827
828
829
830
832
833
835
836
838
839
841
843
844
845
850
851
852
853
854
859
861
863
865
873
875
878
881
882
884
885
886
887
888
889
890
894
895
898
899
900
902
904
908
910
911
912
915
916
917
918
921
922
923
924
926
928
929
930
931
932
933
934
936
937
938
939
941
942
943
944
947
951
953
954
956
957
959
960
962
966
967
968
971
974
975
976
977
982
983
984
987
989
990
991
994
995
997
999
1003
1005
1006
1007
1008
1010
1013
1016
1017
1018
1023
1024
1026
1028
1032
1039
1040
1041
1046
1047
1052
1055
1058
1060
1062
1064
1068
1070
1071
1075
1079
1081
1082
1083
1085
1086
1087
1092
1094
1095
1103
1104
1105
1106
1107
1109
1110
1111
1117
1118
1122
1127
1128
1131
1132
1134
1136
1137
1140
1142
1143
1150
1153
1157
1161
1162
1164
1168
1176
1177
1178
1179
1180
1181
1183
1185
1187
1190
1191
1193
1197
1199
1202
1203
1208
1210
1212
1213
1215
1218
1219
1220
1223
1226
1228
1229
1230
1231
1232
1233
1236
1237
1239
1240
1242
1244
1245
1246
1250
1253
1254
1257
1259
1260
1263
1264
1267
1268
1269
1270
1274
1276
1280
1285
1286
1287
1288
1289
1293
1294
1295
1298
1301
1302
1303
1306
1307
1308
1309
1310
1311
1312
1313
1314
1315
1316
1317
1318
1319
1320
1322
1323
1325
1331
1333
1334
1335
1336
1337
1338
1340
1341
1342
1344
1346
1347
1349
1352
1353
1355
1357
1359
1361
1362
1363
1370
1371
1375
1377
1378
1381
1383
1390
1391
1397
1399
1401
1407
1410
1415
1417
1420
1421
1422
1423
1426
1429
1432
1434
1435
1436
1438
1441
1442
1443
1444
1446
1450
1451
1452
1453
1454
1456
1457
1459
1460
1462
1463
1464
1466
1468
1469
1471
1474
1475
1476
1477
1478
1480
1482
1483
1484
1485
1489
1490
1491
1492
1493
1494
1496
1499
1505
1507
1510
1511
1512
1515
1516
1517
1522
1523
1524
1525
1528
1529
1530
1531
1535
1536
1537
1540
1543
1544
1546
1547
1550
1551
1554
1555
1556
1557
1558
1559
1561
1562
1567
1569
1572
1573
1574
1575
1578
1579
1581
1584
1585
1586
1588
1590
1591
1592
1593
1594
1597
1600
1603
1606
1608
1609
1610
1611
1612
1613
1614
1617
1618
1621
1622
1623
1625
1626
1629
1630
1635
1636
1638
1639
1642
1644
1647
1648
1650
1654
1655
1656
1658
1659
1661
1662
1663
1664
1665
1666
1668
1672
1675
1677
1678
1680
1681
1682
1685
1686
1688
1692
1699
1704
1706
1708
1709
1711
1713
1714
1715
1716
1719
1720
1723
1724
1730
1731
1734
1737
1738
1741
1745
1746
1748
1750
1752
1754
1756
1758
1759
1761
1762
1764
1765
1767
1772
1775
1776
1777
1778
1781
1782
1783
1786
1790
1792
1797
1799
1802
1805
1806
1807
1811
1815
1816
1822
1824
1828
1831
1833
1834
1835
1839
1841
1842
1844
1846
1847
1848
1850
1852
1853
1857
1859
1862
1864
1865
1867
1868
1874
1879
1880
1881
1885
1888
1889
1893
1895
1897
1900
1902
1903
1904
1905
1906
1907
1909
1915
1917
1918
1922
1923
1924
1925
1927
1928
1932
1935
1936
1939
1940
1942
1945
1947
1956
1958
1959
1960
1962
1963
1964
1968
1971
1975
1976
1977
1983
1987
1988
1990
1991
1992
1996
1997
1998
1999
2000
2001
2002
2003
2004
2005
2007
2008
2010
2011
2012
2013
2014
2015
2016
2017
2018
2019
2021
2022
2024
2025
2027
2028
2030
2031
2032
2033
2034
2035
2036
2037
2038
2039
2040
2041
2042
2043
2044
2046
2048
2049
2050
2051
2054
2055
2056
2057
2058
2059
2061
2063
2064
2065
2068
2069
2070
2071
2072
2073
2074
2075
2076
2077
2078
2080
2082
2083
2084
