1
5
13
28
29
41
46
51
55
56
62
65
69
79
86
100
102
105
107
109
113
119
121
122
131
138
147
148
151
169
175
178
179
180
181
183
195
204
205
208
210
211
215
216
220
228
230
241
251
252
253
259
261
275
285
290
292
295
301
314
323
324
326
329
331
342
345
349
359
361
362
367
373
376
379
383
385
386
387
394
396
401
405
409
411
422
425
430
432
437
438
443
445
450
456
462
464
466
469
483
485
513
521
528
534
535
538
541
542
543
546
560
567
570
574
579
582
584
589
602
603
605
628
636
638
649
655
656
661
662
666
667
668
670
674
676
685
699
701
703
704
710
721
723
724
729
732
733
740
742
743
745
746
749
752
753
764
767
772
777
781
783
784
791
792
793
795
799
800
801
811
813
814
820
830
835
838
840
845
852
854
864
868
873
874
879
882
883
895
902
904
908
909
918
920
925
930
934
937
943
947
951
953
955
957
964
965
967
973
974
976
978
980
981
982
985
990
992
994
997
1005
1008
1010
1012
1013
1018
1025
1039
1042
1044
1046
1047
1050
1051
1057
1061
1072
1076
1082
1084
1089
1092
1099
1100
1110
1111
1115
1127
1133
1134
1136
1138
1139
1143
1144
1149
1151
1153
1154
1158
1168
1170
1172
1175
1177
1180
1182
1185
1186
1191
1197
1198
1199
1201
1202
1212
1214
1220
1227
1228
1241
1242
1246
1251
1254
1255
1258
1260
1263
1268
1277
1281
1282
1284
1285
1301
1302
1306
1310
1317
1322
1324
1326
1333
1343
1345
1346
1353
1355
1359
1365
1367
1368
1373
1374
1377
1388
1396
1397
1399
1400
1401
1402
1403
1413
1414
1419
1424
1430
1439
1444
1445
1450
1455
1462
1468
1472
1474
1478
1479
1484
1491
1494
1496
1497
1502
1511
1513
1523
1529
1531
1535
1536
1549
1556
1557
1569
1570
1571
1572
1575
1583
1588
1589
1590
1596
1601
1610
1617
1618
1620
1630
1633
1634
1636
1638
1643
1646
1649
1652
1665
1666
1667
1669
1672
1675
1676
1680
1685
1686
1688
1692
1693
1695
1710
1724
1725
1727
1728
1730
1749
1765
1768
1801
1805
1806
1815
1822
1824
1826
1829
1830
1831
1834
1838
1840
1847
1849
1861
1865
1866
1876
1877
1880
1882
1883
1886
1887
1888
1891
1893
1896
1898
1901
1911
1918
1925
1935
1938
1941
1945
1950
1951
1954
1956
1963
1965
1968
1969
1971
1972
1992
2000
2001
2003
2005
2007
2008
2009
2010
2011
2012
2013
2014
2015
2016
2017
2018
2019
2020
2021
2022
2023
2026
2027
2028
2029
2030
2032
2033
2034
2035
2036
2037
2038
2039
2040
2041
2042
2043
2044
2045
2046
2047
2048
2049
2051
2054
2056
2057
2058
2061
2062
2063
2064
2065
2067
2068
2069
2070
2071
2072
2073
2075
2076
2078
2080
2081
2082
2083
2084
