0
2
6
9
10
11
14
15
17
18
19
20
28
30
31
32
35
37
41
42
45
48
51
59
61
62
64
65
66
69
70
71
72
73
74
76
77
78
83
92
93
97
98
99
100
101
103
104
107
109
110
115
117
119
120
121
124
125
128
129
130
132
135
137
138
139
141
142
146
147
149
150
153
155
159
160
162
163
164
167
168
169
170
173
174
176
177
178
179
180
184
185
186
187
188
197
199
200
201
205
207
209
210
211
214
215
220
221
225
227
228
229
232
233
235
237
240
242
246
247
248
250
251
253
256
259
261
262
264
265
266
268
269
270
277
279
280
285
286
287
290
291
292
295
298
301
302
306
309
313
314
315
317
320
322
325
329
331
332
334
335
336
340
341
342
345
347
348
350
354
356
359
362
364
365
367
368
369
370
373
376
377
378
379
383
384
385
389
392
393
395
396
399
400
401
406
411
412
416
418
420
421
422
425
426
427
428
429
430
432
433
434
437
438
439
440
441
442
449
451
452
453
454
455
456
457
462
463
466
469
471
472
473
474
475
478
479
482
483
488
490
493
494
501
502
503
504
505
509
510
513
514
515
516
519
520
521
523
524
527
528
532
536
537
539
540
543
550
552
553
559
560
561
563
564
567
568
569
570
575
578
579
584
586
587
591
593
594
596
598
599
600
601
602
603
604
607
611
612
613
614
617
618
621
622
625
628
631
633
634
639
643
644
650
658
663
665
669
670
671
672
673
675
678
680
681
683
684
685
686
688
690
695
696
697
699
700
702
709
712
713
714
715
717
718
721
722
723
724
725
726
728
730
731
733
736
738
741
742
743
744
746
750
751
754
756
757
760
763
766
769
772
773
774
775
777
778
779
781
783
784
785
786
787
788
789
790
794
800
803
808
809
810
811
812
815
820
822
823
826
827
829
831
833
834
835
839
840
841
842
843
848
850
851
856
858
859
862
863
868
874
876
878
879
881
882
883
886
888
891
892
893
894
895
896
900
901
902
906
907
913
915
918
921
922
925
927
928
929
930
935
936
939
940
943
945
946
950
953
954
960
962
963
966
967
969
970
972
973
974
975
979
980
981
982
983
984
986
988
990
993
994
995
1001
1004
1005
1008
1013
1017
1019
1020
1022
1024
1025
1028
1031
1032
1033
1036
1037
1039
1040
1041
1049
1050
1052
1053
1056
1058
1059
1060
1061
1063
1065
1069
1071
1073
1075
1076
1079
1081
1083
1086
1087
1088
1089
1090
1093
1095
1098
1101
1103
1104
1106
1107
1110
1111
1113
1114
1115
1117
1119
1120
1122
1123
1125
1128
1129
1131
1132
1133
1134
1135
1136
1140
1144
1145
1146
1147
1148
1151
1154
1155
1156
1157
1158
1164
1165
1166
1168
1169
1170
1171
1173
1175
1176
1178
1182
1183
1186
1187
1190
1193
1195
1198
1199
1201
1203
1204
1205
1208
1211
1214
1216
1217
1221
1222
1223
1224
1226
1228
1231
1232
1233
1234
1235
1238
1239
1240
1244
1246
1249
1250
1252
1254
1257
1258
1260
1261
1263
1264
1265
1269
1270
1273
1277
1281
1285
1286
1287
1290
1293
1296
1297
1298
1299
1301
1302
1305
1307
1308
1310
1311
1312
1313
1315
1316
1317
1318
1321
1323
1325
1329
1330
1333
1334
1335
1338
1339
1342
1343
1344
1346
1348
1350
1351
1355
1356
1357
1358
1360
1361
1365
1366
1369
1370
1371
1374
1377
1378
1379
1380
1382
1383
1385
1391
1392
1394
1395
1397
1399
1401
1404
1405
1406
1407
1408
1413
1414
1419
1420
1421
1423
1424
1425
1426
1429
1432
1433
1434
1435
1448
1452
1453
1454
1455
1456
1460
1467
1471
1473
1474
1475
1477
1478
1481
1486
1491
1492
1493
1494
1496
1501
1502
1504
1505
1509
1513
1514
1515
1516
1520
1524
1526
1530
1533
1534
1535
1537
1538
1539
1540
1541
1548
1551
1558
1559
1561
1562
1564
1568
1570
1571
1572
1573
1574
1575
1576
1577
1578
1581
1583
1585
1588
1589
1590
1591
1592
1593
1594
1596
1597
1600
1601
1604
1605
1610
1611
1614
1615
1616
1622
1624
1625
1629
1630
1634
1635
1636
1638
1639
1640
1643
1645
1647
1648
1650
1653
1654
1656
1658
1659
1661
1663
1664
1665
1669
1673
1678
1680
1683
1685
1686
1690
1692
1693
1696
1699
1700
1701
1704
1705
1710
1712
1714
1716
1717
1721
1722
1724
1727
1728
1731
1732
1734
1735
1737
1740
1750
1752
1754
1758
1759
1762
1768
1769
1770
1771
1773
1775
1776
1779
1781
1783
1785
1788
1789
1791
1792
1793
1797
1798
1803
1804
1805
1806
1807
1809
1811
1812
1815
1816
1820
1821
1822
1827
1832
1839
1840
1841
1843
1845
1847
1848
1850
1853
1855
1860
1861
1866
1867
1868
1869
1871
1872
1874
1877
1880
1881
1882
1883
1884
1885
1887
1891
1894
1897
1901
1902
1904
1908
1909
1910
1916
1918
1919
1920
1922
1923
1925
1930
1931
1932
1934
1935
1936
1938
1939
1940
1941
1942
1944
1946
1950
1951
1954
1955
1956
1957
1959
1961
1963
1965
1966
1969
1972
1973
1974
1975
1976
1978
1980
1981
1982
1987
1989
1990
1992
1993
1994
1996
1998
1999
2000
2001
2003
2004
2005
2006
2007
2008
2009
2011
2012
2013
2015
2016
2017
2018
2020
2021
2022
2024
2025
2026
2027
2028
2029
2030
2031
2032
2033
2034
2035
2036
2037
2038
2039
2040
2041
2042
2043
2044
2045
2046
2047
2048
2050
2051
2052
2056
2058
2061
2062
2063
2064
2065
2066
2067
2070
2072
2073
2074
2075
2076
2077
2078
2080
2081
2082
2083
2084
