1
4
12
15
17
18
19
21
26
39
43
44
46
47
48
53
54
60
63
64
72
75
81
83
84
87
90
98
107
113
114
115
135
139
142
146
147
150
158
163
170
197
199
209
210
222
228
235
236
241
244
249
252
261
265
268
274
275
277
284
286
287
290
292
293
294
301
303
304
310
311
324
331
336
351
364
365
366
377
380
389
393
405
406
408
409
414
416
420
426
437
456
457
462
465
473
474
479
485
488
489
492
493
494
499
502
504
506
508
509
518
524
527
528
539
540
545
546
553
554
555
579
582
584
593
594
595
600
605
611
612
613
615
617
636
643
647
651
655
660
667
670
673
685
691
699
701
709
719
724
725
726
729
734
740
742
743
753
757
765
769
776
779
786
788
790
794
807
808
810
819
827
831
836
838
840
843
845
853
857
858
860
863
868
869
874
882
884
885
890
901
903
904
916
919
923
925
936
937
939
941
943
953
954
955
957
968
975
982
984
988
998
1006
1007
1012
1017
1019
1020
1023
1033
1039
1040
1042
1043
1050
1053
1059
1063
1064
1068
1075
1076
1077
1081
1089
1090
1092
1097
1100
1104
1105
1110
1111
1115
1122
1123
1127
1133
1140
1143
1145
1146
1147
1148
1149
1156
1163
1166
1167
1176
1178
1179
1180
1181
1192
1197
1198
1206
1208
1211
1215
1216
1222
1223
1228
1242
1245
1254
1255
1264
1269
1270
1272
1274
1275
1276
1284
1285
1286
1295
1296
1297
1301
1320
1322
1325
1328
1331
1335
1337
1342
1345
1351
1356
1357
1358
1367
1368
1372
1374
1377
1379
1380
1383
1388
1396
1399
1400
1406
1408
1410
1411
1420
1421
1422
1424
1429
1432
1443
1453
1455
1460
1461
1472
1476
1477
1478
1490
1493
1497
1501
1514
1524
1528
1529
1535
1537
1538
1539
1543
1549
1553
1554
1559
1561
1563
1567
1568
1569
1572
1573
1576
1585
1591
1595
1608
1611
1613
1617
1628
1630
1634
1638
1640
1644
1646
1649
1651
1664
1672
1674
1677
1682
1688
1699
1700
1705
1707
1709
1718
1730
1731
1733
1735
1738
1747
1748
1757
1763
1768
1769
1775
1780
1782
1784
1785
1788
1789
1790
1791
1794
1796
1801
1805
1814
1817
1819
1821
1828
1829
1831
1834
1839
1842
1843
1846
1848
1849
1858
1866
1867
1868
1873
1876
1877
1887
1889
1901
1902
1905
1907
1915
1918
1922
1923
1924
1928
1930
1935
1938
1940
1943
1944
1945
1953
1967
1968
1969
1970
1973
1975
1976
1981
1984
1987
1988
1989
1995
1996
2003
2005
2006
2007
2009
2013
2014
2017
2019
2020
2021
2022
2025
2026
2027
2028
2029
2030
2033
2035
2037
2041
2042
2043
2045
2046
2048
2051
2056
2057
2058
2059
2061
2062
2064
2065
2066
2067
2068
2069
2071
2072
2073
2074
2076
2077
2078
2079
2080
2081
2082
2083
