0
2
4
11
12
14
15
16
17
18
19
22
24
25
26
28
29
31
32
34
37
38
39
40
41
44
48
51
52
54
55
63
64
65
66
69
70
71
73
77
78
81
83
84
86
91
93
96
97
98
100
103
104
105
109
110
111
113
114
116
117
119
124
125
126
128
129
130
133
134
135
137
138
139
141
142
144
146
148
150
151
152
153
158
162
163
164
167
169
170
172
175
176
177
181
182
185
188
190
192
198
203
204
205
206
208
210
213
214
215
217
218
220
225
227
229
235
236
237
240
242
251
252
253
254
255
256
257
259
260
263
265
266
267
268
269
272
274
275
277
280
285
287
288
289
293
294
296
297
301
304
311
312
313
314
315
316
317
319
320
321
324
325
326
327
328
329
330
335
336
340
341
342
345
347
348
349
351
353
354
355
357
358
361
362
363
366
367
368
369
370
372
373
374
375
376
378
379
381
383
384
385
388
391
394
395
396
398
399
402
404
406
407
410
411
412
414
419
420
424
425
430
431
435
436
437
438
439
441
442
445
446
448
450
454
456
461
462
465
466
468
472
473
475
482
484
485
486
487
489
491
493
494
495
498
499
500
503
507
510
511
512
513
514
515
517
522
523
525
526
529
536
537
539
541
542
544
546
547
551
553
555
559
560
561
564
565
568
570
573
574
577
578
579
582
583
585
586
587
591
593
596
600
601
603
604
605
609
610
611
612
615
616
619
620
622
626
627
630
631
633
634
638
639
644
645
646
649
650
651
656
657
660
661
663
667
668
670
671
674
676
677
678
679
682
683
685
686
687
689
693
695
697
699
701
706
707
713
716
720
721
722
724
727
728
729
732
733
734
735
736
737
738
743
745
746
747
749
751
752
753
754
755
756
757
762
763
764
767
769
772
773
774
776
781
784
785
786
789
791
794
797
799
801
802
804
805
808
811
812
813
815
816
820
821
823
825
828
830
835
838
839
840
843
845
853
854
855
856
857
858
859
860
861
862
864
867
869
872
874
878
881
885
886
887
888
889
890
891
893
899
902
903
905
912
913
917
920
926
929
930
934
936
937
938
939
940
941
943
947
948
952
954
955
956
959
960
962
963
964
965
969
971
972
973
974
975
982
983
984
986
990
992
993
994
996
998
1001
1003
1004
1005
1006
1007
1008
1010
1011
1012
1013
1014
1015
1017
1019
1020
1021
1029
1030
1032
1033
1035
1036
1041
1043
1044
1045
1046
1047
1050
1051
1053
1054
1057
1061
1062
1064
1065
1073
1075
1079
1082
1083
1090
1091
1092
1093
1094
1096
1102
1105
1106
1109
1110
1111
1117
1118
1121
1122
1124
1125
1128
1130
1133
1134
1136
1138
1142
1144
1145
1147
1150
1153
1156
1157
1158
1161
1167
1171
1172
1173
1174
1175
1176
1182
1183
1185
1186
1187
1190
1191
1194
1195
1197
1199
1202
1204
1207
1208
1210
1212
1217
1221
1224
1227
1228
1233
1234
1236
1237
1238
1241
1242
1243
1253
1254
1256
1257
1261
1262
1263
1265
1268
1269
1270
1271
1274
1276
1277
1281
1284
1286
1287
1288
1290
1291
1292
1297
1301
1302
1303
1307
1309
1311
1313
1314
1315
1316
1321
1322
1323
1329
1330
1335
1336
1341
1342
1343
1344
1345
1347
1350
1355
1357
1358
1360
1361
1369
1370
1371
1374
1376
1381
1382
1383
1385
1386
1389
1390
1391
1392
1398
1402
1404
1405
1407
1409
1411
1413
1414
1415
1417
1418
1419
1420
1421
1422
1423
1427
1429
1432
1434
1435
1438
1440
1443
1444
1449
1450
1452
1454
1456
1457
1459
1460
1461
1465
1468
1469
1471
1472
1474
1475
1476
1477
1480
1481
1482
1483
1484
1487
1488
1489
1490
1491
1494
1496
1498
1499
1500
1503
1505
1506
1509
1511
1512
1515
1516
1518
1521
1522
1523
1525
1527
1528
1533
1534
1537
1539
1540
1545
1546
1548
1551
1554
1555
1558
1559
1567
1571
1573
1574
1576
1578
1583
1584
1586
1587
1592
1594
1595
1596
1602
1604
1605
1610
1611
1613
1616
1618
1619
1620
1625
1626
1629
1632
1634
1636
1637
1638
1639
1643
1646
1647
1653
1654
1655
1657
1658
1661
1665
1666
1668
1669
1671
1672
1673
1674
1676
1677
1678
1679
1680
1681
1688
1691
1692
1693
1698
1700
1705
1706
1708
1709
1710
1711
1712
1715
1718
1719
1721
1724
1726
1730
1731
1734
1735
1739
1742
1744
1746
1749
1752
1754
1755
1765
1767
1768
1770
1772
1776
1777
1779
1780
1782
1783
1786
1787
1789
1791
1792
1794
1796
1798
1802
1803
1808
1811
1812
1813
1815
1817
1819
1821
1822
1823
1824
1825
1826
1827
1829
1831
1843
1844
1852
1853
1855
1857
1865
1866
1867
1869
1870
1872
1873
1874
1875
1879
1881
1882
1883
1884
1885
1888
1889
1891
1895
1896
1900
1901
1902
1903
1905
1907
1908
1910
1912
1913
1918
1919
1922
1923
1924
1926
1931
1932
1933
1938
1939
1940
1942
1944
1945
1951
1954
1955
1956
1958
1961
1962
1963
1964
1965
1966
1969
1970
1971
1973
1974
1975
1977
1979
1980
1981
1985
1989
1991
1992
1994
1996
1999
2000
2001
2002
2003
2004
2007
2008
2009
2011
2012
2013
2014
2015
2016
2017
2018
2019
2020
2021
2022
2023
2024
2025
2026
2027
2028
2029
2030
2031
2032
2033
2036
2037
2038
2039
2040
2042
2043
2044
2045
2046
2047
2048
2050
2051
2052
2053
2056
2057
2058
2059
2060
2061
2062
2063
2064
2065
2068
2069
2070
2071
2072
2073
2074
2075
2076
2077
2078
2079
2080
2081
2082
2083
2084
