0
1
3
4
5
6
8
9
10
11
15
16
18
19
20
22
23
24
29
33
36
40
42
43
46
49
50
52
53
54
55
61
62
65
66
68
71
72
73
76
77
78
79
81
82
84
85
87
88
90
91
92
93
98
99
100
101
102
104
107
108
109
110
113
114
115
117
118
120
121
122
125
126
128
130
131
132
133
135
136
138
139
142
143
147
148
151
153
156
157
160
165
167
169
174
175
177
178
192
195
202
204
205
206
207
208
209
210
211
213
216
221
222
223
225
226
227
228
230
232
233
235
237
239
243
244
250
251
252
253
256
257
261
262
264
265
266
267
274
276
279
283
287
289
290
294
298
304
305
308
309
310
318
319
320
322
324
325
329
331
333
334
336
339
340
341
348
349
350
351
353
358
359
362
363
366
367
368
369
370
371
372
375
377
378
379
380
381
383
384
385
387
388
389
391
392
393
394
395
399
400
405
408
411
412
415
417
418
420
422
423
428
430
432
433
436
437
439
442
444
448
450
453
454
456
460
462
463
464
467
472
473
474
479
480
484
486
490
494
495
496
499
500
501
502
503
506
509
510
512
513
516
518
522
526
527
529
530
531
532
533
534
535
537
539
541
542
543
544
546
549
550
558
559
564
565
568
569
570
571
572
573
574
580
581
588
591
592
593
594
596
597
598
600
601
602
604
605
606
607
610
611
612
613
615
617
619
620
621
623
626
628
629
630
632
637
642
643
645
646
647
649
650
653
654
655
656
658
661
662
663
664
665
668
669
670
673
676
678
680
681
683
685
686
687
689
691
693
695
696
699
701
702
703
704
706
708
710
711
713
714
715
716
720
723
730
733
736
738
740
742
743
744
745
746
747
752
754
762
766
767
768
773
775
776
777
778
782
783
793
795
797
799
800
802
803
804
808
813
814
820
821
823
829
830
833
834
835
836
838
839
840
841
843
844
848
851
852
855
857
858
864
866
872
874
875
876
878
879
880
881
882
883
884
885
893
894
896
900
901
902
904
905
907
908
909
911
912
917
918
921
922
923
925
927
928
929
930
931
934
937
938
940
941
947
948
951
952
956
957
961
962
964
965
968
969
972
973
975
976
978
982
984
985
989
990
994
995
997
999
1000
1003
1004
1005
1008
1011
1012
1013
1014
1018
1019
1020
1021
1022
1023
1024
1027
1029
1033
1034
1036
1037
1040
1042
1051
1053
1055
1056
1059
1060
1064
1065
1067
1070
1074
1077
1082
1086
1089
1090
1091
1092
1100
1101
1110
1111
1113
1114
1115
1122
1125
1126
1127
1128
1129
1131
1136
1137
1139
1140
1142
1143
1144
1145
1147
1148
1149
1150
1153
1154
1155
1157
1161
1162
1163
1164
1166
1169
1171
1175
1176
1177
1178
1180
1182
1183
1186
1187
1190
1192
1193
1194
1195
1196
1197
1198
1200
1205
1206
1208
1210
1212
1214
1219
1222
1228
1235
1237
1240
1241
1242
1243
1246
1250
1253
1255
1261
1263
1265
1267
1271
1272
1275
1276
1278
1279
1280
1284
1286
1287
1289
1290
1291
1292
1299
1302
1303
1307
1309
1310
1311
1314
1317
1321
1322
1323
1327
1328
1329
1331
1333
1335
1337
1343
1344
1345
1348
1349
1350
1351
1355
1358
1359
1365
1367
1368
1369
1371
1373
1377
1378
1379
1381
1385
1386
1388
1391
1393
1395
1396
1399
1403
1405
1406
1408
1409
1410
1411
1412
1414
1416
1417
1419
1420
1421
1422
1423
1425
1426
1427
1434
1436
1438
1440
1442
1444
1446
1447
1449
1451
1453
1454
1457
1459
1460
1462
1464
1466
1468
1469
1471
1472
1474
1476
1477
1478
1479
1480
1483
1484
1486
1487
1490
1491
1492
1493
1494
1496
1501
1504
1505
1506
1508
1511
1512
1519
1523
1524
1525
1526
1527
1529
1533
1534
1537
1538
1542
1544
1546
1550
1552
1553
1556
1560
1561
1563
1564
1565
1568
1570
1571
1572
1573
1574
1577
1578
1580
1581
1582
1583
1587
1589
1591
1593
1594
1595
1596
1597
1599
1600
1602
1604
1606
1607
1609
1610
1614
1615
1616
1619
1620
1621
1624
1631
1632
1634
1635
1636
1639
1640
1643
1645
1647
1648
1650
1651
1652
1654
1659
1661
1664
1666
1667
1669
1670
1672
1673
1674
1675
1676
1677
1679
1680
1685
1686
1688
1689
1692
1693
1694
1698
1699
1700
1701
1704
1707
1708
1709
1712
1713
1714
1715
1716
1717
1719
1720
1724
1726
1727
1728
1730
1732
1737
1741
1744
1745
1746
1749
1750
1751
1754
1758
1761
1764
1765
1766
1769
1774
1775
1777
1779
1781
1789
1791
1792
1797
1798
1801
1803
1807
1808
1815
1818
1819
1821
1822
1825
1826
1828
1830
1831
1833
1835
1836
1841
1842
1844
1847
1850
1853
1854
1855
1858
1859
1860
1861
1862
1863
1867
1868
1871
1872
1874
1878
1880
1881
1882
1883
1885
1887
1888
1889
1890
1894
1895
1897
1900
1902
1903
1906
1910
1911
1913
1914
1915
1918
1919
1920
1922
1927
1930
1931
1935
1938
1939
1940
1941
1943
1944
1945
1949
1950
1953
1955
1956
1959
1961
1962
1963
1964
1965
1966
1967
1968
1970
1971
1972
1978
1979
1980
1981
1982
1985
1988
1989
1990
1994
1996
1997
1998
2000
2003
2004
2005
2007
2008
2010
2011
2012
2013
2015
2017
2018
2019
2021
2023
2024
2025
2026
2027
2028
2030
2031
2032
2035
2036
2037
2038
2039
2040
2041
2042
2043
2044
2045
2046
2047
2048
2049
2050
2054
2057
2058
2059
2061
2064
2067
2068
2069
2070
2071
2072
2074
2075
2076
2077
2078
2079
2080
2082
2083
2084
