1
3
4
5
6
8
9
11
12
14
16
17
18
20
22
24
25
32
33
34
35
39
43
44
45
46
47
49
51
52
54
57
59
61
62
64
65
66
67
68
69
73
74
75
76
77
81
85
88
91
92
98
99
103
106
107
109
112
113
115
119
121
122
128
129
130
132
135
142
144
146
148
150
151
152
155
157
161
162
166
172
175
179
180
181
182
183
185
187
190
191
192
194
196
197
198
202
203
204
205
206
210
211
212
215
216
217
221
225
226
227
228
229
230
231
232
235
237
238
243
245
246
248
253
256
258
261
263
264
266
268
271
272
276
277
280
281
282
283
284
286
289
290
291
296
302
305
306
307
309
310
311
313
317
324
327
331
334
336
337
338
339
340
347
348
351
353
354
357
358
360
361
362
364
366
368
369
370
371
373
374
378
380
381
385
392
394
395
397
398
402
404
406
407
409
411
413
417
420
421
422
423
424
427
430
431
433
435
437
440
441
443
445
453
455
457
459
462
463
464
465
466
470
476
477
479
480
481
483
487
490
491
498
502
503
511
515
517
520
526
529
531
532
533
534
535
536
537
538
543
546
547
548
551
552
553
554
558
559
560
570
571
572
573
580
581
583
584
586
587
588
591
593
594
595
596
597
600
601
602
605
608
609
611
612
614
616
617
618
624
626
627
630
634
635
638
641
642
644
646
650
652
658
662
666
669
672
676
677
682
683
685
686
687
689
691
695
696
699
700
702
705
709
710
713
718
719
721
723
724
727
730
732
733
734
735
737
738
740
742
744
745
748
749
750
753
755
757
759
760
761
766
767
769
771
772
774
775
778
781
782
784
788
790
801
803
808
811
813
814
821
825
828
829
830
832
833
834
835
839
843
845
850
851
855
857
858
860
861
862
863
864
865
866
869
875
876
877
881
882
883
885
887
892
895
896
901
904
905
907
908
912
913
915
917
921
922
923
924
925
926
928
929
932
935
936
938
941
943
947
949
951
952
955
956
957
958
960
961
965
967
970
971
972
973
974
976
977
978
979
986
988
991
992
993
994
995
1002
1004
1005
1006
1009
1011
1012
1013
1014
1018
1019
1020
1022
1024
1026
1029
1033
1035
1041
1044
1045
1046
1047
1051
1053
1055
1056
1058
1059
1060
1061
1062
1064
1069
1071
1074
1077
1082
1083
1084
1087
1089
1090
1091
1094
1099
1100
1102
1103
1104
1106
1107
1108
1112
1115
1119
1123
1124
1127
1129
1133
1135
1136
1137
1139
1140
1142
1145
1146
1147
1150
1151
1152
1153
1154
1156
1157
1164
1165
1166
1168
1169
1170
1171
1172
1174
1175
1176
1177
1178
1179
1180
1181
1183
1186
1187
1188
1191
1193
1194
1195
1197
1198
1199
1200
1201
1202
1203
1204
1205
1207
1213
1214
1215
1218
1220
1221
1225
1226
1231
1233
1239
1242
1247
1251
1252
1254
1257
1259
1261
1262
1264
1265
1266
1267
1270
1272
1274
1275
1276
1277
1279
1280
1285
1286
1287
1291
1295
1296
1298
1299
1301
1302
1303
1307
1308
1309
1312
1313
1315
1316
1317
1318
1326
1329
1330
1332
1333
1334
1338
1339
1340
1343
1345
1347
1348
1350
1352
1355
1360
1361
1365
1366
1367
1370
1372
1374
1375
1376
1378
1380
1385
1391
1392
1393
1394
1395
1398
1400
1401
1403
1404
1405
1406
1407
1408
1409
1410
1411
1413
1415
1416
1420
1423
1425
1426
1429
1430
1431
1432
1436
1438
1439
1444
1446
1452
1454
1456
1459
1460
1462
1463
1464
1465
1467
1470
1471
1475
1476
1477
1478
1479
1481
1483
1485
1486
1487
1488
1489
1493
1496
1498
1499
1501
1502
1503
1504
1506
1509
1510
1512
1514
1515
1516
1517
1518
1520
1521
1522
1525
1527
1528
1530
1533
1535
1536
1537
1540
1542
1543
1548
1549
1550
1551
1553
1554
1557
1559
1561
1562
1568
1569
1571
1572
1573
1574
1575
1578
1579
1583
1585
1586
1587
1591
1592
1594
1596
1601
1602
1604
1607
1609
1610
1612
1614
1615
1618
1619
1622
1623
1624
1626
1627
1629
1630
1633
1636
1637
1639
1642
1643
1645
1646
1651
1653
1654
1656
1658
1660
1662
1663
1664
1666
1668
1669
1670
1672
1673
1675
1677
1680
1681
1682
1686
1691
1692
1693
1694
1695
1696
1698
1701
1704
1705
1706
1707
1709
1712
1713
1715
1718
1724
1727
1730
1734
1735
1737
1738
1740
1741
1745
1746
1747
1748
1749
1751
1753
1755
1761
1763
1765
1766
1768
1769
1776
1777
1780
1783
1784
1785
1787
1788
1789
1790
1794
1795
1797
1798
1800
1805
1806
1807
1808
1815
1817
1821
1824
1825
1827
1829
1830
1831
1833
1838
1839
1840
1841
1844
1850
1852
1854
1858
1859
1861
1862
1863
1864
1866
1867
1868
1870
1872
1873
1876
1877
1879
1883
1885
1887
1891
1892
1900
1901
1903
1904
1905
1907
1909
1913
1914
1917
1918
1919
1920
1921
1922
1923
1925
1926
1929
1930
1931
1932
1935
1937
1938
1939
1940
1941
1942
1943
1945
1947
1950
1954
1956
1957
1958
1959
1961
1966
1967
1970
1971
1972
1975
1978
1979
1980
1981
1984
1985
1989
1991
1992
1998
1999
2000
2001
2003
2004
2005
2007
2008
2009
2010
2011
2012
2013
2014
2015
2016
2017
2018
2019
2020
2021
2022
2023
2024
2025
2026
2027
2028
2029
2030
2031
2032
2033
2034
2035
2036
2037
2038
2039
2040
2041
2042
2043
2044
2045
2046
2047
2048
2049
2050
2051
2052
2053
2054
2056
2057
2058
2061
2062
2063
2064
2066
2067
2069
2070
2071
2072
2073
2074
2075
2076
2077
2078
2079
2080
2081
2082
2083
2084
