18
24
28
29
44
50
57
64
72
75
114
151
156
167
200
236
243
244
249
269
287
292
317
324
331
345
357
368
377
404
487
492
518
534
541
549
553
560
585
603
658
670
678
680
692
728
732
738
752
763
782
792
825
835
838
843
844
857
869
895
931
939
962
968
972
982
991
993
1006
1010
1013
1018
1019
1040
1047
1050
1051
1052
1055
1059
1061
1076
1079
1089
1105
1111
1122
1128
1131
1146
1156
1166
1168
1190
1201
1202
1216
1236
1264
1279
1296
1301
1313
1325
1340
1343
1357
1396
1410
1417
1423
1452
1455
1468
1471
1475
1477
1481
1483
1491
1496
1501
1516
1552
1555
1578
1594
1613
1617
1619
1621
1634
1639
1646
1653
1658
1678
1685
1705
1707
1709
1717
1747
1754
1756
1762
1769
1790
1826
1827
1834
1836
1852
1870
1884
1901
1907
1930
1945
1962
1969
1986
1991
2003
2005
2007
2012
2013
2016
2017
2018
2024
2025
2027
2028
2030
2033
2034
2035
2040
2041
2042
2043
2044
2047
2048
2049
2050
2051
2054
2055
2056
2057
2059
2061
2062
2066
2067
2068
2069
2070
2071
2072
2073
2076
2077
2079
2084
