2
13
15
25
35
38
45
54
79
80
91
94
97
101
120
166
197
200
208
225
257
266
269
328
347
354
368
379
381
384
399
408
429
454
471
476
482
489
500
560
574
580
581
594
604
611
619
682
715
720
723
748
751
759
762
783
784
787
792
797
820
828
868
875
888
891
915
934
947
950
968
994
1001
1030
1046
1060
1065
1080
1089
1102
1110
1132
1161
1162
1177
1190
1203
1210
1217
1220
1221
1232
1236
1262
1268
1290
1298
1301
1321
1352
1355
1370
1375
1427
1455
1469
1477
1491
1494
1496
1533
1546
1564
1571
1592
1594
1595
1611
1651
1655
1674
1719
1723
1752
1765
1770
1797
1824
1838
1867
1871
1886
1905
1924
1937
1938
1962
1970
1974
2000
2001
2002
2003
2004
2008
2009
2011
2012
2013
2014
2015
2017
2018
2019
2020
2021
2022
2023
2025
2026
2027
2028
2029
2030
2031
2032
2033
2035
2036
2038
2039
2040
2041
2042
2043
2044
2045
2047
2048
2049
2051
2053
2054
2056
2057
2060
2061
2062
2063
2064
2065
2067
2068
2069
2070
2071
2072
2073
2074
2075
2076
2077
2078
2079
2080
2081
2082
2083
