0
1
3
4
5
7
8
10
11
13
14
16
17
18
19
20
22
23
25
26
27
29
30
32
33
37
38
40
41
42
43
44
46
47
48
49
51
52
53
54
55
56
57
58
59
61
62
63
64
65
66
68
70
72
73
74
77
78
80
81
82
83
84
85
86
87
88
89
91
92
94
97
98
99
100
101
103
104
106
107
111
112
113
115
116
117
119
121
123
124
125
126
128
129
130
132
133
135
136
137
138
139
141
142
143
144
146
147
148
149
150
152
154
155
157
158
159
160
161
162
163
165
166
167
169
171
172
173
174
175
176
177
178
179
180
181
182
184
186
187
189
190
191
193
194
198
199
201
203
204
205
206
207
208
209
210
211
213
216
217
218
219
220
222
226
227
228
229
231
232
233
234
235
238
239
241
242
243
244
245
248
249
250
251
252
253
254
256
259
260
261
262
263
264
265
269
270
271
273
274
275
276
277
279
280
281
282
284
285
286
288
289
290
291
292
294
295
296
297
298
300
301
303
304
305
306
308
309
310
311
312
314
315
316
317
318
319
320
321
323
325
327
328
329
331
332
333
334
335
336
337
338
339
340
341
343
348
349
351
355
357
359
360
362
363
365
366
367
368
369
370
371
372
374
375
376
377
379
380
382
383
385
386
387
388
389
390
392
393
394
395
397
398
399
400
401
402
403
404
405
406
407
408
409
411
412
413
414
415
416
417
418
419
420
421
422
423
425
427
428
429
430
431
432
434
435
436
437
438
440
441
442
443
444
446
447
448
449
450
452
453
454
455
457
458
459
460
461
462
463
465
466
468
472
473
474
478
479
481
482
483
484
485
487
488
489
492
493
494
495
496
497
498
499
500
501
504
505
506
507
508
509
510
512
513
515
516
520
521
522
523
525
526
527
528
529
530
531
532
533
535
536
537
538
539
543
544
545
546
547
548
549
551
552
553
554
555
556
558
559
560
563
564
565
567
570
572
573
574
578
579
580
581
582
583
585
586
587
588
589
590
591
593
594
596
598
603
604
605
606
607
608
609
610
611
612
613
614
615
616
617
619
621
623
624
625
626
627
629
630
631
632
633
634
635
636
637
641
642
643
644
645
646
647
648
649
652
653
654
655
657
658
660
661
662
665
666
667
668
669
670
672
674
676
677
678
679
680
682
683
684
685
686
687
688
689
690
691
693
694
695
696
697
699
700
701
702
703
705
706
708
710
711
712
713
714
715
716
717
718
719
721
722
723
724
725
726
729
730
731
732
733
734
736
737
738
739
740
741
742
743
744
746
747
750
751
752
754
755
756
759
761
763
764
765
766
767
768
769
770
771
772
773
775
777
778
779
780
782
783
784
785
786
787
789
791
792
793
795
796
799
801
802
803
804
805
806
807
810
811
812
815
817
820
821
823
824
825
827
828
829
830
831
832
833
834
835
836
837
839
840
841
842
843
846
848
851
852
853
854
856
857
858
859
860
861
863
864
865
866
867
868
869
871
872
874
876
880
882
885
886
887
888
889
891
893
895
896
897
900
901
902
904
905
907
908
909
913
914
915
919
920
921
923
924
925
926
927
929
931
932
933
934
935
936
938
939
940
942
945
947
948
952
953
957
958
959
960
961
962
963
964
965
967
969
970
971
972
973
974
975
976
977
980
982
983
984
985
987
989
991
992
993
994
997
998
1000
1001
1002
1003
1004
1005
1006
1007
1008
1010
1012
1013
1014
1015
1016
1017
1018
1019
1021
1022
1023
1024
1026
1027
1029
1030
1033
1034
1036
1037
1038
1039
1040
1041
1042
1043
1044
1045
1046
1047
1049
1050
1051
1053
1054
1055
1056
1057
1058
1059
1060
1061
1063
1065
1066
1070
1071
1073
1074
1075
1076
1079
1081
1082
1083
1084
1086
1087
1088
1089
1090
1092
1094
1095
1097
1098
1100
1101
1102
1103
1104
1105
1106
1108
1109
1110
1111
1112
1114
1118
1119
1120
1121
1122
1123
1125
1126
1127
1128
1129
1132
1133
1134
1135
1136
1137
1138
1140
1141
1143
1144
1145
1146
1147
1148
1149
1150
1151
1152
1153
1154
1156
1157
1158
1160
1161
1162
1163
1165
1166
1168
1169
1170
1171
1172
1174
1175
1176
1177
1178
1179
1181
1184
1185
1186
1187
1188
1190
1191
1192
1193
1194
1195
1196
1197
1198
1199
1200
1201
1202
1203
1207
1208
1209
1211
1212
1213
1214
1215
1216
1217
1218
1220
1222
1223
1224
1225
1226
1227
1228
1229
1230
1231
1232
1233
1234
1235
1236
1238
1239
1240
1241
1242
1243
1244
1245
1246
1247
1248
1249
1250
1251
1255
1256
1258
1260
1262
1263
1264
1265
1267
1268
1269
1270
1271
1274
1275
1276
1277
1278
1280
1281
1282
1283
1285
1286
1287
1288
1289
1290
1291
1293
1295
1296
1297
1298
1299
1300
1301
1302
1303
1304
1306
1307
1308
1309
1310
1313
1315
1316
1318
1319
1320
1321
1322
1323
1324
1326
1328
1329
1330
1331
1332
1333
1336
1337
1338
1341
1342
1345
1346
1347
1348
1351
1353
1354
1356
1357
1358
1359
1361
1362
1363
1366
1367
1368
1369
1370
1371
1372
1373
1376
1377
1378
1380
1381
1382
1383
1384
1385
1386
1387
1388
1389
1390
1391
1392
1393
1394
1395
1396
1398
1400
1401
1402
1404
1405
1406
1407
1410
1411
1413
1414
1415
1416
1418
1419
1420
1421
1422
1426
1427
1429
1430
1431
1432
1433
1434
1435
1436
1438
1439
1443
1444
1445
1446
1447
1448
1449
1450
1452
1453
1454
1455
1456
1457
1459
1460
1462
1463
1464
1465
1466
1468
1469
1470
1473
1476
1477
1478
1479
1480
1481
1482
1483
1484
1485
1486
1487
1488
1489
1490
1491
1492
1493
1495
1496
1497
1499
1501
1502
1503
1505
1506
1507
1508
1509
1511
1512
1514
1515
1516
1517
1518
1519
1520
1521
1522
1523
1524
1525
1527
1528
1530
1531
1532
1533
1534
1535
1536
1537
1539
1540
1541
1542
1543
1544
1547
1549
1550
1551
1553
1554
1555
1556
1559
1560
1561
1564
1565
1566
1567
1568
1570
1571
1573
1574
1575
1576
1578
1579
1580
1582
1584
1585
1586
1587
1588
1590
1591
1592
1593
1596
1597
1600
1601
1603
1604
1605
1606
1608
1609
1611
1612
1613
1614
1615
1618
1620
1621
1622
1623
1624
1626
1627
1628
1629
1631
1633
1634
1636
1638
1639
1640
1641
1642
1643
1644
1645
1647
1649
1650
1651
1653
1654
1655
1656
1657
1658
1660
1663
1664
1665
1666
1667
1669
1671
1672
1673
1674
1675
1676
1677
1678
1679
1682
1683
1684
1685
1686
1687
1688
1689
1690
1691
1692
1693
1695
1697
1699
1701
1702
1703
1704
1706
1707
1708
1709
1710
1711
1712
1714
1716
1717
1719
1720
1721
1722
1724
1726
1728
1729
1730
1732
1735
1736
1737
1738
1739
1740
1742
1745
1746
1747
1749
1750
1752
1753
1754
1755
1756
1757
1758
1761
1762
1763
1768
1770
1771
1772
1773
1774
1775
1776
1778
1779
1780
1781
1782
1783
1784
1785
1786
1788
1791
1794
1795
1798
1800
1802
1805
1806
1807
1808
1810
1811
1812
1813
1814
1816
1819
1823
1824
1825
1826
1828
1830
1831
1832
1833
1834
1835
1836
1837
1842
1843
1845
1846
1848
1849
1850
1851
1853
1854
1855
1856
1857
1858
1859
1860
1862
1863
1864
1865
1866
1867
1868
1870
1871
1872
1873
1874
1875
1877
1878
1879
1880
1881
1882
1883
1884
1885
1886
1887
1888
1889
1890
1892
1893
1894
1895
1896
1897
1900
1901
1902
1903
1904
1906
1907
1909
1910
1911
1912
1914
1915
1916
1917
1918
1919
1921
1922
1923
1924
1925
1926
1927
1930
1931
1932
1933
1934
1935
1936
1938
1941
1943
1944
1947
1948
1949
1951
1952
1953
1956
1957
1958
1959
1962
1964
1965
1967
1968
1969
1970
1971
1972
1973
1976
1977
1978
1979
1981
1982
1984
1986
1990
1991
1992
1993
1994
1995
1996
1997
1998
2000
2002
2003
2004
2005
2007
2009
2010
2011
2012
2013
2014
2015
2016
2017
2018
2019
2020
2021
2022
2023
2024
2025
2026
2027
2028
2029
2030
2031
2032
2033
2034
2037
2039
2040
2041
2042
2043
2044
2045
2046
2047
2048
2049
2050
2051
2052
2054
2055
2056
2057
2059
2061
2062
2063
2065
2066
2067
2068
2069
2070
2071
2072
2074
2076
2077
2078
2079
2080
2081
2083
2084
