4
5
18
24
48
58
83
106
115
149
150
157
170
205
223
243
245
249
259
274
275
288
296
301
309
336
346
354
359
374
400
407
420
421
422
429
430
443
445
447
468
472
473
503
541
543
544
545
547
564
566
586
607
622
699
703
715
723
733
739
752
777
783
812
825
830
840
858
863
864
873
887
901
902
923
943
947
1006
1019
1039
1040
1059
1061
1068
1110
1111
1132
1140
1166
1178
1180
1187
1196
1197
1199
1219
1220
1222
1236
1238
1242
1248
1261
1287
1292
1305
1306
1310
1335
1343
1370
1392
1397
1403
1423
1432
1442
1471
1477
1492
1493
1514
1551
1587
1610
1618
1620
1634
1669
1685
1688
1693
1720
1756
1779
1790
1792
1837
1852
1885
1887
1895
1899
1903
1909
1913
1917
1959
1964
1990
2000
2001
2003
2004
2005
2007
2008
2009
2010
2011
2012
2013
2014
2015
2016
2017
2018
2019
2020
2021
2022
2025
2026
2029
2030
2031
2033
2035
2037
2038
2040
2041
2044
2047
2048
2049
2050
2052
2054
2056
2058
2059
2061
2062
2063
2065
2068
2069
2071
2072
2073
2076
2077
2080
2081
2082
2083
2084
