6
23
49
51
63
65
73
104
124
125
143
166
179
181
183
190
201
208
222
225
243
264
268
293
301
314
327
338
344
346
358
362
379
386
394
416
422
431
436
461
493
495
497
519
561
585
600
625
630
632
650
658
659
669
688
691
696
701
705
722
725
726
728
733
739
742
746
751
753
758
778
813
818
833
846
858
860
863
875
880
881
886
902
908
926
928
931
935
938
945
952
974
977
990
994
997
1029
1060
1062
1066
1072
1092
1093
1094
1111
1143
1146
1149
1160
1170
1185
1220
1228
1262
1274
1279
1295
1300
1301
1303
1307
1322
1324
1333
1344
1387
1401
1415
1433
1437
1450
1464
1486
1488
1496
1498
1514
1522
1532
1536
1576
1608
1648
1658
1665
1668
1696
1700
1712
1715
1726
1747
1749
1765
1766
1769
1794
1808
1818
1822
1823
1843
1844
1846
1854
1925
1926
1939
1958
1976
1984
1989
1999
2000
2005
2008
2010
2012
2014
2016
2022
2024
2028
2030
2031
2035
2036
2037
2042
2043
2044
2046
2047
2050
2058
2059
2063
2068
2070
2072
2073
2074
2075
2076
2077
2080
2083
2084
