1
2
3
5
6
8
9
11
15
17
18
22
23
24
26
28
29
30
31
32
33
35
36
39
41
44
46
48
49
50
51
52
53
54
55
56
58
60
61
62
63
64
65
66
69
71
72
73
74
75
76
77
78
79
80
81
82
83
84
87
88
91
92
93
94
95
97
98
99
100
102
103
104
106
107
108
109
110
111
113
114
115
116
117
118
120
121
123
125
126
127
128
129
130
131
132
133
134
135
137
138
139
141
142
146
148
149
150
151
152
154
155
156
157
158
159
160
162
163
164
165
167
169
170
172
174
176
177
178
179
180
181
182
183
184
186
188
190
194
195
196
197
199
200
201
202
203
204
205
206
207
208
209
210
213
214
215
216
220
221
222
223
225
226
227
228
229
231
232
233
234
235
236
237
239
241
242
243
244
245
247
249
250
251
252
254
255
256
257
260
261
262
263
265
267
268
270
272
273
275
276
277
278
279
280
281
282
283
285
286
287
288
290
291
292
293
294
297
299
300
301
302
303
304
305
306
307
312
313
314
315
316
317
318
321
322
323
324
325
326
327
328
329
330
331
332
333
335
336
337
338
339
341
342
343
344
345
346
348
349
350
351
352
353
354
355
356
357
359
360
361
362
363
364
366
367
368
369
370
372
373
374
376
377
378
381
383
384
385
386
388
389
392
394
395
396
398
399
400
401
402
403
404
405
406
407
408
409
410
411
413
414
415
417
419
420
421
423
424
427
428
429
430
431
432
433
434
435
436
438
439
440
441
442
443
445
446
453
454
455
457
458
459
462
464
466
468
472
473
474
475
476
477
480
482
483
484
486
487
489
490
491
493
494
495
496
497
498
500
502
503
504
505
507
509
511
512
513
515
516
517
518
520
521
522
523
525
527
528
529
530
531
533
534
535
536
538
539
540
541
542
544
545
546
547
550
551
552
554
555
556
558
560
562
563
564
566
567
568
569
572
573
574
576
577
578
579
580
581
583
584
585
586
587
588
589
590
591
593
594
595
597
598
599
602
603
604
605
606
608
610
611
612
614
617
618
619
620
622
623
625
626
627
628
630
632
633
635
636
637
638
639
641
642
643
644
646
648
649
650
651
652
653
655
656
657
658
661
662
663
664
665
667
670
671
672
673
674
675
676
677
679
680
681
682
683
684
685
686
688
689
691
693
694
695
696
697
698
699
700
702
703
704
706
708
709
712
714
715
717
718
719
720
721
722
723
725
726
728
729
730
731
732
733
734
735
738
739
741
742
743
744
745
746
747
750
751
752
753
754
756
757
759
760
761
764
765
766
767
768
769
771
772
773
774
775
776
778
779
782
783
784
786
787
788
789
791
792
796
797
800
803
804
805
807
808
810
812
813
814
815
817
819
820
821
823
825
828
829
830
831
832
833
836
838
839
840
841
842
845
847
849
850
851
852
854
855
856
858
859
860
861
862
863
864
865
866
867
868
869
871
872
873
874
875
876
877
878
879
880
882
885
886
887
891
892
893
895
896
897
899
900
901
902
904
905
906
908
909
910
911
912
913
914
915
916
917
919
922
923
925
926
928
930
931
935
937
941
942
943
945
946
947
948
951
952
953
954
956
958
959
960
962
964
965
966
967
968
969
970
972
973
974
976
977
979
980
981
982
983
984
985
986
987
990
991
992
993
994
996
997
1003
1004
1005
1006
1007
1008
1009
1010
1011
1012
1014
1016
1018
1019
1020
1021
1022
1023
1025
1026
1028
1029
1030
1032
1033
1036
1038
1039
1040
1041
1042
1043
1044
1045
1046
1047
1048
1049
1050
1052
1053
1054
1055
1056
1057
1059
1060
1061
1062
1063
1064
1065
1066
1067
1068
1070
1071
1072
1073
1074
1075
1076
1077
1078
1080
1081
1083
1084
1085
1086
1087
1089
1091
1092
1093
1095
1096
1098
1099
1100
1101
1102
1104
1105
1107
1108
1109
1110
1111
1112
1114
1115
1116
1117
1118
1119
1124
1125
1126
1129
1130
1132
1133
1135
1138
1139
1140
1141
1142
1143
1144
1145
1147
1148
1149
1150
1151
1152
1153
1154
1156
1157
1158
1159
1161
1162
1163
1164
1165
1166
1168
1169
1170
1171
1172
1173
1174
1175
1178
1179
1180
1182
1183
1185
1186
1187
1191
1194
1195
1197
1198
1199
1200
1201
1202
1203
1204
1205
1206
1207
1208
1209
1210
1211
1214
1216
1217
1218
1219
1220
1221
1222
1223
1224
1225
1227
1228
1229
1231
1232
1234
1235
1236
1238
1239
1241
1244
1246
1247
1248
1249
1252
1253
1254
1255
1256
1257
1258
1259
1260
1261
1262
1263
1264
1265
1266
1267
1270
1271
1272
1273
1275
1277
1279
1280
1281
1282
1283
1286
1287
1289
1290
1291
1293
1294
1295
1296
1298
1299
1300
1301
1302
1303
1304
1305
1307
1308
1309
1312
1313
1315
1316
1317
1320
1322
1323
1326
1327
1328
1329
1330
1331
1333
1334
1336
1337
1338
1339
1340
1341
1342
1343
1344
1346
1347
1348
1350
1351
1352
1354
1357
1358
1359
1360
1361
1363
1365
1366
1367
1369
1370
1372
1373
1375
1377
1378
1380
1383
1384
1385
1386
1388
1389
1390
1392
1393
1394
1395
1396
1397
1399
1400
1401
1402
1403
1404
1405
1406
1407
1408
1410
1411
1414
1416
1417
1418
1419
1420
1421
1422
1423
1425
1426
1427
1430
1431
1432
1434
1436
1437
1438
1439
1440
1441
1443
1444
1445
1446
1447
1448
1449
1450
1452
1453
1454
1455
1456
1457
1458
1459
1461
1462
1463
1465
1466
1467
1468
1469
1471
1472
1476
1477
1478
1480
1481
1482
1483
1485
1487
1490
1492
1493
1494
1496
1497
1498
1499
1502
1503
1505
1508
1509
1510
1511
1512
1513
1515
1516
1517
1518
1519
1520
1521
1522
1523
1524
1525
1527
1528
1531
1533
1534
1535
1536
1537
1538
1540
1541
1543
1544
1545
1546
1548
1549
1550
1551
1552
1553
1554
1556
1558
1560
1561
1563
1564
1566
1569
1571
1573
1574
1575
1576
1577
1578
1579
1580
1583
1584
1585
1586
1587
1588
1589
1590
1591
1592
1593
1594
1595
1596
1597
1598
1599
1600
1601
1602
1603
1604
1605
1606
1607
1610
1611
1612
1613
1614
1615
1618
1619
1620
1621
1622
1624
1626
1627
1631
1632
1633
1634
1636
1637
1638
1639
1641
1642
1644
1646
1647
1648
1651
1656
1657
1658
1659
1660
1661
1662
1663
1664
1665
1666
1668
1670
1671
1672
1673
1674
1676
1678
1679
1680
1681
1682
1684
1685
1687
1689
1690
1692
1693
1694
1698
1699
1700
1701
1702
1703
1704
1705
1706
1707
1708
1709
1710
1712
1715
1716
1717
1718
1720
1721
1722
1723
1724
1725
1726
1727
1728
1729
1731
1732
1734
1735
1736
1739
1740
1741
1743
1744
1747
1749
1750
1751
1752
1753
1754
1756
1757
1758
1759
1761
1762
1763
1764
1765
1766
1767
1768
1769
1771
1772
1773
1774
1775
1778
1779
1780
1781
1782
1783
1784
1786
1787
1788
1789
1790
1792
1793
1794
1795
1796
1797
1800
1801
1802
1803
1804
1805
1806
1807
1808
1809
1811
1812
1813
1814
1816
1817
1819
1820
1821
1823
1825
1826
1827
1828
1830
1831
1832
1833
1837
1838
1841
1842
1843
1844
1845
1846
1847
1848
1850
1851
1852
1853
1854
1855
1856
1857
1858
1859
1864
1865
1866
1867
1868
1870
1871
1872
1873
1876
1877
1880
1881
1882
1884
1885
1887
1888
1891
1893
1894
1895
1896
1897
1898
1899
1900
1902
1904
1905
1906
1907
1908
1909
1910
1912
1913
1914
1915
1916
1918
1919
1921
1923
1925
1926
1927
1928
1929
1931
1932
1933
1934
1935
1936
1940
1941
1942
1943
1944
1945
1946
1947
1948
1950
1951
1952
1953
1954
1957
1958
1959
1960
1961
1962
1963
1964
1965
1966
1967
1968
1969
1970
1971
1972
1973
1975
1977
1979
1980
1981
1982
1983
1984
1988
1991
1992
1994
1995
1996
1998
2000
2001
2002
2003
2004
2005
2006
2007
2008
2009
2010
2011
2012
2013
2014
2015
2016
2017
2018
2019
2020
2021
2022
2024
2025
2026
2027
2028
2029
2030
2031
2032
2033
2034
2035
2036
2037
2038
2039
2040
2041
2042
2043
2044
2046
2049
2050
2051
2052
2053
2054
2055
2056
2057
2058
2059
2060
2061
2062
2063
2064
2065
2066
2067
2068
2069
2070
2071
2072
2073
2074
2075
2076
2077
2078
2079
2080
2081
2082
2083
2084
