0
1
6
10
13
16
17
18
19
20
21
23
24
25
28
33
36
39
40
44
45
46
51
53
54
56
60
62
63
64
65
67
68
70
71
73
74
75
76
77
80
82
83
85
86
87
88
90
92
98
99
100
101
103
104
105
108
110
111
112
113
115
116
117
118
119
121
123
124
127
128
131
132
137
141
142
144
145
146
147
148
149
150
155
160
163
164
170
171
173
176
180
184
187
190
191
196
197
203
204
205
207
208
209
210
211
213
214
215
216
221
223
224
225
227
231
233
235
236
238
242
249
250
253
254
256
260
263
264
265
266
267
268
271
275
279
280
281
286
289
290
292
293
294
301
303
304
305
306
309
313
315
320
325
326
331
332
333
336
340
343
345
346
347
348
353
354
355
357
360
362
363
366
368
371
373
376
378
379
380
381
387
389
390
395
396
397
402
404
405
409
410
411
415
418
419
420
422
424
425
427
428
433
437
438
440
443
445
447
448
450
451
452
453
455
456
458
461
462
463
466
469
470
472
473
474
477
481
482
490
492
493
495
496
497
498
500
502
503
505
507
508
514
515
516
518
521
522
526
527
530
531
532
533
534
535
538
542
544
549
550
551
553
555
556
559
560
562
563
568
575
578
579
581
583
584
586
588
589
590
593
595
598
599
602
604
605
606
607
608
609
612
613
614
617
618
619
621
622
625
628
630
631
633
637
638
639
641
644
646
647
655
656
658
659
661
665
667
670
671
678
680
683
684
685
686
688
689
691
692
697
698
699
701
704
705
706
707
708
710
712
714
715
717
718
719
723
727
728
730
731
732
733
734
735
737
744
746
750
757
760
761
764
768
772
777
778
780
783
784
788
790
792
793
794
797
800
803
805
808
813
815
817
820
822
823
827
832
833
834
840
844
845
846
850
851
852
854
857
858
860
861
863
874
876
877
878
879
881
883
886
887
890
891
892
895
899
901
902
907
908
909
911
912
914
915
917
918
919
921
924
927
928
929
930
931
933
934
935
936
938
939
942
944
945
946
948
949
951
954
958
959
960
961
962
965
967
972
974
975
980
984
990
991
993
995
996
998
1000
1005
1006
1010
1013
1015
1018
1019
1022
1024
1025
1026
1027
1028
1030
1031
1033
1036
1039
1040
1044
1045
1048
1050
1053
1055
1056
1057
1059
1060
1062
1064
1066
1067
1069
1070
1073
1075
1076
1077
1078
1082
1083
1084
1085
1087
1089
1090
1091
1093
1097
1099
1105
1110
1111
1113
1117
1119
1120
1121
1122
1124
1127
1128
1131
1132
1134
1136
1138
1139
1140
1142
1144
1145
1146
1147
1148
1149
1155
1158
1159
1161
1162
1163
1164
1165
1166
1168
1169
1170
1175
1179
1181
1182
1183
1184
1190
1192
1196
1197
1199
1200
1201
1202
1203
1205
1208
1209
1212
1217
1218
1220
1222
1223
1231
1232
1233
1234
1237
1239
1240
1241
1242
1243
1244
1245
1246
1248
1250
1251
1252
1254
1256
1259
1261
1263
1264
1268
1270
1272
1274
1277
1278
1280
1282
1283
1284
1285
1288
1289
1291
1292
1296
1299
1300
1301
1302
1306
1307
1309
1312
1313
1314
1316
1317
1319
1320
1322
1324
1326
1327
1330
1331
1332
1334
1335
1339
1343
1345
1349
1350
1352
1353
1354
1356
1358
1365
1367
1370
1371
1372
1374
1375
1376
1377
1379
1380
1384
1385
1386
1388
1389
1390
1391
1392
1393
1395
1396
1399
1401
1402
1403
1404
1405
1408
1409
1411
1414
1417
1418
1419
1420
1422
1423
1424
1425
1426
1430
1432
1434
1435
1438
1444
1446
1447
1450
1452
1457
1461
1469
1472
1475
1478
1479
1481
1483
1484
1489
1491
1492
1493
1494
1495
1496
1498
1500
1502
1503
1504
1505
1506
1514
1515
1516
1518
1519
1521
1523
1528
1529
1530
1532
1533
1535
1538
1539
1544
1551
1552
1553
1554
1557
1559
1560
1561
1565
1566
1567
1569
1570
1571
1572
1573
1574
1577
1578
1579
1580
1581
1582
1583
1585
1586
1587
1589
1591
1592
1597
1600
1602
1604
1606
1611
1612
1614
1616
1618
1619
1620
1621
1622
1626
1631
1635
1636
1639
1647
1649
1650
1651
1653
1654
1655
1657
1658
1659
1664
1667
1668
1669
1671
1672
1674
1675
1676
1678
1682
1687
1688
1690
1695
1700
1705
1706
1707
1708
1713
1715
1716
1718
1724
1725
1726
1727
1728
1729
1730
1731
1732
1733
1734
1735
1737
1741
1742
1747
1749
1751
1753
1756
1762
1763
1765
1766
1768
1771
1772
1776
1777
1778
1779
1780
1781
1786
1789
1790
1791
1793
1795
1796
1798
1799
1800
1801
1802
1805
1806
1807
1808
1809
1810
1811
1812
1813
1814
1815
1817
1819
1821
1823
1824
1826
1829
1830
1831
1834
1835
1839
1840
1841
1842
1844
1848
1852
1853
1855
1856
1857
1858
1859
1861
1864
1866
1867
1868
1869
1870
1873
1876
1877
1882
1885
1887
1889
1894
1896
1897
1899
1900
1901
1909
1915
1919
1920
1921
1923
1925
1926
1927
1930
1931
1933
1934
1935
1938
1939
1940
1941
1943
1947
1956
1958
1959
1965
1967
1968
1969
1971
1974
1976
1978
1981
1983
1987
1989
1992
1994
2000
2001
2002
2003
2004
2005
2006
2007
2008
2009
2010
2011
2012
2013
2014
2015
2016
2017
2018
2019
2020
2022
2023
2024
2025
2026
2027
2028
2029
2030
2031
2032
2033
2034
2035
2036
2037
2038
2039
2040
2041
2042
2043
2044
2046
2047
2048
2049
2050
2051
2052
2053
2054
2055
2056
2058
2059
2061
2062
2063
2064
2065
2066
2067
2068
2069
2072
2074
2075
2076
2077
2078
2079
2081
2082
2083
2084
