2
4
5
9
11
12
15
18
21
22
23
26
28
29
30
31
32
33
34
35
36
38
42
43
46
47
49
51
53
55
59
62
63
64
65
67
68
71
72
75
77
80
86
87
88
89
91
94
98
100
102
104
106
110
111
114
120
121
123
124
129
130
131
134
135
145
147
148
151
153
155
156
157
158
163
164
165
166
167
169
170
172
174
175
177
180
181
183
188
190
191
195
196
197
204
205
206
208
209
211
215
218
222
223
225
226
230
231
232
235
236
237
238
241
243
245
246
249
252
253
257
260
261
262
264
265
266
268
274
275
277
278
279
283
284
286
287
288
293
298
300
301
305
307
308
309
315
318
321
322
323
324
326
327
328
329
331
332
336
340
341
344
345
346
347
348
349
350
351
353
354
355
356
358
359
363
366
370
371
373
374
376
381
383
384
387
390
392
393
394
399
400
401
404
405
407
411
414
415
418
420
421
424
426
429
430
434
435
436
437
442
443
446
450
451
453
454
460
461
465
466
467
468
469
474
477
481
484
488
489
490
491
492
494
497
499
500
503
509
510
513
515
516
521
522
528
529
531
532
533
534
535
536
539
540
541
544
545
547
549
551
554
555
556
561
563
564
567
569
572
573
574
575
576
577
579
580
581
584
585
588
589
591
593
595
596
598
602
603
604
605
606
607
609
611
616
618
622
623
624
625
629
630
636
638
646
647
649
652
653
654
656
659
660
663
665
666
667
668
669
670
672
674
679
680
681
685
691
695
698
699
700
701
703
704
708
709
715
716
717
718
720
721
722
723
724
728
731
737
738
743
744
745
746
747
752
753
754
759
760
761
763
764
767
770
772
775
776
777
778
781
782
783
784
785
787
792
794
799
801
802
803
809
811
814
820
821
828
830
831
836
838
840
841
846
848
851
853
855
858
859
862
863
864
868
869
872
881
882
883
884
885
887
889
890
895
896
898
899
901
902
906
907
911
916
918
922
924
926
927
928
931
937
938
939
941
942
943
945
946
947
948
949
950
951
953
954
955
964
965
966
967
968
972
973
974
976
979
980
981
982
983
985
987
988
992
993
994
996
997
1000
1003
1005
1006
1008
1009
1010
1011
1012
1013
1014
1016
1019
1020
1022
1024
1029
1033
1036
1037
1039
1041
1044
1047
1055
1056
1057
1061
1062
1063
1064
1065
1067
1071
1072
1073
1076
1079
1080
1081
1082
1087
1099
1100
1106
1107
1108
1110
1111
1112
1115
1118
1122
1125
1126
1132
1133
1134
1137
1138
1140
1141
1143
1145
1147
1148
1150
1151
1154
1155
1157
1159
1161
1162
1167
1169
1170
1172
1177
1178
1180
1181
1182
1183
1185
1186
1187
1188
1190
1191
1194
1197
1198
1199
1201
1202
1207
1212
1214
1217
1218
1220
1221
1222
1223
1227
1232
1235
1236
1237
1238
1239
1240
1241
1242
1244
1245
1246
1249
1252
1257
1260
1262
1263
1270
1272
1273
1275
1277
1282
1285
1286
1287
1288
1290
1292
1294
1295
1296
1298
1299
1301
1302
1305
1307
1308
1311
1312
1313
1316
1318
1319
1320
1322
1323
1325
1326
1328
1329
1331
1333
1335
1337
1343
1349
1350
1351
1352
1354
1356
1357
1358
1359
1360
1363
1365
1366
1369
1370
1373
1374
1380
1382
1389
1396
1397
1400
1401
1402
1403
1404
1405
1407
1409
1413
1417
1418
1420
1421
1423
1424
1426
1427
1429
1430
1431
1432
1434
1435
1436
1439
1440
1441
1443
1450
1452
1453
1456
1457
1459
1460
1461
1463
1465
1466
1467
1468
1472
1474
1475
1477
1481
1484
1485
1489
1492
1493
1494
1495
1496
1498
1500
1501
1503
1504
1505
1507
1514
1518
1520
1521
1524
1525
1527
1532
1533
1534
1536
1537
1539
1540
1541
1546
1548
1549
1551
1555
1557
1558
1562
1564
1565
1570
1571
1577
1584
1585
1586
1587
1588
1589
1590
1592
1593
1594
1595
1596
1599
1601
1603
1604
1605
1606
1609
1610
1615
1616
1618
1619
1620
1621
1625
1629
1633
1634
1635
1636
1642
1644
1646
1648
1649
1651
1653
1654
1655
1658
1660
1661
1665
1666
1668
1672
1674
1676
1678
1680
1682
1683
1685
1688
1689
1690
1691
1692
1693
1694
1695
1697
1698
1700
1701
1702
1703
1704
1705
1708
1710
1712
1713
1715
1716
1719
1721
1727
1728
1730
1734
1737
1738
1739
1740
1744
1745
1748
1749
1752
1754
1757
1760
1764
1765
1766
1767
1768
1769
1770
1771
1772
1773
1775
1778
1779
1782
1783
1787
1788
1793
1794
1797
1798
1800
1803
1806
1807
1811
1812
1815
1818
1819
1820
1821
1822
1823
1824
1828
1829
1831
1836
1838
1839
1840
1841
1842
1843
1845
1848
1849
1850
1854
1855
1859
1866
1869
1870
1871
1872
1873
1874
1875
1877
1878
1880
1881
1882
1883
1885
1886
1887
1888
1893
1895
1897
1898
1900
1901
1903
1904
1905
1907
1908
1909
1914
1915
1918
1922
1923
1924
1927
1928
1929
1930
1934
1935
1940
1942
1945
1950
1951
1955
1959
1960
1963
1965
1969
1970
1971
1972
1973
1974
1975
1978
1981
1982
1988
1991
1993
1996
1997
1998
2000
2001
2002
2003
2004
2005
2006
2007
2008
2009
2010
2011
2012
2013
2014
2015
2016
2017
2018
2019
2020
2021
2022
2023
2024
2025
2026
2027
2028
2029
2030
2031
2032
2033
2035
2036
2037
2038
2039
2040
2041
2042
2043
2044
2045
2046
2047
2048
2049
2050
2051
2052
2053
2054
2056
2057
2058
2059
2060
2061
2062
2063
2064
2065
2066
2067
2068
2069
2070
2071
2072
2073
2074
2075
2076
2078
2079
2080
2081
2082
2083
2084
