2
4
5
7
8
9
10
13
14
17
18
19
21
22
23
24
25
29
30
35
38
43
46
47
50
51
53
55
57
59
60
62
66
72
73
75
79
80
81
82
83
84
86
87
93
94
96
97
98
100
101
102
105
106
107
108
111
113
114
115
116
119
122
124
126
127
128
129
132
133
137
138
139
144
146
147
148
153
155
157
163
164
170
172
175
180
185
188
190
191
192
193
195
197
199
200
201
202
204
207
208
211
215
216
219
220
222
223
224
225
229
232
234
235
237
239
242
243
244
245
246
249
253
254
255
257
260
267
268
269
270
272
274
275
276
277
278
280
284
285
288
298
299
301
304
306
309
312
321
323
324
325
329
331
332
333
335
336
344
345
346
347
348
352
353
354
355
356
359
360
361
364
366
367
368
371
372
373
374
375
382
384
386
389
392
398
399
400
402
407
408
409
410
411
414
416
420
421
422
425
428
429
431
433
434
437
440
443
444
445
446
447
454
455
460
462
463
464
466
473
474
475
479
481
482
483
484
485
486
487
488
489
491
495
497
500
502
503
505
506
513
518
520
522
523
524
525
529
531
532
535
537
538
539
545
547
549
553
558
560
563
565
567
573
577
578
579
580
583
585
586
594
595
598
601
604
606
607
609
610
612
613
615
616
617
619
620
621
624
627
629
630
632
633
634
636
638
639
641
642
643
646
649
650
651
653
655
656
658
659
660
663
665
668
670
672
674
675
679
681
682
683
684
685
686
687
688
689
692
694
698
699
701
703
705
706
707
708
709
711
713
714
716
719
720
722
724
725
726
727
728
730
731
732
733
735
737
738
740
742
743
744
745
746
747
750
751
752
753
759
761
763
765
766
771
772
773
776
778
779
781
782
783
784
785
786
788
792
797
800
801
802
805
807
809
811
812
814
815
816
817
821
827
832
834
835
836
837
838
840
841
844
845
849
850
851
852
855
856
858
859
860
862
868
869
873
875
878
880
881
882
883
886
887
888
889
890
891
892
893
897
898
899
901
902
903
904
905
906
908
909
913
914
915
917
919
921
926
927
928
929
931
933
935
938
939
941
945
947
948
951
952
960
964
965
966
967
968
972
975
980
981
982
985
986
990
991
994
996
997
1000
1002
1004
1006
1007
1010
1012
1014
1015
1016
1018
1019
1025
1027
1028
1029
1034
1035
1039
1040
1041
1043
1044
1047
1051
1052
1054
1055
1057
1058
1059
1062
1063
1064
1065
1066
1071
1073
1075
1078
1080
1081
1082
1085
1087
1089
1090
1091
1092
1093
1095
1096
1098
1100
1101
1105
1106
1107
1108
1111
1113
1114
1115
1118
1120
1121
1122
1123
1124
1126
1128
1129
1132
1133
1134
1137
1140
1142
1144
1145
1148
1153
1157
1159
1162
1164
1165
1168
1170
1171
1174
1178
1180
1184
1185
1186
1190
1191
1194
1201
1202
1203
1204
1205
1206
1210
1211
1212
1215
1216
1217
1220
1221
1223
1224
1225
1226
1227
1228
1229
1230
1234
1235
1236
1240
1241
1243
1244
1247
1248
1249
1250
1252
1255
1258
1259
1264
1265
1266
1268
1269
1270
1275
1277
1281
1283
1284
1291
1292
1298
1299
1300
1301
1302
1303
1305
1306
1307
1309
1313
1314
1316
1317
1318
1319
1320
1321
1322
1326
1329
1331
1332
1333
1334
1336
1338
1341
1342
1343
1347
1349
1350
1354
1359
1360
1361
1367
1370
1372
1374
1375
1377
1379
1380
1386
1389
1390
1395
1396
1398
1400
1402
1404
1406
1410
1411
1412
1417
1418
1420
1422
1423
1431
1433
1434
1435
1436
1438
1439
1441
1442
1443
1444
1448
1452
1456
1457
1461
1462
1465
1467
1468
1469
1471
1474
1475
1477
1481
1483
1484
1488
1492
1496
1497
1498
1501
1502
1503
1509
1515
1518
1519
1521
1522
1524
1525
1526
1527
1529
1530
1531
1533
1538
1542
1543
1544
1546
1548
1549
1550
1551
1553
1557
1559
1560
1563
1564
1565
1566
1569
1570
1572
1576
1578
1579
1581
1584
1587
1591
1592
1593
1596
1603
1606
1607
1609
1614
1616
1617
1618
1623
1626
1627
1629
1631
1633
1634
1635
1640
1642
1648
1649
1655
1656
1660
1661
1662
1663
1665
1669
1670
1672
1675
1677
1681
1683
1684
1685
1689
1693
1696
1697
1700
1701
1702
1703
1706
1707
1708
1709
1712
1714
1715
1717
1718
1719
1721
1724
1725
1726
1730
1735
1736
1737
1740
1741
1744
1747
1748
1750
1751
1756
1757
1758
1759
1760
1763
1765
1766
1769
1770
1771
1772
1773
1776
1777
1778
1779
1787
1788
1789
1790
1794
1796
1801
1803
1804
1807
1810
1812
1822
1823
1826
1831
1833
1835
1836
1837
1844
1846
1847
1851
1852
1855
1856
1858
1861
1862
1863
1868
1871
1873
1875
1876
1879
1880
1881
1882
1884
1886
1887
1889
1891
1893
1895
1896
1898
1901
1902
1903
1905
1906
1910
1911
1915
1917
1920
1922
1924
1926
1927
1930
1931
1932
1935
1938
1940
1941
1942
1943
1944
1950
1951
1953
1954
1959
1960
1963
1967
1969
1970
1972
1976
1979
1983
1984
1985
1986
1987
1988
1989
1991
1992
1994
1997
1998
2000
2001
2002
2003
2004
2005
2006
2007
2008
2009
2010
2011
2012
2013
2014
2015
2016
2018
2019
2020
2021
2022
2023
2024
2025
2026
2027
2028
2029
2030
2031
2032
2033
2034
2035
2036
2037
2038
2039
2040
2041
2042
2043
2044
2045
2046
2047
2050
2051
2052
2053
2056
2057
2058
2059
2061
2062
2063
2064
2065
2068
2069
2070
2071
2072
2073
2074
2075
2076
2077
2078
2080
2081
2082
2083
2084
