2
4
7
11
13
16
18
19
20
21
25
27
28
30
31
32
33
38
39
42
45
46
47
51
52
54
59
64
66
67
76
77
79
81
82
83
84
85
86
91
94
97
98
99
100
101
103
104
105
106
109
110
111
112
113
115
116
118
119
124
125
128
129
130
131
132
133
134
136
137
141
144
145
147
148
152
155
156
157
158
161
166
170
172
174
175
177
182
186
187
190
195
198
202
203
209
211
212
213
214
215
217
223
225
226
227
228
229
230
231
233
236
240
241
242
243
246
249
254
255
257
258
260
262
264
265
266
271
274
276
277
280
281
282
283
284
285
288
289
290
292
293
294
296
297
298
301
303
306
309
312
315
316
317
321
326
328
329
333
334
337
338
340
341
343
345
346
347
350
351
353
354
355
360
361
362
363
364
365
367
368
369
370
371
372
373
376
377
381
384
386
387
393
396
397
398
399
402
404
408
410
413
414
415
416
418
420
421
422
426
428
430
435
436
437
438
439
440
442
445
452
453
456
458
461
462
468
469
470
471
472
473
474
475
476
480
481
482
486
487
489
490
491
493
497
498
499
500
501
505
507
511
515
516
521
525
526
527
529
530
533
534
536
539
540
541
542
543
545
546
547
548
549
551
552
553
555
558
559
560
563
564
567
568
569
572
574
580
581
588
590
593
594
596
598
599
603
605
606
608
612
614
615
620
621
622
623
625
626
627
629
631
633
637
638
639
640
643
644
646
650
651
659
660
661
665
666
667
669
677
679
682
683
688
689
691
692
696
697
698
702
704
706
707
710
712
714
715
718
719
720
721
723
728
731
732
733
734
735
736
738
742
746
748
749
751
752
753
759
762
764
765
768
769
770
771
773
775
777
779
780
781
782
783
784
785
786
787
788
790
791
792
793
794
796
797
800
802
803
806
808
809
811
813
814
815
817
819
821
822
824
826
828
831
838
840
843
848
850
853
856
858
862
863
866
869
870
874
875
877
881
885
888
890
891
898
900
902
904
905
911
914
915
916
918
923
928
929
930
934
937
938
939
942
943
945
946
947
948
949
954
955
958
959
962
963
966
967
971
979
980
981
984
985
986
990
991
993
994
999
1004
1005
1008
1011
1015
1018
1019
1020
1021
1024
1028
1029
1032
1033
1039
1040
1043
1044
1046
1052
1053
1054
1055
1056
1063
1065
1066
1068
1072
1075
1078
1079
1080
1081
1082
1085
1087
1089
1090
1093
1094
1095
1096
1098
1099
1100
1102
1106
1107
1112
1114
1115
1122
1123
1124
1128
1129
1131
1132
1133
1135
1136
1137
1138
1140
1141
1142
1143
1144
1146
1148
1149
1150
1152
1153
1154
1156
1157
1161
1164
1165
1170
1171
1177
1179
1180
1186
1187
1190
1191
1192
1194
1196
1202
1203
1205
1208
1210
1211
1212
1215
1217
1218
1220
1222
1223
1224
1227
1228
1230
1231
1233
1234
1235
1236
1237
1238
1239
1240
1241
1242
1243
1244
1245
1246
1248
1249
1250
1251
1252
1253
1255
1256
1257
1260
1261
1262
1264
1265
1268
1269
1271
1272
1273
1275
1281
1282
1283
1286
1287
1288
1290
1294
1296
1298
1299
1300
1301
1302
1304
1306
1307
1308
1312
1313
1314
1317
1318
1322
1323
1327
1328
1331
1333
1334
1335
1338
1341
1342
1343
1344
1349
1350
1352
1353
1355
1357
1358
1360
1363
1370
1371
1381
1382
1386
1388
1391
1392
1393
1397
1398
1399
1400
1403
1404
1405
1407
1408
1409
1410
1412
1414
1417
1420
1421
1427
1429
1434
1436
1438
1440
1441
1442
1443
1444
1447
1448
1450
1451
1452
1454
1457
1459
1463
1464
1466
1469
1470
1474
1475
1478
1480
1481
1482
1483
1484
1485
1489
1491
1492
1499
1503
1504
1505
1507
1509
1510
1513
1515
1516
1518
1520
1521
1522
1527
1531
1533
1535
1537
1539
1541
1547
1551
1554
1556
1562
1566
1568
1571
1573
1574
1575
1578
1581
1583
1584
1585
1586
1592
1593
1594
1595
1597
1598
1599
1600
1601
1602
1603
1605
1608
1609
1610
1611
1612
1614
1617
1618
1620
1625
1629
1631
1633
1637
1640
1641
1642
1644
1647
1650
1655
1657
1659
1660
1661
1667
1668
1669
1671
1672
1675
1678
1680
1681
1683
1687
1688
1690
1692
1695
1696
1697
1698
1700
1703
1704
1705
1706
1708
1710
1719
1721
1722
1723
1725
1726
1727
1730
1731
1732
1741
1742
1743
1745
1746
1750
1754
1757
1759
1760
1761
1762
1765
1767
1768
1771
1772
1774
1775
1776
1781
1782
1783
1787
1788
1789
1790
1791
1793
1798
1800
1802
1807
1808
1809
1810
1812
1816
1818
1821
1824
1827
1835
1838
1839
1840
1842
1844
1848
1849
1851
1852
1854
1855
1857
1858
1861
1863
1864
1866
1867
1869
1871
1872
1873
1875
1876
1877
1883
1884
1886
1888
1889
1890
1894
1895
1896
1898
1900
1901
1903
1905
1907
1913
1914
1916
1920
1921
1924
1925
1926
1927
1931
1933
1934
1935
1937
1938
1939
1940
1941
1943
1944
1945
1947
1951
1955
1956
1959
1960
1962
1963
1965
1969
1970
1972
1973
1974
1975
1979
1982
1983
1986
1987
1990
1992
1994
1996
1997
1998
2000
2001
2002
2003
2004
2007
2008
2009
2011
2012
2013
2014
2015
2017
2018
2020
2022
2023
2025
2026
2027
2028
2029
2030
2031
2032
2033
2035
2036
2037
2038
2039
2040
2041
2042
2043
2044
2045
2046
2047
2048
2049
2050
2051
2052
2053
2054
2057
2058
2059
2060
2061
2062
2063
2064
2065
2067
2068
2069
2070
2071
2072
2073
2074
2075
2077
2078
2080
2081
2082
2083
2084
