2
11
13
15
35
38
80
94
97
101
103
111
120
170
243
257
260
265
266
288
301
331
336
340
350
368
384
395
397
402
408
418
422
429
430
434
454
468
477
482
484
489
500
505
560
574
594
603
604
660
715
723
746
752
759
792
794
797
803
809
820
821
828
858
891
902
919
928
954
982
1020
1028
1064
1065
1079
1110
1132
1217
1220
1228
1230
1232
1235
1254
1268
1273
1298
1312
1317
1321
1328
1343
1345
1393
1429
1461
1469
1481
1493
1533
1539
1546
1551
1571
1605
1606
1616
1625
1634
1655
1683
1688
1690
1705
1710
1719
1730
1765
1770
1839
1867
1871
1885
1886
1895
1905
1916
1924
1970
1974
1979
1992
1996
2000
2001
2002
2003
2004
2005
2009
2011
2012
2013
2014
2015
2016
2017
2018
2019
2020
2021
2022
2023
2024
2025
2026
2027
2028
2029
2030
2031
2032
2033
2035
2036
2037
2038
2039
2040
2041
2042
2043
2044
2045
2046
2047
2048
2049
2051
2052
2053
2054
2056
2057
2059
2060
2061
2063
2064
2065
2067
2068
2069
2070
2071
2072
2073
2074
2075
2076
2077
2078
2079
2080
2081
2082
2083
2084
