18
24
29
56
64
66
75
83
85
108
150
152
158
205
244
249
251
253
264
266
275
286
295
297
301
325
326
328
342
346
363
370
397
400
411
422
457
463
465
473
483
493
501
508
518
519
542
545
555
574
583
595
598
607
638
654
670
678
681
706
728
742
747
768
782
784
802
809
813
825
827
836
858
866
886
887
888
895
908
920
939
957
960
984
993
997
1040
1048
1051
1052
1098
1101
1105
1146
1168
1181
1187
1190
1221
1222
1236
1244
1246
1249
1254
1304
1345
1349
1357
1360
1398
1401
1423
1424
1446
1452
1461
1475
1477
1492
1509
1512
1522
1523
1527
1544
1570
1578
1589
1594
1615
1629
1638
1639
1645
1654
1694
1701
1706
1707
1734
1741
1747
1757
1763
1787
1796
1797
1819
1839
1867
1889
1897
1941
1954
1959
1969
1991
2000
2003
2004
2005
2007
2008
2009
2011
2013
2014
2016
2017
2018
2021
2022
2025
2028
2029
2031
2032
2033
2035
2036
2037
2042
2043
2047
2048
2050
2051
2052
2056
2057
2058
2059
2062
2063
2064
2067
2068
2069
2070
2072
2073
2075
2076
2077
2081
2083
2084
