1
2
4
5
7
8
9
10
11
12
13
14
16
17
18
19
21
22
23
24
25
26
28
29
31
32
33
34
35
36
38
40
41
42
43
44
45
46
47
48
49
50
51
53
54
55
56
57
58
60
61
62
63
64
65
66
69
70
71
72
73
74
75
77
78
80
82
83
84
86
87
90
91
92
93
94
95
97
100
101
102
103
104
106
107
109
111
112
113
115
116
117
118
121
122
125
126
128
129
130
131
132
133
135
136
137
138
141
142
145
146
147
150
151
153
156
157
158
160
163
164
165
167
170
171
172
173
175
177
178
179
180
181
182
183
188
189
190
191
192
193
194
196
198
199
200
201
202
203
204
205
206
207
208
209
210
211
213
214
215
216
217
218
219
220
222
223
224
225
226
227
228
230
231
232
234
235
236
237
238
239
241
242
243
244
245
246
248
249
250
251
253
254
259
260
261
262
266
267
268
269
271
273
274
275
276
277
278
279
281
282
283
284
285
286
287
288
289
290
292
293
294
295
296
297
298
299
300
301
302
303
306
307
308
309
310
311
312
313
314
315
317
318
319
322
323
324
325
326
329
330
331
334
336
337
338
339
340
341
342
343
344
345
346
347
348
350
351
352
354
355
357
358
359
360
362
364
365
366
367
368
369
370
373
374
375
376
377
379
380
381
382
384
385
386
387
388
389
390
392
393
395
397
399
400
401
404
405
407
408
409
410
411
412
416
418
420
421
422
424
425
426
427
428
429
430
432
434
437
440
442
446
447
449
450
451
452
454
455
456
457
459
460
461
462
463
464
465
466
467
468
470
472
473
474
475
476
477
478
480
481
482
483
484
485
486
488
490
491
492
495
496
498
503
504
505
506
508
509
510
512
513
515
517
518
519
520
523
524
527
528
529
530
531
532
533
534
535
536
537
539
541
542
543
544
545
546
547
548
549
552
553
555
559
560
561
562
564
565
567
568
569
571
572
573
574
576
578
579
580
581
582
583
585
586
587
588
589
590
591
593
594
595
596
598
599
600
601
603
604
605
606
607
608
609
610
611
612
613
615
616
617
618
619
620
621
622
626
627
628
629
631
632
634
635
638
641
642
643
645
647
650
652
653
656
659
661
662
663
665
666
669
670
671
674
675
676
677
678
679
680
681
682
685
686
687
688
689
691
692
693
694
695
696
697
699
700
701
702
703
704
705
707
708
709
711
717
719
720
721
722
723
724
725
726
727
729
730
731
732
733
734
735
736
739
740
742
743
744
745
746
747
748
749
750
751
752
753
754
756
759
760
761
764
765
766
768
769
770
771
772
774
775
776
777
778
779
780
781
782
784
785
786
787
788
790
792
793
795
796
801
802
803
804
805
807
808
810
811
812
813
814
815
817
818
819
820
822
825
826
828
829
830
831
833
834
835
836
840
841
842
845
846
847
848
849
850
851
852
853
854
855
856
857
858
859
860
862
863
864
865
867
868
870
871
872
873
875
876
877
878
879
880
881
883
884
885
886
887
889
890
891
894
895
897
898
899
900
902
903
905
906
908
909
911
913
914
915
916
918
919
920
922
923
924
925
926
927
930
931
933
934
935
936
937
938
941
942
943
945
947
948
953
955
957
958
959
960
963
964
965
966
968
969
970
971
973
974
975
976
977
978
980
981
982
983
984
985
986
987
989
990
991
992
994
995
996
997
999
1000
1001
1005
1006
1007
1008
1009
1010
1012
1013
1014
1015
1016
1017
1018
1019
1021
1022
1024
1025
1027
1028
1032
1033
1034
1035
1037
1038
1040
1042
1043
1044
1045
1046
1049
1050
1051
1053
1054
1056
1057
1058
1059
1060
1061
1062
1063
1065
1066
1068
1069
1070
1071
1072
1074
1075
1076
1079
1080
1082
1084
1086
1087
1089
1091
1092
1094
1096
1098
1099
1101
1102
1104
1106
1108
1109
1110
1111
1112
1113
1115
1117
1118
1119
1120
1121
1122
1123
1125
1126
1127
1128
1129
1130
1131
1132
1134
1135
1138
1139
1141
1142
1143
1144
1145
1146
1147
1148
1149
1150
1151
1153
1154
1155
1156
1157
1158
1159
1164
1165
1166
1167
1168
1169
1170
1171
1172
1174
1175
1176
1177
1178
1179
1180
1181
1182
1184
1185
1186
1187
1190
1191
1192
1193
1195
1196
1197
1198
1199
1200
1202
1204
1205
1207
1208
1210
1211
1212
1213
1214
1216
1218
1219
1220
1221
1222
1223
1225
1227
1228
1229
1230
1231
1232
1233
1235
1236
1237
1238
1239
1240
1242
1244
1246
1247
1249
1250
1251
1252
1254
1255
1256
1257
1259
1260
1261
1262
1263
1264
1265
1266
1267
1270
1271
1272
1273
1276
1277
1280
1281
1282
1284
1285
1286
1287
1289
1290
1291
1292
1293
1295
1297
1298
1299
1300
1301
1304
1305
1306
1308
1309
1310
1311
1312
1313
1316
1317
1318
1320
1321
1322
1323
1326
1327
1328
1329
1330
1331
1332
1333
1335
1336
1337
1338
1339
1340
1342
1343
1344
1345
1348
1349
1351
1352
1353
1354
1355
1356
1357
1358
1359
1360
1361
1362
1363
1365
1366
1368
1369
1370
1371
1372
1374
1375
1376
1378
1379
1380
1382
1386
1387
1389
1391
1392
1396
1397
1398
1399
1400
1402
1404
1405
1406
1407
1408
1410
1411
1413
1414
1415
1417
1418
1419
1420
1421
1422
1423
1425
1427
1429
1432
1433
1434
1435
1436
1437
1441
1442
1443
1444
1446
1447
1450
1453
1454
1456
1457
1458
1462
1465
1466
1468
1469
1471
1472
1474
1475
1477
1478
1479
1480
1481
1482
1484
1485
1487
1488
1489
1490
1491
1492
1493
1494
1495
1496
1497
1498
1499
1501
1502
1504
1507
1508
1509
1511
1513
1514
1516
1517
1518
1520
1522
1523
1526
1527
1528
1529
1530
1531
1532
1533
1535
1536
1538
1540
1541
1542
1543
1544
1546
1547
1548
1549
1550
1551
1552
1553
1554
1555
1556
1557
1558
1559
1560
1563
1564
1565
1566
1567
1568
1570
1572
1573
1574
1575
1578
1579
1580
1581
1582
1583
1585
1588
1589
1590
1591
1592
1593
1594
1595
1596
1598
1599
1600
1601
1602
1604
1606
1607
1608
1609
1610
1611
1612
1613
1616
1617
1618
1619
1620
1621
1622
1623
1624
1625
1626
1627
1628
1629
1630
1631
1632
1633
1634
1635
1636
1637
1639
1640
1641
1642
1644
1647
1649
1650
1651
1652
1653
1655
1656
1657
1658
1659
1662
1663
1664
1665
1666
1668
1669
1671
1673
1674
1675
1676
1677
1678
1679
1680
1681
1684
1685
1687
1688
1689
1691
1692
1693
1696
1697
1700
1702
1703
1704
1705
1707
1708
1709
1710
1711
1713
1714
1717
1720
1721
1722
1723
1724
1726
1728
1730
1731
1735
1736
1737
1738
1740
1744
1746
1747
1748
1749
1750
1751
1752
1753
1755
1756
1758
1759
1760
1762
1763
1764
1765
1766
1767
1768
1770
1771
1773
1774
1776
1777
1778
1779
1781
1782
1783
1786
1787
1789
1790
1791
1792
1794
1796
1798
1799
1800
1802
1804
1805
1806
1808
1809
1810
1811
1812
1814
1815
1816
1817
1818
1819
1820
1822
1823
1824
1825
1826
1827
1828
1830
1832
1833
1834
1835
1837
1838
1839
1840
1841
1843
1845
1847
1848
1850
1852
1853
1855
1856
1858
1859
1860
1861
1862
1864
1865
1866
1867
1868
1869
1871
1872
1873
1874
1875
1876
1877
1879
1880
1881
1882
1883
1884
1885
1886
1887
1888
1889
1890
1891
1892
1894
1895
1896
1897
1900
1901
1902
1903
1904
1905
1906
1908
1909
1911
1913
1914
1915
1916
1917
1918
1919
1920
1923
1925
1927
1928
1929
1930
1931
1932
1934
1936
1938
1939
1940
1941
1942
1944
1946
1947
1949
1950
1951
1953
1954
1955
1956
1957
1959
1960
1961
1962
1963
1964
1966
1967
1968
1969
1970
1971
1972
1973
1974
1975
1979
1980
1981
1983
1984
1988
1989
1990
1991
1993
1994
1996
1997
1998
2000
2001
2002
2003
2004
2005
2006
2007
2008
2009
2010
2012
2013
2014
2015
2016
2017
2018
2019
2020
2021
2022
2023
2024
2025
2026
2027
2028
2029
2030
2031
2032
2033
2034
2035
2036
2037
2038
2039
2040
2041
2042
2043
2044
2045
2046
2047
2048
2049
2050
2051
2052
2053
2054
2055
2056
2058
2059
2061
2062
2063
2064
2065
2066
2067
2068
2069
2070
2071
2072
2073
2074
2075
2076
2077
2078
2079
2080
2081
2082
2083
2084
