1
10
12
13
16
17
19
22
26
30
32
35
37
40
41
44
51
62
64
67
74
80
86
91
92
94
97
100
101
104
105
110
111
119
126
128
132
139
149
150
160
164
170
172
173
175
177
188
192
197
206
221
225
227
238
242
243
251
252
257
274
275
277
288
292
295
296
315
317
321
326
329
330
331
333
334
335
336
345
348
353
354
356
359
368
369
381
384
391
396
399
400
404
405
409
420
422
427
430
434
435
437
438
442
448
451
452
461
462
463
466
467
480
482
485
489
491
497
499
507
510
512
517
519
521
528
529
532
537
543
545
546
547
548
549
556
559
560
594
595
596
598
604
611
613
614
627
631
638
646
655
663
668
670
674
675
676
679
689
693
695
698
701
707
715
723
725
732
733
746
747
753
759
763
767
769
771
773
775
776
777
784
788
789
794
800
801
808
814
823
826
827
833
836
837
838
853
856
857
858
860
864
867
869
873
874
880
883
887
888
895
902
918
919
926
931
933
935
936
943
954
956
961
962
968
974
975
986
999
1006
1014
1015
1018
1019
1020
1024
1029
1030
1032
1039
1051
1052
1056
1063
1064
1070
1071
1078
1081
1089
1095
1099
1103
1106
1107
1119
1128
1138
1140
1142
1146
1151
1161
1162
1168
1169
1172
1175
1182
1183
1185
1190
1194
1195
1196
1198
1200
1201
1208
1214
1216
1218
1219
1220
1222
1231
1233
1241
1244
1249
1251
1262
1264
1265
1268
1270
1275
1280
1281
1282
1284
1285
1290
1291
1301
1302
1303
1313
1322
1323
1333
1338
1339
1340
1345
1347
1353
1355
1357
1360
1363
1370
1376
1382
1389
1398
1401
1412
1425
1440
1444
1446
1450
1451
1452
1455
1457
1464
1472
1474
1480
1482
1485
1491
1492
1501
1506
1509
1512
1521
1527
1537
1538
1539
1556
1557
1561
1568
1573
1578
1580
1583
1584
1589
1602
1609
1618
1620
1622
1624
1631
1635
1639
1645
1650
1651
1656
1663
1665
1668
1673
1680
1683
1685
1699
1700
1703
1705
1716
1721
1722
1723
1730
1732
1742
1745
1750
1756
1761
1762
1765
1766
1769
1773
1779
1787
1789
1790
1794
1798
1805
1807
1808
1811
1814
1815
1818
1819
1841
1848
1855
1856
1858
1861
1866
1874
1880
1881
1885
1886
1895
1896
1904
1910
1925
1926
1928
1932
1933
1938
1945
1950
1969
1971
1972
1973
1974
1983
1991
1998
2000
2001
2002
2003
2004
2005
2007
2008
2009
2012
2013
2014
2015
2016
2017
2018
2019
2020
2021
2022
2023
2024
2026
2027
2028
2029
2030
2031
2032
2033
2036
2037
2039
2040
2041
2042
2044
2045
2046
2047
2048
2049
2050
2051
2052
2053
2054
2055
2056
2057
2058
2060
2061
2062
2063
2065
2067
2068
2069
2071
2073
2074
2075
2076
2077
2078
2079
2080
2082
2083
2084
