3
4
11
18
33
72
77
81
82
83
109
113
120
139
143
147
158
184
192
207
213
215
233
235
243
245
251
317
326
328
334
345
354
363
376
399
400
407
409
429
434
435
472
500
514
537
555
564
568
598
613
670
680
685
722
723
742
743
773
778
843
858
864
873
886
914
938
947
993
1008
1012
1016
1027
1037
1050
1062
1082
1103
1110
1149
1153
1166
1178
1182
1190
1194
1220
1262
1272
1304
1306
1307
1313
1345
1352
1356
1358
1360
1380
1384
1408
1429
1438
1443
1444
1480
1533
1543
1555
1573
1583
1594
1606
1610
1658
1664
1668
1673
1685
1688
1692
1693
1699
1713
1720
1740
1742
1765
1787
1791
1796
1806
1811
1819
1828
1841
1864
1866
1867
1887
1901
1909
1917
1918
1962
1978
1982
1988
1997
1998
2001
2003
2005
2007
2011
2013
2014
2015
2016
2018
2019
2020
2021
2022
2023
2024
2025
2028
2030
2031
2033
2035
2036
2037
2038
2039
2040
2041
2042
2043
2044
2045
2047
2048
2049
2050
2051
2054
2056
2057
2058
2059
2062
2063
2064
2065
2068
2069
2070
2071
2073
2074
2075
2076
2079
2080
2082
2084
