0
3
4
5
8
11
13
14
15
17
18
21
23
24
25
27
29
30
31
33
34
35
38
42
44
48
51
52
53
54
58
59
60
62
63
65
66
67
71
74
80
81
82
90
91
92
93
95
97
98
100
101
103
106
108
109
113
114
118
119
121
123
125
127
129
134
135
138
139
141
142
143
145
149
150
151
156
161
163
166
168
172
173
177
178
181
182
183
184
185
186
188
189
190
192
194
195
197
198
202
203
204
205
206
208
211
213
216
218
220
221
225
226
227
228
232
237
238
242
244
245
246
247
249
250
254
259
262
264
265
266
269
270
272
275
276
279
281
283
284
287
288
289
290
292
294
295
299
301
305
306
308
309
310
311
314
317
318
319
321
324
325
326
327
328
329
330
331
332
334
335
336
337
339
342
343
345
346
347
355
356
358
359
360
361
367
371
374
384
387
389
392
393
394
396
398
399
400
406
408
409
412
418
420
422
424
426
427
428
429
431
435
437
441
443
445
448
450
455
456
458
461
462
464
465
467
470
473
474
476
479
481
483
484
486
489
491
496
497
499
503
504
507
508
520
521
523
524
525
526
529
530
532
533
534
538
541
542
543
545
547
549
550
552
553
554
558
559
560
563
564
565
568
571
572
573
574
577
578
579
584
585
590
593
594
595
600
603
604
607
609
610
611
613
617
618
620
622
626
628
629
630
632
634
636
643
644
646
647
648
650
652
654
655
656
657
660
661
662
665
667
668
670
672
674
676
678
679
680
681
682
684
685
686
689
692
693
695
699
701
702
703
706
710
712
717
718
720
721
722
723
724
727
731
732
735
737
738
739
740
742
743
746
747
751
752
754
756
757
759
761
762
765
767
772
774
776
777
778
786
787
792
794
796
800
801
807
809
810
811
812
816
817
818
821
823
825
828
833
835
836
837
838
839
843
844
845
851
854
855
857
858
861
864
868
871
872
873
874
876
877
878
879
882
884
885
887
888
890
893
895
897
900
902
905
910
911
912
914
915
916
917
919
920
921
924
926
928
931
939
944
945
946
950
952
957
958
960
962
964
968
969
971
972
975
976
977
978
979
980
982
983
984
985
986
987
989
995
996
997
999
1000
1002
1006
1007
1009
1012
1013
1015
1016
1018
1020
1025
1026
1027
1030
1035
1038
1040
1041
1043
1044
1045
1046
1047
1048
1049
1050
1051
1052
1053
1055
1059
1061
1062
1065
1066
1070
1071
1077
1078
1079
1083
1086
1088
1089
1090
1093
1094
1095
1097
1102
1103
1104
1105
1109
1110
1111
1112
1113
1116
1119
1121
1122
1124
1125
1127
1128
1133
1136
1140
1143
1144
1145
1148
1153
1156
1157
1158
1160
1163
1165
1166
1167
1168
1170
1171
1175
1179
1180
1183
1186
1187
1188
1196
1198
1199
1202
1203
1204
1209
1210
1211
1212
1219
1220
1221
1222
1224
1228
1233
1243
1244
1248
1249
1250
1252
1253
1254
1255
1257
1258
1259
1260
1261
1264
1268
1269
1270
1272
1275
1277
1278
1279
1283
1284
1285
1286
1287
1288
1291
1292
1294
1296
1298
1299
1301
1303
1304
1305
1306
1312
1313
1320
1321
1322
1323
1324
1325
1326
1328
1329
1331
1333
1334
1336
1339
1341
1342
1345
1348
1352
1353
1354
1358
1361
1362
1364
1367
1370
1372
1374
1376
1377
1380
1382
1385
1386
1388
1389
1390
1392
1399
1400
1404
1405
1406
1407
1408
1410
1414
1416
1417
1420
1421
1423
1425
1429
1430
1432
1433
1434
1441
1443
1444
1447
1452
1453
1454
1460
1462
1463
1467
1468
1469
1473
1474
1475
1477
1478
1481
1483
1485
1488
1491
1492
1495
1496
1499
1500
1503
1504
1505
1508
1509
1513
1514
1516
1517
1518
1519
1520
1522
1523
1528
1529
1531
1533
1538
1539
1541
1542
1543
1548
1550
1552
1556
1557
1560
1561
1563
1565
1569
1570
1573
1574
1576
1577
1578
1581
1582
1583
1585
1586
1587
1591
1594
1596
1597
1598
1601
1602
1604
1606
1610
1611
1615
1617
1619
1620
1623
1625
1628
1632
1635
1636
1640
1642
1644
1645
1646
1648
1650
1652
1653
1655
1657
1662
1664
1665
1666
1667
1668
1669
1670
1672
1674
1675
1676
1677
1678
1684
1688
1689
1690
1691
1692
1693
1695
1701
1702
1705
1707
1708
1712
1713
1715
1717
1719
1720
1721
1725
1726
1728
1729
1730
1732
1734
1736
1737
1740
1741
1743
1745
1746
1747
1748
1749
1752
1754
1756
1758
1759
1760
1761
1762
1763
1764
1765
1766
1769
1770
1772
1775
1781
1782
1784
1786
1787
1790
1791
1792
1795
1796
1797
1800
1802
1803
1804
1807
1810
1811
1812
1815
1816
1817
1818
1819
1820
1822
1826
1833
1834
1837
1838
1841
1843
1844
1846
1847
1850
1854
1856
1857
1858
1864
1865
1868
1879
1881
1882
1883
1884
1886
1887
1888
1890
1891
1894
1895
1896
1897
1898
1899
1900
1905
1907
1908
1909
1914
1916
1917
1920
1922
1923
1927
1930
1931
1936
1938
1939
1940
1941
1942
1944
1945
1947
1949
1950
1951
1953
1954
1959
1960
1962
1964
1968
1969
1973
1974
1976
1977
1982
1984
1987
1988
1989
1991
1992
1994
1996
1999
2000
2001
2002
2003
2004
2005
2006
2007
2008
2009
2010
2011
2012
2013
2014
2015
2016
2018
2019
2020
2021
2022
2023
2024
2025
2026
2027
2029
2031
2033
2034
2036
2037
2038
2039
2040
2041
2042
2044
2046
2048
2049
2050
2051
2052
2054
2055
2056
2057
2058
2059
2061
2062
2064
2065
2067
2068
2069
2070
2071
2072
2073
2074
2075
2076
2079
2081
2082
2083
2084
