19
34
57
64
100
107
128
129
135
136
138
149
151
208
218
238
256
267
269
277
298
310
337
345
376
386
392
400
410
420
428
453
456
470
478
479
521
523
526
536
539
546
550
572
574
579
584
591
607
614
633
679
695
699
718
723
726
733
739
742
750
751
752
763
774
783
797
827
865
878
881
887
911
943
952
959
964
972
974
975
988
993
1000
1001
1004
1012
1015
1019
1021
1036
1044
1091
1110
1118
1138
1140
1143
1155
1166
1171
1186
1197
1204
1216
1220
1242
1270
1282
1286
1299
1321
1330
1343
1363
1366
1378
1385
1398
1406
1414
1437
1454
1475
1477
1491
1516
1547
1551
1556
1561
1563
1587
1597
1627
1634
1639
1654
1667
1669
1678
1680
1684
1692
1693
1705
1713
1715
1716
1718
1721
1723
1724
1730
1731
1740
1745
1765
1791
1803
1806
1812
1818
1819
1837
1858
1864
1867
1886
1887
1895
1906
1921
1934
1956
1971
1998
2001
2003
2006
2007
2008
2011
2013
2015
2018
2019
2021
2022
2023
2025
2031
2034
2039
2043
2044
2048
2049
2052
2056
2057
2058
2063
2070
2074
2076
2080
2081
2084
