13
35
66
83
86
92
94
105
120
128
129
150
158
197
200
225
227
243
257
276
283
294
309
325
328
353
381
414
420
434
454
469
484
489
500
507
513
520
521
555
562
574
578
586
591
593
615
619
622
629
638
655
674
679
697
742
775
784
788
793
821
833
852
854
877
899
902
928
950
962
971
973
982
988
1019
1028
1033
1039
1051
1071
1079
1080
1081
1082
1089
1092
1109
1124
1132
1136
1154
1160
1161
1170
1182
1190
1194
1217
1220
1222
1231
1235
1236
1261
1281
1293
1308
1313
1325
1335
1338
1353
1355
1363
1375
1382
1392
1429
1435
1438
1457
1492
1509
1518
1520
1521
1523
1542
1550
1551
1554
1556
1573
1574
1578
1585
1595
1599
1624
1642
1651
1668
1683
1718
1723
1726
1739
1756
1765
1776
1779
1789
1795
1838
1839
1841
1858
1867
1908
1928
1954
1960
1965
1967
1994
2000
2001
2002
2004
2008
2009
2011
2012
2013
2017
2020
2022
2023
2024
2028
2029
2032
2033
2036
2039
2040
2043
2044
2046
2049
2051
2056
2059
2060
2061
2062
2064
2067
2068
2069
2071
2073
2075
2078
2079
2080
2082
2083
