11
15
30
58
71
100
106
116
123
139
149
163
166
256
269
290
294
325
336
349
373
375
379
414
418
420
422
437
438
449
450
453
479
489
494
518
521
525
533
534
539
542
550
560
597
603
607
611
670
678
682
693
701
714
715
733
743
745
746
778
784
797
840
869
878
880
889
903
926
928
941
947
951
952
960
967
971
982
1000
1006
1008
1019
1028
1032
1055
1066
1075
1099
1102
1109
1110
1111
1124
1140
1143
1144
1147
1180
1212
1220
1221
1239
1261
1324
1345
1351
1355
1367
1370
1381
1391
1432
1441
1466
1483
1484
1489
1491
1523
1548
1563
1578
1583
1591
1594
1596
1604
1611
1661
1668
1680
1686
1702
1719
1741
1752
1765
1767
1770
1775
1829
1839
1864
1868
1881
1907
1918
1956
1964
1988
1994
2000
2001
2004
2005
2008
2009
2010
2014
2015
2016
2017
2018
2019
2020
2021
2023
2025
2026
2027
2028
2031
2032
2033
2034
2035
2037
2038
2039
2040
2041
2042
2043
2044
2046
2048
2049
2050
2053
2054
2055
2056
2057
2058
2059
2061
2063
2064
2069
2071
2072
2073
2078
2079
2081
2082
2083
2084
