0
2
3
4
5
6
8
9
10
11
12
14
15
16
17
18
19
20
21
22
23
24
26
27
28
29
30
31
32
33
35
36
38
39
40
44
45
46
51
52
53
54
55
56
57
58
59
60
61
64
65
66
67
68
69
70
71
72
73
74
77
78
80
81
82
84
86
87
88
90
91
92
93
94
96
97
98
99
100
101
102
103
104
105
106
107
110
111
112
114
115
116
117
118
119
120
121
122
123
124
125
126
127
128
129
130
131
132
133
134
137
141
142
143
144
145
146
147
148
149
150
151
152
155
156
157
158
159
162
163
164
166
170
171
172
173
174
175
178
179
180
181
182
184
185
187
188
190
191
192
193
195
196
198
200
201
202
203
206
208
209
210
211
213
215
216
217
218
220
221
222
224
226
227
228
229
230
231
232
234
236
238
239
240
241
242
243
245
247
248
249
251
252
253
254
255
256
257
258
260
261
262
263
264
265
266
267
268
269
270
273
274
275
276
277
278
280
281
282
283
285
286
287
288
289
290
291
294
296
297
298
300
301
305
306
309
310
311
312
314
315
316
317
318
319
321
322
323
324
326
327
328
330
331
333
334
335
336
337
338
340
341
343
345
347
348
350
352
353
354
355
357
360
361
362
364
365
366
367
368
369
370
371
372
373
374
376
381
382
383
384
385
386
387
389
390
391
392
393
395
396
397
399
400
401
403
404
406
409
410
413
414
415
416
417
418
419
420
421
422
423
424
427
429
430
433
435
436
437
438
440
441
442
444
445
447
450
453
454
456
458
462
464
465
466
468
469
472
473
474
475
477
479
480
481
482
483
484
485
486
487
488
489
490
491
492
493
494
495
496
497
498
499
501
503
504
505
507
508
509
514
515
516
518
520
521
522
523
524
525
526
527
528
529
531
532
533
534
535
536
537
539
541
542
543
545
546
547
548
549
550
551
552
553
554
555
556
558
559
560
561
562
563
564
566
567
568
569
570
571
572
573
574
575
577
578
579
580
581
582
583
584
585
586
587
588
589
590
591
593
594
595
596
598
599
600
601
602
603
605
606
607
609
611
612
613
615
616
617
618
619
620
621
622
623
625
626
629
630
631
632
634
635
638
639
640
642
643
644
645
646
647
649
650
651
653
654
655
657
661
662
663
665
668
669
670
672
674
675
676
677
681
682
683
685
686
687
688
689
691
693
694
695
696
697
699
700
702
703
704
705
706
707
708
709
710
711
712
714
715
716
718
720
723
725
727
728
730
731
732
733
734
735
737
739
740
743
744
745
746
748
750
751
752
754
755
756
759
762
763
764
765
766
767
769
770
772
775
778
779
780
781
782
783
785
787
788
789
790
791
792
793
794
797
799
800
801
802
803
805
806
807
808
809
810
811
812
813
814
815
816
818
819
820
821
822
823
824
825
826
828
830
831
833
834
838
839
840
841
843
844
845
846
848
849
850
851
852
853
854
857
858
859
860
862
864
868
869
870
871
872
873
874
875
876
878
879
881
884
886
887
888
889
890
892
895
896
897
899
900
901
902
903
904
905
906
907
909
910
911
912
913
914
915
917
918
919
920
924
925
926
928
929
931
932
933
934
935
936
937
939
940
941
943
944
945
946
947
949
950
951
953
955
956
957
959
960
961
964
965
966
967
968
969
970
971
972
975
976
978
980
981
982
984
985
988
989
991
992
997
998
999
1001
1002
1003
1004
1005
1006
1007
1008
1010
1011
1012
1013
1014
1015
1016
1018
1019
1020
1022
1023
1024
1026
1027
1029
1030
1032
1033
1034
1037
1038
1039
1040
1041
1042
1043
1044
1046
1047
1048
1049
1050
1051
1053
1054
1055
1057
1058
1060
1061
1063
1064
1065
1066
1069
1070
1071
1072
1073
1074
1076
1078
1080
1081
1082
1084
1086
1087
1088
1089
1090
1091
1092
1094
1097
1098
1100
1101
1102
1103
1104
1105
1106
1108
1109
1110
1111
1112
1113
1115
1116
1117
1118
1119
1120
1121
1122
1124
1125
1126
1127
1128
1130
1131
1132
1133
1136
1138
1139
1140
1141
1144
1146
1147
1149
1151
1152
1153
1154
1155
1156
1157
1158
1161
1162
1164
1165
1168
1170
1171
1172
1173
1177
1179
1180
1182
1183
1184
1185
1186
1187
1188
1191
1193
1194
1196
1197
1198
1199
1201
1202
1203
1204
1205
1206
1207
1208
1209
1210
1211
1212
1214
1216
1217
1218
1220
1221
1222
1224
1225
1226
1227
1228
1229
1230
1231
1232
1234
1235
1237
1238
1240
1243
1244
1245
1246
1247
1248
1250
1251
1252
1253
1254
1256
1257
1259
1260
1262
1264
1267
1269
1270
1272
1273
1274
1275
1277
1278
1280
1281
1284
1285
1286
1287
1288
1289
1290
1291
1292
1293
1295
1298
1299
1300
1301
1302
1303
1304
1305
1306
1307
1308
1309
1310
1311
1312
1313
1318
1321
1322
1323
1324
1325
1327
1328
1329
1330
1331
1332
1333
1335
1337
1338
1339
1340
1343
1344
1345
1346
1347
1349
1350
1351
1352
1354
1355
1356
1357
1358
1359
1360
1361
1363
1365
1366
1367
1370
1374
1376
1377
1378
1379
1380
1381
1382
1383
1385
1386
1388
1389
1390
1391
1393
1395
1396
1397
1398
1399
1401
1403
1404
1405
1406
1408
1409
1410
1412
1413
1414
1415
1416
1417
1418
1419
1420
1421
1423
1425
1426
1427
1429
1432
1433
1435
1436
1438
1441
1442
1443
1444
1447
1448
1451
1452
1453
1454
1456
1457
1458
1460
1461
1463
1464
1465
1466
1470
1472
1475
1476
1477
1478
1479
1480
1481
1482
1483
1484
1487
1488
1490
1491
1492
1494
1495
1496
1497
1498
1499
1501
1502
1503
1507
1508
1510
1512
1513
1514
1516
1517
1518
1520
1522
1523
1524
1525
1527
1529
1530
1532
1533
1534
1536
1537
1538
1539
1540
1542
1543
1546
1548
1549
1550
1551
1552
1554
1555
1556
1558
1559
1560
1561
1562
1563
1564
1568
1569
1570
1571
1572
1573
1574
1575
1577
1579
1581
1582
1583
1584
1585
1587
1588
1589
1592
1593
1594
1595
1596
1598
1599
1601
1602
1604
1606
1607
1608
1609
1610
1611
1612
1613
1616
1617
1618
1619
1620
1621
1622
1623
1627
1628
1629
1630
1631
1632
1633
1636
1637
1638
1640
1642
1643
1645
1646
1647
1651
1652
1653
1657
1658
1659
1661
1662
1663
1665
1666
1667
1668
1669
1670
1672
1673
1674
1675
1678
1679
1681
1682
1683
1684
1685
1687
1688
1689
1690
1691
1694
1696
1698
1699
1700
1701
1702
1703
1704
1705
1706
1707
1708
1709
1710
1712
1713
1714
1716
1717
1719
1720
1721
1722
1723
1724
1726
1728
1730
1731
1732
1733
1734
1735
1736
1738
1741
1743
1744
1745
1746
1747
1748
1749
1750
1752
1754
1755
1756
1757
1758
1759
1762
1764
1765
1766
1767
1768
1769
1770
1771
1772
1773
1774
1775
1776
1777
1779
1780
1781
1782
1784
1785
1786
1787
1788
1789
1791
1792
1794
1795
1796
1797
1798
1800
1803
1804
1806
1807
1808
1812
1813
1816
1817
1818
1819
1822
1823
1824
1825
1826
1827
1828
1829
1830
1834
1835
1836
1838
1839
1840
1841
1844
1845
1846
1848
1851
1852
1853
1855
1856
1857
1858
1859
1861
1862
1863
1864
1865
1866
1867
1868
1869
1870
1871
1872
1873
1875
1878
1880
1881
1882
1885
1886
1888
1889
1890
1891
1892
1893
1895
1896
1897
1899
1900
1902
1903
1904
1905
1906
1907
1909
1910
1912
1914
1915
1917
1918
1919
1920
1921
1923
1924
1925
1926
1927
1928
1929
1930
1931
1932
1933
1936
1937
1938
1939
1941
1942
1945
1946
1948
1950
1951
1954
1955
1956
1957
1958
1959
1960
1961
1962
1963
1964
1965
1967
1970
1971
1972
1973
1974
1975
1976
1977
1978
1979
1980
1981
1982
1983
1984
1985
1986
1987
1988
1989
1990
1991
1993
1994
1995
1996
1997
1998
2000
2001
2002
2003
2004
2005
2007
2008
2009
2010
2011
2012
2013
2014
2015
2016
2017
2018
2019
2020
2021
2022
2023
2024
2025
2026
2027
2028
2029
2030
2031
2032
2033
2034
2035
2036
2037
2038
2039
2040
2041
2042
2043
2044
2045
2046
2047
2048
2049
2050
2051
2052
2053
2054
2055
2056
2057
2058
2059
2060
2061
2062
2063
2064
2065
2067
2068
2069
2070
2071
2072
2073
2074
2075
2076
2077
2078
2079
2080
2081
2082
2083
2084
