2
4
5
6
8
12
13
14
17
19
25
26
28
31
32
33
38
42
45
46
47
48
49
51
52
54
55
56
57
58
60
62
69
72
74
75
76
77
80
81
82
83
85
86
87
89
93
94
97
98
100
101
104
106
107
108
113
116
118
120
122
123
124
126
133
134
139
141
143
144
146
148
150
151
155
158
160
161
162
164
169
170
172
173
174
177
179
180
181
183
186
191
192
194
196
199
201
202
206
208
209
210
212
217
218
219
220
221
222
225
227
229
231
235
236
241
242
243
244
245
247
249
251
253
255
256
257
260
262
263
265
266
267
268
270
271
274
277
280
283
285
287
291
292
293
294
295
297
298
300
301
303
305
308
311
312
315
316
317
319
321
324
325
326
328
330
331
334
335
337
341
342
343
346
347
348
349
350
351
352
354
363
364
365
366
369
373
376
377
378
380
381
383
384
386
387
389
390
392
393
395
396
399
400
404
405
406
407
408
409
411
414
417
419
420
421
422
423
424
425
426
427
428
429
430
431
432
434
435
436
438
441
445
447
449
451
452
457
465
470
472
477
478
481
482
483
484
485
486
487
488
489
494
495
497
499
500
504
507
509
510
513
514
515
517
518
522
525
526
529
533
534
535
536
537
538
541
542
543
546
547
551
552
553
555
560
561
565
567
568
570
575
578
581
582
583
586
591
595
596
598
599
600
603
604
605
607
609
610
612
613
616
617
619
620
621
622
623
625
626
627
628
629
632
633
634
635
638
639
641
643
644
646
651
652
654
655
656
658
665
667
668
669
671
674
678
679
680
682
687
689
690
692
693
696
698
699
700
702
703
704
706
708
709
710
713
714
715
718
722
727
728
730
731
733
734
741
744
745
746
747
750
751
752
754
757
761
767
772
775
776
778
783
785
792
793
794
796
797
799
800
802
804
805
806
808
809
811
813
815
816
819
821
822
827
830
831
837
838
841
843
846
847
848
851
852
854
855
858
862
864
868
869
871
873
874
876
877
878
882
883
884
885
886
887
889
891
893
897
899
901
902
909
910
911
912
914
915
919
924
925
927
929
933
938
939
941
942
943
945
947
949
950
952
953
954
955
956
957
958
960
962
966
967
970
974
980
981
982
986
988
992
993
994
997
1002
1003
1006
1007
1008
1009
1010
1011
1012
1013
1014
1016
1018
1019
1020
1021
1022
1027
1029
1030
1032
1033
1036
1037
1039
1041
1045
1049
1051
1054
1056
1058
1060
1063
1064
1065
1068
1070
1071
1073
1074
1075
1076
1077
1078
1080
1081
1084
1090
1092
1094
1096
1099
1100
1101
1106
1110
1111
1113
1115
1116
1117
1120
1122
1123
1124
1126
1128
1129
1131
1132
1133
1134
1135
1136
1141
1142
1144
1145
1146
1147
1148
1149
1154
1155
1162
1163
1166
1169
1170
1172
1173
1175
1176
1178
1180
1181
1183
1184
1188
1194
1196
1197
1198
1199
1200
1203
1208
1209
1213
1214
1215
1218
1220
1221
1226
1227
1228
1231
1232
1237
1240
1244
1245
1249
1252
1253
1254
1257
1258
1259
1260
1265
1268
1269
1271
1272
1273
1274
1275
1279
1280
1282
1284
1286
1288
1290
1293
1295
1298
1299
1300
1301
1302
1303
1304
1307
1308
1310
1312
1313
1314
1319
1322
1323
1325
1328
1333
1335
1337
1339
1340
1342
1343
1345
1347
1348
1349
1350
1352
1355
1357
1358
1359
1360
1361
1365
1367
1370
1372
1375
1380
1388
1389
1391
1392
1394
1395
1397
1398
1401
1403
1407
1408
1409
1410
1411
1414
1415
1417
1418
1419
1420
1422
1423
1424
1425
1426
1427
1434
1435
1436
1438
1440
1441
1443
1444
1447
1448
1449
1451
1452
1456
1459
1460
1463
1467
1468
1469
1472
1475
1477
1481
1483
1485
1486
1489
1490
1491
1493
1494
1495
1496
1503
1504
1507
1511
1515
1517
1521
1522
1523
1524
1529
1531
1533
1534
1535
1539
1541
1543
1544
1548
1549
1550
1555
1556
1558
1559
1560
1565
1566
1568
1569
1571
1572
1573
1576
1583
1584
1585
1587
1592
1594
1595
1598
1599
1601
1603
1604
1605
1608
1610
1616
1619
1620
1623
1624
1625
1626
1631
1632
1633
1635
1637
1639
1640
1642
1644
1648
1651
1656
1658
1660
1662
1665
1667
1668
1669
1672
1677
1678
1679
1680
1681
1682
1683
1685
1687
1688
1690
1692
1695
1696
1699
1713
1716
1718
1723
1724
1728
1730
1731
1734
1736
1737
1739
1741
1742
1743
1750
1752
1753
1755
1757
1763
1765
1766
1768
1771
1772
1773
1775
1778
1779
1781
1787
1789
1790
1791
1793
1794
1798
1801
1802
1804
1806
1813
1818
1819
1821
1823
1824
1827
1829
1831
1836
1840
1841
1843
1844
1845
1846
1848
1849
1853
1854
1855
1857
1858
1862
1864
1866
1867
1870
1871
1873
1875
1877
1880
1881
1882
1883
1884
1886
1888
1896
1897
1898
1899
1900
1901
1902
1905
1913
1915
1916
1920
1922
1923
1924
1926
1928
1929
1931
1933
1938
1939
1941
1942
1945
1948
1951
1953
1954
1956
1957
1962
1965
1967
1969
1970
1971
1972
1974
1975
1979
1980
1981
1985
1987
1988
1991
1994
1996
1998
2000
2001
2002
2003
2004
2006
2008
2009
2011
2012
2013
2014
2015
2016
2019
2020
2021
2022
2023
2024
2025
2026
2027
2028
2029
2030
2031
2032
2033
2034
2035
2036
2037
2039
2040
2041
2042
2043
2044
2045
2046
2048
2049
2050
2051
2052
2053
2054
2055
2056
2057
2058
2059
2060
2062
2063
2064
2065
2067
2068
2070
2071
2072
2075
2076
2077
2078
2080
2081
2082
2084
