1
2
3
4
5
6
7
8
9
10
11
12
13
14
16
18
19
20
21
22
23
24
25
26
27
28
29
30
33
34
35
37
41
43
44
45
46
50
51
52
53
54
56
57
59
60
62
63
64
65
66
67
68
70
71
72
73
74
75
76
77
78
81
83
84
85
86
87
88
89
90
91
92
93
94
96
97
98
99
100
101
102
103
104
105
106
107
108
109
110
111
112
113
114
115
116
117
119
120
122
123
124
126
127
128
130
132
133
134
135
136
137
138
139
141
143
144
146
147
148
150
151
155
156
157
158
159
160
162
163
164
165
166
167
168
169
170
171
172
174
175
176
177
178
179
180
181
182
183
184
185
186
188
189
190
191
192
193
194
196
198
199
201
205
206
209
210
211
212
213
214
215
217
218
221
222
223
225
226
227
228
229
230
231
232
233
234
235
236
237
239
240
241
242
244
245
246
247
248
249
250
251
252
253
254
255
256
257
258
259
260
261
264
265
266
267
268
270
271
272
273
276
277
278
279
280
281
283
284
286
287
288
289
290
291
293
294
296
297
298
299
300
301
303
304
306
308
309
310
311
312
313
318
319
321
322
323
324
325
327
328
330
331
332
334
335
336
337
338
339
340
341
342
343
344
345
347
348
349
350
352
353
354
356
357
358
360
361
362
366
367
368
369
370
371
372
373
374
375
376
377
378
379
381
383
384
385
386
388
389
390
391
392
393
394
395
397
399
400
402
404
407
408
409
411
412
413
414
416
418
420
422
423
424
427
429
430
431
432
433
434
435
438
439
441
442
443
444
445
446
447
449
450
451
452
453
454
455
456
457
458
459
460
461
462
463
465
467
468
473
474
475
477
478
479
481
482
483
484
485
486
487
489
490
491
492
493
494
495
497
498
499
500
501
502
503
504
505
506
509
510
511
513
515
516
517
518
519
520
521
523
524
525
527
528
529
530
531
532
533
534
535
537
539
540
541
542
543
544
545
546
548
549
550
551
552
553
556
557
558
559
560
561
563
564
565
566
568
569
570
571
573
574
575
576
577
578
579
580
582
583
585
586
589
591
593
594
595
596
597
598
599
600
602
603
604
605
609
611
612
613
614
615
617
618
619
620
621
626
628
629
630
632
633
634
635
637
639
641
642
643
644
645
646
648
649
650
652
653
654
655
656
657
659
663
666
667
668
671
677
678
679
680
682
683
684
685
686
687
688
689
690
695
696
697
698
699
700
701
702
703
705
707
709
710
711
712
713
714
715
716
717
718
719
721
722
723
724
725
726
727
728
730
731
732
733
735
736
737
738
739
740
743
744
745
746
747
748
750
751
755
756
757
759
760
763
764
765
767
769
770
773
774
775
776
778
779
780
783
787
789
790
791
792
793
794
795
796
797
800
801
802
803
804
805
806
808
810
812
813
815
816
817
818
820
821
822
823
824
826
827
828
829
831
832
833
834
838
839
840
842
843
844
846
847
848
849
850
851
852
853
854
855
856
858
859
860
861
862
864
865
867
868
869
870
874
875
876
878
879
881
882
883
884
885
886
887
888
890
892
894
895
896
901
902
903
906
907
908
911
912
913
914
916
918
919
920
922
924
925
926
927
928
931
932
933
934
935
936
938
939
941
947
949
951
952
954
955
958
959
961
962
963
964
965
966
967
968
970
971
972
974
975
976
979
980
982
983
984
985
987
989
990
991
992
993
994
995
996
998
999
1002
1003
1004
1006
1007
1010
1011
1012
1013
1014
1016
1017
1018
1019
1020
1021
1022
1023
1024
1025
1026
1027
1029
1030
1031
1032
1033
1034
1036
1037
1038
1039
1042
1043
1045
1048
1050
1051
1052
1053
1055
1056
1057
1058
1059
1060
1061
1062
1064
1066
1067
1069
1070
1071
1072
1073
1074
1075
1077
1078
1079
1080
1081
1082
1083
1084
1085
1086
1089
1090
1091
1092
1095
1096
1098
1100
1101
1102
1103
1104
1105
1107
1111
1112
1114
1115
1116
1117
1118
1121
1122
1123
1124
1127
1128
1129
1130
1131
1132
1133
1134
1135
1137
1138
1139
1140
1141
1142
1143
1145
1146
1147
1152
1153
1155
1156
1157
1158
1161
1162
1163
1164
1166
1167
1168
1169
1170
1171
1172
1175
1177
1178
1181
1183
1186
1187
1188
1190
1194
1195
1196
1197
1198
1199
1200
1201
1202
1203
1205
1207
1208
1209
1211
1212
1215
1216
1217
1218
1220
1221
1222
1223
1224
1225
1226
1227
1228
1229
1230
1231
1232
1234
1235
1237
1239
1241
1242
1245
1246
1247
1248
1249
1250
1255
1256
1258
1259
1260
1261
1263
1264
1266
1268
1269
1271
1272
1273
1274
1275
1276
1277
1278
1279
1280
1282
1283
1284
1285
1286
1287
1289
1290
1291
1292
1293
1294
1295
1296
1298
1300
1301
1302
1304
1305
1306
1307
1308
1309
1310
1311
1312
1314
1315
1317
1318
1320
1322
1323
1326
1327
1329
1330
1331
1333
1334
1335
1336
1338
1340
1342
1343
1344
1345
1346
1347
1348
1349
1351
1354
1356
1357
1358
1360
1361
1362
1363
1364
1365
1367
1368
1370
1371
1372
1373
1374
1375
1376
1377
1378
1380
1382
1383
1385
1392
1393
1394
1396
1398
1400
1402
1404
1406
1407
1408
1409
1410
1411
1415
1416
1417
1418
1419
1420
1421
1422
1423
1424
1426
1427
1429
1430
1432
1434
1435
1437
1438
1440
1441
1442
1443
1444
1446
1448
1450
1451
1452
1453
1455
1456
1457
1459
1460
1461
1462
1463
1464
1465
1466
1467
1468
1471
1472
1473
1475
1476
1477
1478
1479
1480
1481
1482
1484
1485
1487
1488
1490
1491
1492
1493
1494
1495
1496
1497
1500
1501
1502
1503
1506
1507
1509
1510
1511
1513
1514
1517
1518
1519
1520
1521
1526
1527
1528
1529
1530
1531
1532
1533
1535
1536
1538
1541
1542
1544
1545
1547
1548
1549
1551
1553
1554
1555
1556
1557
1558
1560
1561
1563
1564
1565
1566
1568
1569
1571
1573
1574
1575
1576
1577
1578
1579
1580
1581
1582
1583
1586
1587
1588
1589
1590
1592
1593
1594
1595
1596
1597
1598
1599
1600
1602
1603
1604
1606
1607
1608
1610
1611
1612
1613
1614
1615
1616
1619
1620
1621
1622
1624
1625
1626
1627
1628
1630
1631
1632
1633
1635
1636
1638
1639
1640
1641
1642
1643
1644
1645
1646
1647
1648
1650
1651
1653
1654
1655
1656
1659
1660
1661
1664
1666
1668
1669
1671
1672
1673
1675
1676
1677
1679
1680
1681
1683
1685
1686
1687
1688
1689
1690
1692
1693
1694
1695
1696
1697
1698
1699
1700
1701
1702
1703
1704
1706
1708
1710
1711
1712
1713
1714
1715
1717
1718
1721
1723
1724
1725
1726
1727
1729
1730
1731
1732
1733
1734
1735
1736
1737
1742
1743
1746
1747
1748
1751
1753
1754
1755
1756
1757
1758
1759
1761
1762
1763
1764
1765
1767
1768
1769
1771
1773
1774
1777
1778
1779
1780
1781
1782
1783
1785
1786
1787
1788
1790
1793
1795
1796
1797
1801
1802
1803
1804
1805
1806
1808
1809
1810
1811
1812
1813
1814
1815
1816
1818
1819
1821
1822
1825
1826
1827
1828
1831
1832
1834
1835
1836
1837
1838
1842
1844
1845
1846
1847
1848
1849
1850
1851
1852
1856
1857
1858
1859
1860
1861
1862
1864
1865
1866
1867
1869
1870
1871
1873
1874
1875
1876
1877
1880
1881
1882
1884
1886
1888
1889
1891
1892
1893
1894
1895
1896
1897
1898
1899
1902
1903
1904
1905
1906
1907
1910
1911
1912
1914
1915
1916
1917
1918
1919
1920
1922
1923
1924
1925
1926
1927
1928
1929
1931
1932
1933
1934
1935
1936
1937
1938
1940
1941
1942
1943
1946
1947
1948
1949
1953
1954
1955
1956
1958
1959
1960
1961
1963
1964
1965
1967
1970
1971
1972
1973
1974
1975
1976
1978
1979
1980
1985
1986
1989
1990
1991
1992
1994
1995
1996
1997
1998
1999
2000
2001
2002
2003
2005
2006
2007
2008
2009
2010
2011
2012
2013
2014
2015
2016
2017
2018
2019
2020
2021
2022
2023
2024
2025
2026
2027
2028
2029
2030
2031
2032
2033
2034
2035
2036
2037
2038
2041
2042
2043
2044
2045
2046
2047
2048
2049
2051
2052
2053
2054
2055
2056
2057
2058
2059
2060
2061
2062
2064
2066
2067
2068
2069
2070
2071
2072
2073
2074
2075
2076
2077
2078
2079
2080
2081
2082
2083
2084
