9
11
14
15
25
26
29
34
35
42
44
46
53
66
83
86
105
107
113
120
121
123
129
143
150
153
156
157
158
166
169
170
173
174
188
190
195
199
218
227
233
240
243
249
256
259
262
265
275
276
282
287
288
298
301
305
311
314
321
328
332
333
334
336
341
344
353
354
359
360
361
366
369
373
374
376
384
386
389
390
399
400
402
405
409
413
414
422
430
433
434
436
444
450
474
489
492
498
499
502
516
518
521
526
527
529
536
543
545
549
553
556
558
561
563
564
566
572
580
582
587
590
597
598
603
617
619
625
633
639
649
665
667
670
672
681
685
701
714
715
729
730
743
751
753
755
761
762
765
773
777
779
781
784
785
786
789
791
800
810
813
814
819
823
827
830
831
840
851
853
854
857
858
859
860
874
875
880
882
885
889
896
898
899
902
904
905
906
911
915
917
926
927
928
929
931
932
933
943
947
948
949
950
958
960
968
973
975
982
1006
1013
1019
1021
1028
1030
1033
1037
1042
1043
1046
1058
1060
1063
1066
1072
1074
1076
1083
1085
1098
1104
1109
1110
1111
1113
1119
1120
1123
1124
1125
1127
1132
1133
1140
1141
1143
1145
1147
1154
1155
1162
1164
1167
1168
1170
1172
1175
1177
1178
1180
1185
1188
1190
1194
1196
1197
1199
1200
1203
1212
1214
1215
1218
1221
1222
1223
1231
1232
1234
1236
1237
1241
1242
1246
1254
1255
1256
1259
1261
1267
1268
1269
1272
1278
1279
1282
1288
1292
1296
1300
1301
1305
1308
1312
1318
1319
1320
1321
1325
1328
1334
1335
1338
1342
1357
1360
1367
1370
1379
1380
1393
1398
1402
1407
1418
1421
1424
1425
1429
1435
1444
1446
1447
1450
1461
1463
1465
1469
1473
1475
1478
1481
1483
1493
1494
1496
1500
1501
1512
1518
1520
1526
1546
1564
1566
1568
1570
1585
1586
1587
1589
1592
1599
1601
1611
1622
1629
1631
1633
1636
1645
1646
1648
1651
1658
1663
1667
1671
1672
1677
1688
1693
1703
1707
1710
1712
1722
1725
1730
1731
1732
1733
1736
1740
1745
1746
1747
1752
1755
1757
1777
1779
1788
1790
1791
1794
1811
1819
1826
1834
1836
1838
1839
1841
1844
1847
1848
1850
1860
1861
1867
1870
1874
1875
1876
1880
1882
1883
1894
1895
1897
1898
1903
1912
1922
1925
1934
1942
1951
1956
1959
1960
1962
1963
1970
1971
1975
1977
1980
1981
1986
1994
2000
2002
2005
2007
2008
2009
2011
2012
2013
2014
2015
2016
2017
2019
2021
2022
2023
2024
2025
2026
2027
2028
2029
2031
2032
2033
2034
2035
2036
2037
2038
2039
2040
2041
2042
2044
2045
2047
2048
2049
2050
2051
2052
2053
2054
2055
2057
2058
2059
2060
2061
2062
2063
2064
2065
2066
2068
2069
2070
2071
2072
2073
2074
2075
2076
2078
2080
2083
2084
