18
25
55
80
82
101
105
106
108
119
126
157
163
175
190
200
202
208
222
245
268
306
324
329
332
336
344
353
359
360
371
373
389
392
416
420
422
445
483
525
529
573
580
604
615
629
630
632
633
636
638
663
681
705
714
720
730
732
733
738
747
771
778
781
782
784
797
807
827
849
869
878
880
889
902
904
915
929
941
947
948
964
968
997
1006
1019
1051
1052
1055
1091
1092
1115
1134
1140
1144
1148
1170
1185
1191
1203
1205
1212
1221
1228
1268
1299
1322
1329
1334
1341
1343
1354
1370
1380
1396
1410
1423
1438
1444
1452
1469
1477
1496
1522
1529
1531
1538
1548
1557
1570
1581
1596
1627
1629
1665
1685
1702
1703
1708
1712
1719
1736
1737
1763
1766
1788
1822
1844
1863
1881
1886
1887
1893
1910
1963
1998
2000
2001
2003
2004
2005
2007
2009
2010
2011
2013
2014
2015
2016
2018
2019
2020
2021
2022
2023
2025
2027
2028
2029
2031
2035
2036
2037
2038
2039
2040
2043
2044
2045
2046
2052
2061
2062
2063
2065
2068
2070
2071
2072
2073
2075
2076
2077
2078
2081
2082
2083
2084
