1
2
5
6
7
10
12
13
14
15
16
17
18
19
20
21
23
24
25
26
28
33
38
40
41
42
50
53
55
56
59
63
64
65
68
71
74
76
78
85
88
91
92
93
97
98
102
107
108
109
114
116
117
118
119
122
127
129
131
132
135
138
139
141
142
143
144
148
149
151
156
157
158
160
163
165
166
167
170
171
172
173
174
177
182
183
184
185
193
194
196
197
200
201
203
206
208
218
219
221
222
229
231
233
235
236
240
241
242
243
245
249
250
251
252
256
258
259
260
262
264
267
268
275
276
279
280
281
285
288
291
292
293
295
296
299
300
301
303
306
308
314
315
318
324
325
330
331
334
336
337
338
340
344
346
347
348
353
354
355
357
360
361
362
363
368
369
371
376
378
381
383
384
387
388
391
393
395
397
399
400
402
404
405
406
410
411
412
413
415
416
417
419
420
422
424
425
426
427
428
429
430
431
433
434
435
438
439
441
442
443
444
446
447
451
452
456
458
460
463
467
468
469
470
472
473
474
480
482
483
486
491
493
494
495
496
505
507
508
510
511
512
513
516
517
520
525
529
530
534
538
542
543
545
546
548
551
552
554
556
558
560
561
564
567
568
570
573
579
582
584
585
586
589
592
595
596
598
599
600
603
604
607
608
610
613
614
616
620
621
622
625
626
630
631
633
634
635
636
638
639
641
642
645
646
649
651
652
655
656
657
659
666
668
670
674
676
677
680
681
682
684
687
694
695
696
698
700
702
703
704
706
707
709
710
711
715
716
718
720
721
723
726
727
729
730
731
732
737
743
744
746
747
751
752
753
754
759
761
765
768
769
770
771
774
775
779
782
784
785
786
787
788
792
793
805
808
811
813
815
816
817
819
827
829
831
833
834
835
836
837
838
841
843
846
849
852
853
858
860
861
863
865
867
869
870
873
874
876
880
881
882
886
887
888
892
893
894
895
896
897
899
902
903
905
906
909
911
912
915
918
919
920
922
923
928
930
931
933
937
938
939
940
942
943
944
945
949
951
952
954
955
956
957
962
963
965
968
971
973
974
975
978
980
982
983
984
990
993
994
995
998
999
1000
1001
1003
1004
1005
1006
1012
1013
1016
1018
1019
1021
1022
1024
1026
1032
1033
1034
1036
1037
1040
1044
1045
1046
1048
1049
1051
1053
1054
1055
1057
1058
1059
1061
1062
1068
1074
1077
1078
1079
1080
1082
1085
1089
1093
1099
1105
1108
1109
1110
1111
1112
1113
1114
1121
1123
1124
1128
1132
1133
1136
1137
1140
1141
1142
1144
1147
1148
1151
1154
1157
1164
1165
1166
1168
1169
1171
1172
1173
1175
1176
1177
1178
1179
1180
1181
1182
1183
1184
1185
1187
1188
1190
1192
1193
1194
1195
1197
1199
1202
1204
1205
1206
1213
1218
1220
1221
1222
1226
1228
1229
1230
1234
1236
1237
1238
1242
1243
1244
1245
1246
1247
1248
1249
1250
1251
1254
1256
1258
1260
1261
1263
1265
1269
1270
1274
1276
1280
1281
1282
1284
1286
1289
1291
1292
1293
1294
1295
1298
1299
1301
1302
1303
1305
1307
1308
1310
1311
1315
1317
1321
1322
1323
1327
1328
1330
1333
1334
1335
1337
1342
1343
1344
1345
1346
1347
1349
1350
1351
1352
1353
1358
1359
1364
1366
1374
1375
1377
1379
1383
1387
1390
1392
1393
1394
1395
1397
1398
1399
1400
1403
1404
1409
1410
1411
1413
1418
1420
1422
1423
1426
1427
1429
1430
1431
1432
1434
1435
1437
1438
1443
1444
1445
1448
1450
1455
1457
1460
1462
1463
1467
1471
1472
1475
1476
1479
1480
1481
1483
1484
1485
1488
1492
1494
1496
1498
1499
1500
1502
1503
1504
1506
1508
1510
1511
1512
1513
1515
1520
1522
1526
1528
1530
1537
1539
1540
1541
1546
1548
1549
1551
1553
1554
1557
1558
1561
1562
1563
1564
1571
1572
1575
1577
1578
1579
1580
1584
1585
1588
1589
1590
1591
1592
1595
1596
1597
1599
1600
1602
1604
1610
1612
1615
1616
1618
1621
1624
1625
1630
1632
1633
1635
1636
1640
1641
1642
1644
1646
1648
1649
1652
1654
1655
1656
1657
1659
1660
1664
1667
1668
1669
1672
1673
1674
1675
1678
1680
1681
1682
1683
1685
1687
1688
1689
1692
1693
1694
1695
1699
1700
1701
1702
1703
1704
1706
1708
1709
1712
1713
1716
1717
1719
1726
1727
1730
1731
1732
1733
1735
1742
1744
1746
1747
1749
1751
1752
1753
1756
1758
1761
1762
1764
1765
1766
1767
1768
1769
1770
1772
1775
1776
1777
1779
1780
1783
1784
1787
1788
1789
1791
1792
1793
1794
1795
1796
1797
1799
1800
1802
1804
1805
1807
1811
1812
1813
1814
1817
1819
1822
1823
1827
1828
1830
1832
1835
1836
1838
1840
1841
1843
1844
1848
1851
1853
1855
1857
1859
1860
1861
1862
1863
1864
1865
1867
1870
1880
1883
1884
1885
1887
1892
1893
1894
1895
1896
1904
1915
1916
1919
1920
1921
1923
1925
1935
1936
1938
1939
1940
1941
1942
1943
1944
1945
1947
1950
1953
1955
1957
1959
1960
1962
1965
1967
1968
1971
1972
1973
1975
1978
1979
1981
1982
1987
1988
1989
1991
1992
1993
2000
2001
2002
2003
2004
2005
2006
2007
2008
2009
2011
2012
2013
2015
2016
2017
2018
2020
2021
2022
2026
2027
2028
2029
2030
2031
2032
2033
2034
2035
2036
2039
2040
2041
2042
2044
2045
2046
2047
2048
2050
2051
2052
2053
2054
2055
2056
2057
2058
2059
2061
2062
2063
2064
2065
2066
2067
2068
2069
2071
2072
2074
2075
2076
2077
2078
2079
2080
2081
2082
2083
