8
10
13
14
17
18
24
25
27
29
30
31
32
34
35
38
45
46
51
60
62
66
69
70
73
74
83
87
88
91
102
107
108
110
111
114
121
135
137
139
141
142
150
151
152
155
164
166
172
175
186
188
190
195
197
201
206
209
220
242
243
245
249
250
258
259
264
265
266
274
275
278
282
288
292
294
297
309
321
325
331
332
334
341
349
353
359
360
361
370
375
379
382
385
390
392
398
400
410
413
417
423
426
427
428
434
437
438
445
448
449
454
455
462
464
466
473
482
486
488
490
491
494
510
511
520
523
531
537
538
542
543
547
553
559
567
571
573
574
580
591
593
595
598
601
603
605
608
613
630
633
638
642
646
650
651
652
654
658
666
668
669
670
673
679
681
692
697
698
699
708
709
714
719
722
725
728
730
732
733
738
742
743
744
745
746
747
750
753
762
764
767
771
772
777
778
779
780
781
784
790
794
797
799
802
803
804
805
808
816
821
822
826
832
837
848
855
862
868
869
873
880
881
882
885
886
902
912
913
916
919
923
928
930
931
934
939
945
955
958
968
973
975
977
982
997
1000
1002
1012
1020
1026
1044
1045
1053
1055
1058
1060
1063
1068
1071
1076
1078
1083
1084
1085
1087
1088
1091
1095
1100
1103
1105
1106
1110
1111
1112
1117
1124
1127
1135
1144
1147
1151
1153
1154
1163
1169
1170
1174
1183
1185
1187
1188
1194
1199
1200
1204
1208
1214
1220
1228
1231
1235
1237
1242
1246
1249
1250
1262
1264
1272
1280
1286
1293
1294
1304
1311
1312
1322
1328
1330
1334
1335
1340
1341
1345
1351
1353
1354
1355
1370
1377
1378
1385
1386
1388
1389
1394
1395
1397
1413
1420
1423
1424
1425
1432
1434
1454
1455
1459
1460
1464
1475
1484
1496
1501
1502
1505
1508
1511
1514
1517
1523
1524
1525
1527
1540
1543
1544
1550
1555
1556
1557
1564
1565
1569
1570
1571
1575
1580
1581
1585
1588
1591
1595
1597
1598
1605
1606
1618
1619
1626
1639
1648
1651
1670
1672
1676
1678
1693
1699
1708
1710
1712
1713
1715
1726
1730
1736
1742
1744
1745
1749
1750
1752
1759
1763
1764
1769
1776
1780
1784
1788
1790
1793
1795
1798
1801
1803
1811
1819
1827
1829
1831
1838
1843
1847
1852
1857
1864
1866
1868
1874
1881
1887
1891
1895
1897
1900
1903
1904
1905
1906
1907
1908
1916
1918
1919
1921
1930
1934
1935
1940
1943
1945
1948
1954
1955
1962
1965
1966
1981
1989
1990
1991
2000
2004
2005
2006
2008
2009
2010
2011
2013
2014
2015
2016
2017
2018
2019
2020
2026
2032
2037
2038
2039
2040
2044
2045
2046
2047
2049
2050
2051
2054
2058
2059
2061
2062
2064
2066
2068
2069
2070
2072
2073
2074
2076
2080
2082
2084
