11
31
32
35
51
59
60
74
80
92
98
109
120
123
138
158
172
225
243
252
256
265
286
292
300
328
340
346
360
379
399
413
419
420
422
434
454
460
466
481
484
489
496
526
539
555
593
595
603
607
625
638
649
663
680
708
723
733
746
758
764
766
782
787
797
813
828
835
838
864
869
874
887
915
934
943
954
956
980
982
989
990
1016
1077
1079
1087
1097
1122
1126
1132
1133
1143
1191
1192
1211
1212
1215
1216
1220
1228
1269
1294
1298
1299
1301
1321
1336
1455
1461
1505
1533
1539
1592
1606
1618
1624
1640
1641
1647
1667
1683
1684
1696
1705
1752
1754
1762
1764
1765
1787
1789
1803
1808
1824
1839
1845
1855
1881
1900
1905
1907
1918
1960
1965
1970
1971
1974
1987
1992
1996
2000
2002
2003
2004
2008
2009
2010
2011
2012
2013
2014
2016
2017
2018
2021
2022
2025
2026
2028
2029
2031
2032
2033
2034
2036
2038
2039
2040
2045
2048
2049
2050
2051
2052
2053
2054
2055
2057
2058
2059
2060
2061
2063
2064
2065
2067
2068
2069
2070
2071
2073
2074
2075
2078
2081
2082
2083
2084
