1
2
5
7
9
10
12
15
17
18
19
20
23
25
26
30
38
40
41
42
44
45
47
49
50
52
55
56
57
58
60
62
63
64
66
67
72
75
76
82
83
85
88
89
90
91
93
95
98
99
100
101
102
104
106
107
109
110
111
112
113
114
116
117
119
120
121
122
126
128
131
135
137
138
139
146
147
148
152
154
156
159
167
169
172
174
175
177
179
180
181
184
185
190
191
192
195
196
200
201
204
205
206
208
209
213
214
215
218
219
221
222
229
231
232
235
236
237
239
242
244
245
247
250
251
252
253
254
256
259
261
263
264
266
268
269
274
275
276
277
282
283
286
287
288
289
290
292
294
297
298
299
300
303
306
307
308
309
310
311
316
320
324
325
327
330
331
332
336
338
339
340
344
345
346
349
350
352
353
355
357
358
359
362
365
366
369
371
373
375
376
377
378
381
383
385
386
387
390
392
395
396
399
400
402
405
406
407
408
409
410
411
412
414
415
416
422
424
425
428
429
432
433
434
436
437
438
439
444
446
450
451
454
456
457
465
466
470
474
478
481
483
484
486
487
489
490
491
492
494
496
501
503
505
506
508
509
511
512
516
518
519
521
522
523
525
528
529
530
531
533
535
538
539
543
545
549
553
554
556
557
559
563
567
568
571
574
575
579
580
583
586
590
591
593
595
600
603
607
609
610
615
617
619
621
622
624
625
628
630
632
635
639
642
643
648
649
650
651
654
656
658
659
667
668
670
671
673
674
676
678
684
685
687
690
692
698
701
702
705
707
708
711
712
715
716
718
719
720
721
722
723
724
725
727
728
730
731
733
734
736
738
742
743
746
747
751
752
753
755
757
760
764
765
766
767
770
771
772
773
775
776
777
785
786
790
792
796
797
801
803
805
808
814
815
817
818
820
825
827
830
831
833
834
835
837
838
839
840
842
843
844
845
851
853
856
858
859
860
862
863
864
867
869
870
871
874
875
876
877
878
882
883
884
885
886
889
890
893
894
895
897
898
899
901
903
904
907
910
911
916
918
919
922
923
925
927
928
929
930
931
933
934
936
937
942
943
945
947
948
949
951
953
957
958
960
962
964
967
968
970
973
974
975
976
977
986
988
989
991
994
997
998
1001
1005
1007
1010
1011
1012
1013
1016
1022
1023
1024
1025
1026
1027
1031
1032
1033
1037
1040
1041
1042
1043
1045
1048
1049
1050
1051
1052
1053
1054
1059
1064
1066
1068
1069
1070
1072
1076
1081
1082
1083
1084
1085
1086
1089
1090
1093
1095
1096
1101
1102
1103
1105
1107
1109
1110
1117
1119
1124
1127
1128
1129
1132
1133
1134
1140
1146
1149
1152
1154
1157
1159
1164
1166
1168
1170
1171
1172
1175
1178
1180
1182
1183
1184
1185
1187
1188
1195
1196
1197
1199
1200
1202
1208
1211
1212
1213
1214
1220
1225
1227
1228
1229
1231
1233
1236
1237
1241
1243
1244
1245
1249
1254
1257
1258
1259
1262
1264
1265
1267
1268
1269
1272
1275
1276
1278
1279
1280
1284
1287
1289
1297
1299
1301
1303
1304
1305
1307
1310
1313
1315
1319
1320
1322
1323
1324
1326
1327
1328
1330
1332
1333
1336
1337
1338
1340
1342
1343
1344
1345
1348
1349
1351
1352
1353
1354
1355
1356
1359
1361
1365
1366
1368
1372
1377
1378
1379
1380
1385
1387
1388
1394
1395
1396
1399
1400
1401
1402
1408
1409
1410
1416
1417
1422
1423
1427
1431
1432
1433
1434
1442
1444
1447
1450
1452
1453
1454
1455
1460
1461
1463
1469
1472
1473
1475
1478
1479
1480
1483
1485
1490
1492
1495
1496
1501
1502
1504
1505
1510
1511
1512
1513
1515
1516
1517
1520
1522
1523
1525
1528
1529
1530
1531
1534
1535
1538
1542
1544
1549
1550
1552
1554
1555
1557
1559
1560
1561
1562
1563
1566
1567
1569
1570
1571
1582
1586
1588
1589
1590
1591
1596
1598
1600
1601
1603
1604
1605
1606
1607
1608
1609
1610
1613
1617
1618
1619
1622
1623
1625
1628
1632
1634
1635
1642
1643
1645
1646
1647
1649
1650
1653
1654
1656
1661
1662
1665
1666
1671
1675
1676
1678
1680
1682
1683
1684
1685
1686
1687
1693
1699
1700
1702
1703
1706
1707
1708
1709
1712
1713
1715
1716
1717
1718
1720
1721
1724
1726
1727
1732
1734
1737
1738
1742
1745
1747
1748
1749
1750
1754
1756
1757
1758
1761
1763
1764
1766
1767
1768
1771
1777
1778
1783
1786
1787
1789
1790
1792
1793
1801
1802
1803
1806
1808
1811
1815
1819
1820
1821
1822
1829
1830
1834
1835
1840
1847
1848
1851
1852
1853
1854
1855
1856
1857
1859
1860
1862
1864
1866
1867
1870
1873
1874
1875
1876
1877
1878
1879
1882
1883
1886
1888
1891
1892
1898
1899
1900
1901
1905
1906
1908
1909
1911
1914
1920
1921
1922
1923
1925
1928
1930
1933
1935
1936
1941
1942
1943
1944
1945
1948
1949
1950
1951
1953
1954
1956
1957
1958
1959
1960
1961
1962
1963
1966
1967
1968
1970
1972
1974
1975
1978
1979
1981
1982
1983
1984
1987
1988
1989
1991
1993
1995
1996
1997
1998
2000
2001
2003
2004
2005
2007
2008
2011
2012
2013
2014
2015
2016
2017
2018
2019
2020
2021
2022
2023
2025
2027
2028
2029
2030
2031
2032
2033
2034
2035
2036
2038
2039
2040
2041
2042
2043
2044
2045
2047
2048
2049
2050
2051
2052
2053
2054
2056
2057
2058
2059
2061
2062
2063
2064
2065
2066
2067
2068
2069
2070
2071
2072
2073
2074
2075
2076
2077
2078
2079
2080
2081
2082
2083
2084
