13
18
28
54
64
71
78
95
104
106
121
158
174
175
208
227
256
274
281
288
297
298
301
309
328
347
348
360
369
385
386
390
393
399
404
413
422
429
430
454
465
479
484
489
542
548
555
574
575
603
611
625
649
669
682
693
698
710
723
733
753
756
777
779
800
840
842
856
868
869
873
896
899
928
933
966
982
1001
1003
1006
1052
1060
1065
1079
1110
1119
1122
1132
1138
1140
1154
1168
1170
1180
1190
1199
1202
1213
1234
1262
1280
1286
1298
1301
1302
1304
1313
1318
1324
1327
1328
1336
1345
1370
1392
1399
1484
1493
1501
1529
1535
1559
1574
1612
1636
1639
1641
1651
1673
1687
1688
1690
1697
1710
1726
1730
1731
1746
1750
1754
1756
1771
1773
1790
1798
1833
1835
1839
1904
1905
1915
1955
1968
1969
1987
2000
2002
2004
2006
2009
2011
2012
2013
2014
2015
2017
2021
2022
2023
2025
2026
2027
2028
2029
2030
2032
2033
2036
2037
2039
2041
2042
2043
2045
2048
2049
2050
2051
2052
2053
2058
2059
2060
2061
2062
2063
2064
2065
2067
2069
2071
2072
2073
2074
2075
2076
2080
2084
