1
18
24
38
41
58
60
64
75
104
107
115
126
130
136
139
142
150
156
179
181
196
199
218
222
241
273
274
277
282
284
286
301
306
331
344
355
357
366
386
390
400
405
437
465
493
499
501
505
521
533
541
543
545
552
553
566
612
630
641
642
667
714
716
730
731
738
753
755
777
778
782
784
799
813
859
869
874
878
882
911
915
929
947
954
957
960
962
980
983
990
1018
1019
1024
1034
1066
1080
1103
1110
1124
1144
1168
1176
1181
1194
1206
1220
1224
1246
1254
1264
1277
1301
1305
1311
1323
1355
1357
1371
1374
1409
1413
1434
1444
1446
1458
1475
1477
1478
1491
1512
1524
1533
1534
1538
1548
1559
1565
1623
1626
1649
1672
1688
1696
1706
1707
1715
1716
1717
1720
1742
1747
1762
1765
1784
1788
1808
1812
1829
1834
1852
1895
1905
1915
1934
1942
1945
1959
1960
1981
1987
1997
2000
2003
2007
2010
2013
2017
2019
2026
2028
2031
2032
2033
2034
2035
2038
2040
2042
2043
2047
2048
2049
2054
2056
2057
2058
2059
2061
2063
2064
2068
2069
2070
2071
2079
2081
2082
