0
1
2
3
4
5
6
7
9
11
15
16
18
19
21
23
24
25
26
30
32
35
36
37
38
40
43
44
45
46
47
48
49
50
51
52
53
54
55
56
57
59
60
61
62
64
65
66
67
68
69
70
71
72
73
75
76
77
78
81
82
83
84
85
86
87
88
91
92
93
94
95
96
98
99
100
101
104
106
108
109
112
113
115
116
118
119
121
122
126
127
128
129
130
131
132
133
135
136
138
139
143
144
145
146
147
148
149
150
151
155
156
157
158
159
161
162
163
165
166
167
169
170
172
173
174
175
176
177
178
179
180
181
183
185
187
190
191
192
194
195
196
198
200
201
202
203
204
205
206
207
209
210
211
212
213
214
215
216
217
218
221
222
223
224
225
228
231
232
233
234
235
236
237
239
241
242
243
244
247
248
249
250
251
252
253
254
255
256
257
258
259
262
264
265
266
267
268
269
270
271
272
273
274
276
277
278
279
280
281
283
284
285
286
287
288
290
291
292
293
294
295
298
300
301
302
303
304
306
307
308
309
310
311
312
315
316
317
318
319
321
322
323
324
325
326
327
328
329
331
332
334
335
337
338
339
341
342
343
344
345
346
349
350
352
353
354
355
356
357
358
360
363
366
368
370
371
372
373
374
375
376
377
378
379
380
381
382
383
384
385
386
387
389
391
392
394
395
396
397
399
400
401
404
405
406
407
409
410
412
414
415
416
417
418
419
420
422
423
424
425
426
427
428
429
430
431
432
433
434
435
436
437
439
440
441
443
444
445
446
447
449
450
451
453
454
455
456
457
458
459
460
461
462
465
466
467
468
469
471
472
473
475
477
478
480
481
482
483
484
485
486
490
491
492
493
494
496
497
499
500
501
502
503
504
505
506
507
508
509
510
511
513
514
515
516
520
521
522
524
526
527
528
531
532
533
534
535
537
540
541
542
545
546
547
548
550
551
552
554
555
556
559
560
564
566
567
572
573
577
578
579
582
583
586
588
593
595
597
598
599
600
601
602
603
604
605
606
609
610
612
613
614
615
618
620
622
623
624
625
626
627
628
629
630
632
633
634
635
636
638
640
643
644
646
647
648
650
651
652
653
657
658
659
660
662
663
665
666
667
668
669
670
671
672
674
676
677
678
679
680
681
683
684
685
686
687
688
689
691
692
693
694
695
696
698
699
700
702
703
704
705
707
709
710
711
712
713
714
715
716
717
719
720
721
722
724
726
727
728
729
730
731
732
733
734
735
736
737
738
739
740
741
742
744
745
746
747
748
749
752
753
754
756
757
758
759
760
761
762
764
765
766
767
769
770
771
772
773
774
775
776
778
779
780
781
782
783
785
786
787
789
790
792
793
794
795
796
799
800
801
802
803
804
805
807
808
809
810
811
812
813
814
815
816
818
820
821
824
825
826
827
829
830
831
832
833
834
836
837
838
839
840
841
844
845
846
848
849
850
851
853
854
856
857
858
859
860
862
863
864
865
866
867
868
869
870
874
875
877
878
879
880
883
885
886
887
888
889
890
892
893
894
895
896
897
898
899
901
902
903
905
906
907
909
911
912
913
914
915
916
918
919
920
921
922
924
925
926
927
929
932
935
936
937
938
939
940
942
943
945
947
948
949
950
952
953
954
956
957
958
959
960
961
962
964
966
968
969
970
972
977
978
979
980
981
982
983
984
985
989
990
991
994
995
996
997
998
999
1000
1001
1002
1003
1004
1005
1006
1007
1008
1009
1010
1011
1013
1014
1015
1018
1020
1021
1022
1023
1024
1025
1026
1028
1031
1032
1034
1036
1039
1040
1045
1046
1047
1048
1050
1051
1052
1053
1054
1058
1059
1060
1061
1062
1063
1065
1066
1069
1070
1072
1073
1077
1078
1079
1081
1082
1083
1084
1085
1086
1088
1089
1090
1091
1092
1094
1095
1096
1097
1098
1099
1100
1103
1105
1108
1109
1111
1112
1114
1115
1116
1117
1118
1119
1120
1121
1122
1123
1126
1127
1128
1129
1130
1131
1132
1133
1136
1137
1139
1140
1141
1142
1144
1146
1147
1148
1149
1150
1153
1154
1156
1157
1158
1159
1160
1161
1162
1163
1164
1165
1166
1167
1168
1169
1170
1171
1172
1173
1174
1176
1177
1180
1181
1182
1183
1185
1186
1188
1190
1193
1195
1197
1198
1199
1203
1204
1205
1206
1207
1208
1211
1213
1214
1215
1216
1217
1218
1219
1222
1223
1225
1227
1228
1229
1231
1234
1235
1236
1238
1240
1241
1242
1243
1245
1246
1247
1248
1249
1250
1251
1252
1253
1254
1255
1257
1259
1260
1261
1262
1263
1264
1268
1269
1270
1271
1272
1273
1275
1276
1277
1279
1280
1281
1282
1283
1284
1285
1286
1287
1288
1290
1291
1292
1293
1294
1295
1296
1298
1299
1300
1301
1302
1303
1304
1305
1306
1307
1308
1310
1311
1312
1313
1314
1315
1316
1317
1318
1319
1321
1324
1325
1326
1327
1328
1329
1331
1334
1336
1338
1339
1341
1342
1343
1344
1345
1346
1347
1349
1350
1352
1355
1356
1357
1359
1360
1361
1362
1363
1364
1365
1366
1367
1368
1369
1370
1371
1373
1375
1377
1379
1380
1382
1385
1386
1387
1388
1390
1394
1395
1397
1398
1399
1400
1401
1402
1403
1404
1405
1407
1409
1410
1411
1414
1415
1417
1418
1419
1421
1422
1423
1424
1425
1426
1427
1429
1430
1431
1432
1433
1434
1435
1436
1438
1439
1440
1441
1442
1445
1446
1447
1448
1450
1451
1452
1453
1455
1457
1458
1459
1460
1462
1463
1464
1466
1467
1468
1470
1471
1473
1474
1475
1477
1478
1479
1480
1481
1483
1484
1485
1486
1488
1490
1491
1493
1495
1496
1497
1499
1501
1502
1504
1505
1506
1507
1508
1510
1511
1513
1514
1515
1516
1518
1521
1522
1523
1525
1526
1527
1529
1531
1532
1533
1537
1538
1539
1540
1541
1542
1543
1544
1546
1547
1548
1550
1551
1552
1553
1554
1555
1556
1557
1559
1560
1561
1563
1564
1566
1567
1568
1569
1570
1571
1573
1574
1575
1576
1577
1578
1579
1581
1582
1583
1584
1585
1587
1588
1589
1590
1591
1592
1593
1595
1596
1598
1599
1600
1601
1602
1603
1605
1607
1608
1610
1612
1613
1614
1617
1620
1621
1622
1625
1626
1627
1628
1629
1630
1631
1632
1634
1635
1636
1637
1638
1639
1640
1643
1644
1645
1646
1647
1648
1649
1651
1652
1653
1654
1655
1657
1658
1660
1661
1662
1663
1664
1665
1666
1667
1670
1672
1673
1675
1676
1677
1678
1679
1681
1682
1683
1684
1686
1687
1688
1689
1690
1692
1695
1696
1697
1698
1700
1701
1702
1703
1704
1706
1707
1710
1711
1712
1713
1714
1715
1716
1718
1719
1720
1721
1722
1723
1725
1726
1727
1728
1730
1731
1734
1735
1736
1737
1740
1741
1742
1744
1746
1747
1748
1749
1750
1751
1753
1754
1755
1757
1758
1759
1760
1762
1763
1766
1767
1768
1769
1771
1773
1774
1775
1776
1777
1778
1780
1781
1782
1783
1785
1786
1787
1788
1789
1791
1793
1794
1795
1796
1797
1799
1800
1801
1803
1805
1806
1807
1808
1810
1811
1812
1813
1814
1815
1816
1817
1818
1819
1820
1821
1822
1827
1828
1829
1831
1832
1833
1836
1837
1838
1839
1840
1841
1842
1843
1845
1847
1848
1849
1851
1852
1853
1854
1856
1858
1861
1862
1863
1864
1865
1866
1867
1868
1869
1872
1874
1875
1876
1877
1878
1879
1881
1882
1885
1886
1887
1889
1890
1891
1893
1894
1895
1896
1898
1901
1902
1903
1904
1905
1907
1908
1910
1911
1912
1913
1915
1916
1917
1919
1920
1921
1922
1923
1924
1925
1927
1928
1930
1931
1932
1933
1934
1935
1936
1937
1939
1940
1941
1942
1943
1945
1946
1947
1948
1949
1951
1953
1954
1955
1956
1958
1959
1960
1961
1962
1963
1964
1965
1966
1967
1968
1970
1972
1973
1974
1976
1977
1979
1980
1983
1985
1986
1990
1991
1992
1993
1994
1995
1996
1998
1999
2000
2001
2002
2003
2004
2005
2006
2007
2008
2009
2010
2011
2012
2014
2015
2016
2017
2018
2019
2020
2021
2022
2025
2026
2027
2028
2029
2030
2031
2032
2033
2035
2037
2038
2039
2040
2041
2043
2044
2045
2046
2047
2049
2050
2051
2052
2053
2054
2055
2057
2059
2061
2062
2063
2065
2067
2068
2069
2071
2072
2073
2074
2076
2077
2079
2081
2082
2083
2084
