2
11
17
33
51
70
87
91
121
150
158
172
256
267
292
300
326
345
363
376
422
429
435
445
462
468
471
476
481
487
489
505
536
542
546
549
598
605
627
631
632
638
643
680
687
719
731
762
778
838
845
851
873
878
886
899
920
935
938
982
993
994
1007
1099
1110
1144
1145
1168
1181
1216
1223
1233
1250
1254
1259
1275
1306
1322
1367
1395
1397
1399
1404
1406
1409
1410
1427
1440
1441
1455
1475
1480
1483
1487
1494
1496
1518
1573
1585
1618
1621
1631
1647
1663
1672
1685
1713
1734
1761
1763
1765
1767
1772
1775
1797
1839
1864
1866
1867
1875
1880
1886
1924
1934
1943
1945
1965
1987
1994
1996
1998
2000
2001
2002
2003
2004
2005
2007
2008
2009
2010
2011
2012
2013
2014
2015
2016
2018
2019
2020
2021
2022
2023
2024
2025
2027
2028
2029
2030
2031
2032
2033
2034
2035
2036
2037
2039
2040
2041
2042
2043
2044
2045
2046
2047
2048
2049
2050
2051
2052
2053
2055
2056
2057
2058
2059
2061
2062
2063
2064
2065
2067
2068
2069
2070
2071
2072
2073
2074
2075
2076
2078
2079
2080
2081
2082
2083
2084
