13
26
42
46
55
65
73
76
85
106
114
129
132
133
135
163
166
172
175
194
195
196
216
234
243
246
249
260
272
275
280
284
294
306
310
336
345
354
364
368
395
399
443
464
484
499
505
532
537
538
546
548
553
573
580
595
598
600
613
625
627
638
651
680
723
727
729
746
755
761
778
782
783
784
793
795
804
807
810
829
839
845
868
869
876
878
884
890
892
896
899
913
915
941
947
963
966
971
986
990
996
1000
1004
1005
1006
1011
1031
1043
1047
1051
1062
1069
1076
1079
1103
1106
1117
1128
1133
1134
1196
1197
1202
1205
1216
1233
1240
1248
1257
1275
1277
1284
1285
1286
1294
1295
1304
1306
1319
1332
1349
1353
1377
1410
1411
1419
1444
1446
1448
1464
1500
1502
1557
1581
1602
1636
1686
1688
1693
1701
1705
1710
1717
1732
1736
1743
1754
1772
1790
1791
1798
1818
1822
1833
1835
1844
1854
1865
1903
1904
1909
1911
1918
1922
1925
1969
1986
1996
2001
2003
2004
2005
2007
2016
2019
2032
2038
2049
2051
2052
2058
2059
2061
2063
2065
2068
2070
2083
