3
4
6
7
8
9
10
11
13
14
16
17
18
21
22
25
26
28
31
33
40
41
43
44
49
52
54
55
58
60
62
63
64
66
69
71
72
73
74
75
76
77
78
81
82
83
84
86
87
88
93
95
98
99
100
101
103
105
106
108
109
113
118
120
122
123
124
126
127
128
130
131
137
138
139
143
144
147
150
152
153
155
157
158
161
166
167
168
170
172
175
176
177
179
184
187
190
191
192
194
195
196
197
198
201
206
207
209
213
214
215
220
222
224
225
226
227
228
230
232
233
235
236
238
242
243
245
249
250
251
253
254
257
262
264
265
266
272
274
276
278
282
283
284
288
289
291
292
293
296
302
308
310
311
312
313
315
316
317
318
319
320
321
323
324
326
327
328
329
331
334
335
336
338
341
343
345
346
348
352
353
354
356
357
358
363
364
365
366
367
369
374
376
377
384
387
389
390
391
393
394
396
397
398
399
400
402
406
407
409
411
415
417
418
420
424
426
427
428
429
431
432
434
435
437
438
440
442
445
448
450
453
454
456
457
459
460
462
463
467
470
471
472
473
476
477
482
483
484
485
486
487
489
491
492
493
495
496
499
500
502
503
504
505
510
513
514
515
519
522
524
528
529
531
536
537
542
544
546
547
548
552
553
554
555
559
560
563
564
568
569
572
574
575
576
580
581
583
584
586
588
590
591
594
596
598
599
605
607
610
611
613
614
618
621
624
625
627
635
639
643
646
649
653
654
657
658
662
663
668
669
670
672
674
675
676
680
681
683
684
685
687
688
689
693
699
702
703
706
707
710
711
713
715
717
718
720
722
723
727
728
731
733
734
735
740
742
743
744
746
748
749
750
751
755
759
762
763
766
767
771
772
773
775
776
778
779
782
783
784
788
793
795
797
799
800
804
805
807
811
813
815
817
818
826
830
831
833
835
838
840
843
845
846
848
850
855
858
861
862
864
865
866
867
873
874
877
881
882
883
884
886
888
891
893
895
898
899
900
905
908
910
914
915
916
919
923
926
927
929
931
934
935
937
938
940
945
947
952
956
957
958
959
963
964
966
967
968
969
973
975
979
982
984
986
987
989
990
993
997
999
1001
1003
1005
1006
1008
1009
1010
1012
1014
1016
1017
1018
1019
1020
1024
1025
1026
1027
1028
1029
1035
1036
1037
1039
1040
1046
1047
1049
1050
1052
1053
1056
1058
1061
1062
1065
1066
1073
1076
1082
1083
1084
1085
1086
1087
1088
1091
1093
1097
1098
1100
1101
1102
1103
1105
1106
1110
1111
1120
1121
1128
1129
1132
1134
1135
1136
1142
1145
1147
1148
1149
1150
1151
1153
1155
1160
1163
1166
1168
1169
1170
1172
1173
1175
1176
1178
1179
1180
1182
1183
1186
1190
1191
1194
1195
1196
1197
1198
1199
1201
1203
1207
1208
1211
1212
1214
1216
1217
1218
1220
1221
1222
1223
1227
1228
1231
1233
1236
1238
1241
1242
1243
1249
1250
1252
1253
1261
1262
1264
1265
1268
1270
1271
1272
1274
1275
1276
1277
1284
1285
1286
1287
1290
1291
1294
1295
1296
1304
1305
1306
1307
1308
1309
1310
1313
1318
1320
1321
1324
1326
1329
1330
1333
1338
1339
1340
1341
1342
1345
1352
1353
1354
1356
1357
1358
1360
1365
1367
1377
1379
1380
1381
1383
1384
1386
1389
1391
1392
1393
1396
1397
1399
1403
1405
1406
1407
1408
1409
1410
1411
1414
1421
1424
1425
1426
1429
1433
1438
1439
1443
1444
1448
1451
1453
1455
1456
1458
1459
1460
1461
1462
1464
1465
1469
1470
1471
1475
1478
1480
1481
1482
1488
1490
1492
1494
1495
1497
1498
1499
1503
1504
1505
1508
1509
1512
1514
1516
1519
1520
1521
1522
1525
1533
1534
1537
1538
1543
1544
1548
1549
1554
1555
1557
1562
1563
1566
1567
1568
1571
1573
1574
1576
1579
1580
1583
1584
1585
1588
1592
1594
1595
1598
1602
1604
1605
1606
1608
1610
1613
1620
1621
1625
1629
1631
1634
1636
1638
1639
1640
1645
1651
1654
1655
1658
1659
1660
1662
1663
1664
1666
1667
1668
1669
1673
1677
1680
1682
1684
1685
1686
1688
1689
1692
1693
1694
1697
1698
1699
1700
1703
1708
1710
1711
1713
1714
1715
1720
1721
1724
1725
1726
1727
1728
1729
1730
1731
1734
1738
1740
1742
1743
1748
1750
1752
1757
1759
1761
1764
1765
1766
1767
1768
1771
1773
1775
1776
1778
1781
1783
1784
1787
1790
1791
1792
1793
1794
1795
1796
1798
1801
1804
1806
1807
1808
1810
1811
1813
1814
1815
1816
1818
1819
1821
1823
1825
1826
1828
1829
1831
1833
1836
1837
1838
1839
1841
1842
1846
1852
1858
1859
1861
1862
1864
1866
1867
1868
1869
1870
1875
1880
1881
1886
1887
1888
1889
1893
1895
1896
1897
1898
1899
1901
1905
1906
1908
1909
1910
1911
1915
1916
1917
1918
1920
1921
1922
1923
1924
1925
1926
1928
1929
1931
1932
1934
1938
1942
1947
1951
1956
1959
1960
1962
1964
1969
1973
1974
1977
1978
1979
1980
1982
1983
1987
1988
1990
1991
1993
1994
1995
1997
1998
1999
2000
2001
2002
2003
2005
2007
2008
2009
2010
2011
2012
2013
2014
2015
2016
2017
2018
2019
2020
2021
2022
2023
2024
2025
2026
2028
2029
2030
2031
2032
2033
2035
2036
2037
2038
2039
2040
2041
2042
2043
2044
2045
2047
2048
2049
2050
2051
2052
2053
2054
2055
2056
2057
2058
2059
2061
2062
2063
2064
2065
2066
2067
2068
2069
2070
2071
2072
2073
2074
2075
2076
2077
2078
2079
2080
2081
2082
2083
2084
