2
4
5
11
15
18
19
25
28
31
33
35
36
38
41
46
47
49
55
62
65
72
81
86
87
88
91
93
101
111
113
116
120
123
125
129
135
148
149
150
153
157
158
166
170
172
178
180
182
183
191
206
209
215
221
231
232
235
236
241
245
252
257
260
261
269
275
285
287
288
289
294
304
305
308
309
322
324
326
327
328
330
331
344
347
348
356
363
366
370
373
376
392
394
400
405
407
409
411
420
422
429
430
434
435
437
443
448
453
454
465
466
481
489
494
500
503
516
529
534
541
547
549
559
568
574
575
580
581
584
588
589
591
602
604
613
622
629
642
646
649
656
663
666
667
669
670
672
685
696
699
700
709
710
720
721
723
727
728
733
737
744
745
752
753
754
767
773
776
777
778
781
783
784
788
792
794
797
813
814
820
821
827
829
830
831
834
838
850
858
859
864
874
882
883
884
885
886
895
902
916
917
918
922
924
931
938
943
945
947
951
957
962
967
976
979
980
982
987
992
993
1000
1003
1012
1013
1024
1033
1041
1055
1061
1062
1066
1068
1071
1081
1099
1104
1107
1108
1110
1111
1112
1115
1117
1120
1127
1132
1133
1140
1143
1145
1147
1151
1154
1157
1169
1170
1177
1183
1186
1194
1202
1203
1212
1214
1218
1220
1222
1223
1227
1228
1241
1242
1246
1249
1261
1268
1269
1270
1273
1284
1295
1296
1298
1301
1302
1316
1321
1324
1328
1331
1333
1334
1337
1342
1343
1344
1345
1354
1358
1367
1370
1374
1404
1409
1413
1423
1429
1430
1431
1432
1441
1443
1454
1460
1463
1467
1469
1474
1477
1483
1485
1491
1492
1493
1494
1504
1520
1530
1537
1544
1546
1551
1555
1563
1566
1572
1574
1588
1594
1596
1609
1620
1621
1624
1625
1629
1633
1636
1642
1646
1654
1655
1658
1660
1661
1665
1667
1672
1674
1676
1677
1678
1682
1688
1692
1695
1700
1701
1708
1710
1713
1715
1726
1727
1728
1730
1734
1744
1745
1747
1749
1752
1754
1764
1765
1766
1768
1770
1772
1775
1778
1779
1783
1794
1803
1805
1821
1823
1829
1830
1831
1838
1839
1840
1841
1843
1848
1854
1855
1861
1864
1866
1869
1870
1871
1877
1882
1883
1885
1886
1888
1893
1894
1897
1905
1907
1918
1919
1925
1929
1931
1934
1935
1945
1970
1980
1983
1991
1998
2000
2001
2002
2003
2004
2005
2006
2007
2008
2009
2010
2011
2012
2013
2014
2015
2016
2017
2018
2019
2020
2021
2022
2023
2024
2025
2026
2027
2028
2029
2030
2031
2033
2034
2035
2036
2037
2038
2040
2041
2042
2043
2044
2045
2046
2047
2048
2049
2050
2051
2052
2053
2054
2055
2056
2057
2058
2059
2060
2061
2062
2064
2065
2067
2068
2069
2070
2071
2072
2073
2074
2075
2076
2077
2078
2079
2080
2081
2082
2083
2084
