0
1
3
4
5
8
10
14
18
19
22
23
24
25
26
27
29
32
35
37
39
41
43
44
48
52
54
55
56
57
59
61
63
64
67
69
71
73
74
75
77
79
81
84
90
91
93
94
95
96
98
99
101
102
104
105
108
116
117
121
122
125
126
127
131
135
137
138
139
148
149
150
152
154
156
158
161
163
164
169
170
171
172
174
175
176
179
180
181
187
188
194
196
200
204
205
206
207
208
209
211
213
214
215
218
221
222
223
225
229
234
236
238
240
245
246
247
248
250
264
269
270
272
276
277
278
283
284
285
287
290
291
292
294
295
300
303
308
309
311
312
313
316
318
319
320
323
324
325
326
328
334
335
336
339
343
344
346
347
348
349
354
355
356
358
360
363
367
368
370
371
372
376
377
379
380
383
384
385
388
389
392
394
399
401
404
406
413
414
416
417
418
420
421
422
423
424
426
430
431
433
436
437
438
439
448
451
452
455
459
460
461
463
465
466
469
470
474
476
477
479
483
484
486
487
488
490
492
493
495
499
500
501
502
503
505
508
509
511
513
516
517
522
523
524
525
528
529
531
533
536
537
538
541
543
545
546
548
553
554
555
556
558
561
563
564
566
568
570
571
572
573
574
575
576
579
582
584
585
587
588
590
591
599
600
601
602
604
605
607
615
616
617
618
620
623
624
626
627
630
632
633
635
636
639
642
643
647
648
650
651
652
654
655
657
658
661
662
663
665
666
667
668
670
671
672
676
677
678
680
685
686
687
688
692
694
697
698
701
702
703
706
708
710
713
718
721
722
723
724
725
728
729
730
732
735
737
738
739
740
742
743
748
750
753
754
755
758
770
771
772
775
776
779
781
783
785
790
799
801
804
806
808
809
814
815
820
821
822
823
824
826
827
833
835
836
838
839
840
843
844
847
849
851
852
853
856
858
859
861
862
863
864
865
866
871
872
875
878
880
882
884
885
886
887
888
889
892
893
895
896
897
899
901
902
903
905
907
908
909
910
911
912
914
917
918
919
920
921
923
928
929
932
934
935
936
938
939
941
943
945
947
950
951
954
956
957
959
960
965
966
968
970
971
972
974
975
976
979
980
981
983
986
987
988
990
991
992
993
994
998
1003
1005
1009
1011
1012
1014
1015
1016
1017
1020
1021
1022
1029
1030
1034
1035
1036
1037
1038
1040
1041
1044
1050
1051
1052
1053
1054
1057
1071
1072
1073
1074
1075
1076
1077
1078
1079
1080
1082
1084
1088
1089
1090
1092
1095
1096
1098
1104
1105
1106
1107
1108
1109
1112
1115
1116
1121
1123
1124
1126
1127
1128
1130
1131
1132
1133
1137
1139
1140
1142
1144
1145
1146
1148
1155
1159
1160
1161
1162
1165
1166
1167
1168
1169
1170
1174
1175
1176
1180
1181
1183
1185
1186
1187
1188
1194
1195
1196
1197
1198
1200
1201
1202
1204
1207
1208
1209
1210
1212
1213
1214
1215
1216
1218
1220
1221
1223
1228
1230
1231
1235
1238
1240
1242
1245
1246
1249
1250
1251
1254
1255
1259
1260
1261
1262
1264
1265
1268
1270
1273
1276
1279
1280
1284
1285
1286
1287
1289
1290
1291
1292
1295
1298
1301
1304
1305
1307
1308
1312
1315
1316
1317
1320
1323
1324
1328
1331
1333
1338
1341
1342
1344
1345
1350
1354
1360
1361
1365
1366
1369
1370
1372
1373
1374
1375
1376
1377
1379
1380
1381
1382
1383
1385
1387
1388
1389
1391
1393
1395
1397
1404
1405
1408
1409
1412
1414
1420
1422
1424
1425
1426
1432
1433
1434
1436
1438
1439
1445
1446
1447
1451
1452
1455
1457
1459
1461
1462
1465
1468
1469
1471
1474
1475
1476
1477
1478
1479
1480
1481
1482
1484
1491
1493
1494
1497
1499
1500
1502
1503
1504
1506
1510
1511
1512
1514
1515
1516
1520
1521
1522
1523
1524
1525
1526
1529
1530
1531
1534
1535
1536
1538
1539
1542
1543
1544
1548
1550
1553
1555
1557
1559
1562
1563
1564
1568
1570
1571
1572
1573
1574
1576
1578
1579
1582
1583
1585
1588
1589
1592
1593
1595
1596
1601
1602
1604
1605
1606
1609
1610
1611
1613
1614
1618
1620
1622
1623
1624
1625
1626
1627
1629
1631
1634
1635
1637
1642
1643
1644
1645
1650
1653
1662
1663
1664
1669
1671
1674
1676
1677
1678
1680
1682
1683
1693
1694
1699
1700
1705
1706
1709
1712
1713
1714
1715
1717
1721
1722
1723
1724
1726
1727
1728
1729
1732
1733
1734
1735
1739
1740
1745
1746
1753
1759
1761
1763
1764
1768
1770
1771
1774
1783
1787
1789
1790
1791
1798
1803
1804
1805
1806
1807
1808
1811
1813
1816
1817
1818
1820
1822
1823
1825
1829
1831
1834
1838
1841
1842
1845
1846
1848
1849
1851
1853
1857
1860
1861
1864
1865
1866
1867
1869
1870
1874
1875
1878
1881
1882
1883
1888
1891
1892
1894
1898
1903
1904
1907
1909
1913
1915
1918
1919
1920
1923
1924
1925
1929
1931
1934
1935
1936
1937
1938
1943
1944
1945
1949
1951
1953
1956
1960
1963
1969
1970
1972
1974
1975
1976
1977
1978
1983
1984
1989
1991
1993
1995
2000
2001
2002
2003
2004
2005
2007
2008
2009
2010
2011
2012
2013
2014
2015
2016
2017
2018
2019
2020
2021
2022
2023
2024
2025
2027
2028
2029
2030
2031
2032
2033
2035
2036
2038
2039
2040
2041
2042
2043
2044
2045
2047
2048
2049
2051
2052
2053
2054
2055
2056
2057
2058
2059
2061
2062
2063
2064
2065
2067
2068
2069
2070
2071
2072
2073
2074
2075
2076
2077
2078
2079
2081
2082
2083
2084
