0
3
4
5
6
10
15
16
17
18
21
22
23
24
25
28
29
31
32
33
34
35
36
38
39
40
43
46
51
54
60
62
63
64
66
67
70
71
72
73
74
75
77
78
83
85
86
88
90
91
98
100
101
104
109
110
113
114
115
116
118
120
125
128
130
132
135
136
139
147
148
149
152
153
154
157
158
161
162
167
170
171
172
173
177
180
183
186
187
188
190
191
192
193
194
199
200
201
203
207
209
213
215
217
218
220
222
223
224
225
231
232
233
236
241
243
245
246
249
250
251
252
253
254
255
257
259
261
265
269
272
273
274
275
277
283
284
287
288
289
290
292
297
302
303
305
313
316
318
319
321
324
326
330
334
336
341
345
346
351
353
357
358
361
363
376
378
379
382
384
385
387
389
392
398
399
400
402
404
405
407
410
411
414
418
420
421
422
423
424
425
426
427
430
433
434
435
436
437
440
448
449
452
455
456
457
462
463
473
478
479
480
484
486
487
489
491
492
494
495
496
499
502
503
505
506
508
509
512
513
518
519
520
521
522
523
524
526
527
528
529
531
534
535
537
538
541
542
543
545
549
550
559
560
562
563
564
568
570
573
579
581
584
585
587
590
591
596
598
600
601
603
604
605
606
609
612
613
615
619
620
622
627
630
631
632
633
635
642
643
646
652
655
656
658
660
661
666
671
672
673
676
677
680
683
684
685
688
689
690
692
693
695
697
698
700
702
704
705
708
709
710
714
715
717
722
723
724
728
729
731
736
737
739
740
742
743
747
748
750
752
753
756
760
763
764
768
771
772
774
776
779
780
782
786
788
791
792
793
794
796
797
800
802
804
805
808
819
822
824
827
828
830
833
835
836
837
838
839
840
841
848
850
851
854
855
858
859
860
864
865
866
867
869
871
872
873
879
880
882
884
885
886
888
891
892
893
894
895
896
899
901
902
903
905
906
907
908
909
910
912
915
916
917
918
919
921
924
927
928
930
932
934
935
936
938
942
943
945
946
948
952
955
956
957
958
959
961
962
965
966
967
968
972
973
974
975
976
978
982
983
984
985
988
990
993
994
995
997
998
999
1000
1005
1006
1007
1008
1010
1012
1014
1016
1018
1019
1020
1021
1022
1025
1027
1028
1029
1030
1031
1033
1034
1035
1036
1037
1040
1041
1044
1046
1051
1052
1053
1055
1057
1061
1062
1066
1067
1068
1071
1076
1077
1081
1083
1086
1087
1089
1090
1094
1096
1098
1100
1102
1103
1106
1108
1110
1111
1114
1116
1118
1121
1122
1124
1127
1128
1133
1134
1135
1136
1138
1140
1142
1143
1144
1146
1147
1148
1149
1152
1153
1158
1159
1163
1164
1166
1170
1171
1172
1174
1176
1177
1178
1179
1180
1181
1183
1185
1186
1188
1191
1194
1195
1196
1197
1198
1199
1201
1203
1212
1214
1216
1218
1220
1223
1225
1227
1228
1229
1231
1233
1237
1239
1242
1244
1246
1247
1248
1249
1250
1252
1253
1254
1259
1261
1262
1266
1267
1268
1269
1270
1271
1272
1273
1274
1276
1278
1280
1282
1285
1286
1289
1292
1300
1302
1305
1306
1312
1313
1314
1315
1316
1318
1321
1322
1323
1325
1326
1327
1328
1329
1330
1337
1343
1344
1347
1349
1353
1354
1358
1359
1366
1367
1370
1371
1372
1374
1376
1378
1379
1382
1383
1387
1388
1389
1393
1394
1395
1396
1397
1399
1400
1403
1407
1413
1415
1416
1417
1419
1421
1422
1423
1424
1430
1434
1435
1439
1441
1443
1447
1448
1451
1455
1456
1459
1460
1461
1463
1467
1475
1477
1478
1480
1481
1482
1483
1484
1488
1489
1492
1496
1498
1500
1501
1505
1508
1514
1515
1516
1518
1519
1521
1524
1532
1534
1536
1537
1540
1541
1543
1546
1547
1548
1550
1553
1555
1556
1557
1558
1559
1560
1564
1567
1569
1571
1573
1574
1575
1576
1577
1578
1582
1583
1584
1585
1587
1588
1589
1590
1592
1593
1596
1597
1601
1604
1605
1608
1610
1611
1612
1614
1616
1618
1619
1623
1626
1629
1631
1634
1635
1636
1639
1641
1642
1651
1652
1653
1654
1656
1659
1662
1663
1664
1665
1667
1669
1670
1672
1674
1675
1677
1678
1679
1680
1681
1685
1686
1687
1688
1691
1692
1693
1697
1701
1702
1703
1704
1707
1710
1712
1713
1714
1715
1718
1719
1721
1723
1724
1725
1726
1728
1729
1730
1731
1733
1734
1736
1737
1738
1741
1744
1746
1747
1748
1751
1753
1756
1759
1762
1764
1765
1766
1769
1772
1773
1776
1779
1780
1781
1782
1785
1788
1789
1790
1791
1793
1794
1796
1797
1798
1800
1804
1808
1810
1811
1812
1813
1817
1818
1819
1821
1823
1825
1826
1827
1834
1835
1836
1837
1838
1839
1840
1842
1843
1844
1847
1849
1853
1855
1856
1858
1859
1864
1866
1867
1868
1870
1871
1872
1875
1877
1879
1880
1882
1883
1884
1887
1888
1894
1895
1896
1897
1900
1901
1902
1905
1906
1909
1912
1917
1918
1922
1925
1927
1928
1932
1934
1935
1936
1938
1942
1944
1945
1947
1948
1949
1951
1956
1957
1958
1965
1967
1970
1972
1978
1980
1982
1983
1984
1985
1989
1990
1992
1993
1994
1996
1999
2000
2001
2002
2003
2004
2005
2006
2007
2008
2009
2010
2011
2012
2013
2014
2016
2017
2018
2019
2020
2022
2023
2025
2026
2027
2028
2029
2030
2033
2034
2035
2036
2037
2038
2039
2040
2041
2042
2043
2044
2045
2046
2047
2048
2049
2050
2051
2052
2053
2054
2055
2057
2058
2059
2061
2062
2063
2064
2065
2068
2069
2070
2071
2072
2073
2074
2075
2076
2077
2078
2079
2081
2082
2084
