2
10
11
13
15
16
18
19
22
24
25
29
30
34
35
37
38
43
45
46
47
48
51
53
54
56
57
58
62
63
64
66
69
71
72
73
77
78
79
80
81
83
84
86
87
90
91
93
94
95
97
100
101
102
103
104
106
108
112
115
116
117
118
120
121
123
124
125
126
127
128
129
130
133
134
135
138
139
141
143
144
147
149
150
151
152
154
156
157
158
163
165
166
167
170
173
174
176
177
179
180
181
184
190
191
192
193
195
197
200
205
208
211
212
213
214
217
218
222
225
227
229
231
233
234
235
236
238
241
246
247
254
257
259
260
264
265
266
267
268
269
270
276
277
284
285
286
287
289
292
294
296
297
300
301
311
312
315
317
321
324
325
327
328
329
331
332
334
335
336
337
339
340
342
343
345
347
348
350
351
354
355
357
361
364
366
368
369
371
377
379
381
384
387
389
392
393
395
396
397
399
400
403
404
408
410
411
413
414
418
420
422
423
424
426
429
430
431
434
436
437
438
439
446
449
454
455
458
463
465
468
471
474
476
481
482
483
485
486
487
488
489
494
496
497
498
499
500
503
505
508
510
512
513
516
518
520
521
522
525
529
530
532
539
541
542
547
549
552
554
555
559
560
563
564
566
569
570
571
574
576
577
578
579
580
581
582
584
588
589
590
591
594
600
603
604
606
607
608
609
611
612
616
619
621
622
624
625
626
627
629
630
632
633
635
638
640
641
643
644
645
646
651
652
655
656
659
660
663
665
667
668
669
670
672
674
676
678
679
681
682
684
685
688
689
694
698
699
700
701
705
706
707
708
709
710
714
715
719
720
723
727
729
730
731
732
733
739
741
743
746
747
748
751
752
753
756
757
758
759
760
761
762
764
766
768
769
772
773
776
778
779
780
781
782
783
784
785
786
787
788
789
792
793
794
796
797
800
802
803
805
808
810
812
818
820
821
823
824
827
828
833
837
838
839
840
842
844
845
848
850
851
856
859
866
868
869
871
874
875
877
880
885
886
888
889
890
891
895
899
900
901
902
904
905
909
911
912
913
915
916
918
920
921
923
926
928
929
931
934
935
938
943
944
945
946
947
949
950
951
953
954
955
956
958
966
968
971
972
973
974
975
979
980
982
991
992
994
1001
1003
1006
1008
1011
1015
1016
1017
1018
1021
1024
1027
1028
1030
1031
1032
1033
1037
1038
1039
1046
1050
1051
1054
1055
1059
1060
1061
1062
1064
1065
1070
1071
1074
1076
1078
1080
1081
1083
1085
1089
1090
1091
1093
1100
1101
1102
1103
1104
1108
1109
1110
1112
1113
1114
1118
1120
1121
1124
1125
1127
1128
1132
1133
1136
1137
1138
1141
1142
1143
1147
1149
1153
1156
1157
1161
1162
1166
1167
1168
1169
1170
1172
1176
1177
1178
1185
1188
1190
1194
1197
1198
1199
1201
1203
1204
1210
1212
1215
1216
1217
1218
1220
1221
1223
1226
1229
1230
1231
1232
1235
1236
1237
1240
1241
1242
1244
1249
1250
1252
1255
1259
1261
1262
1263
1264
1267
1268
1270
1272
1273
1274
1275
1276
1277
1279
1284
1286
1288
1289
1290
1292
1296
1297
1298
1299
1300
1301
1305
1307
1308
1309
1310
1313
1316
1317
1321
1325
1327
1328
1329
1330
1333
1335
1337
1342
1343
1345
1347
1349
1352
1355
1359
1360
1361
1363
1369
1370
1372
1373
1375
1376
1378
1380
1382
1391
1395
1396
1397
1400
1401
1402
1403
1404
1405
1406
1410
1417
1423
1427
1432
1433
1434
1436
1438
1439
1440
1442
1443
1444
1446
1448
1450
1452
1453
1454
1455
1456
1457
1459
1460
1461
1462
1466
1468
1469
1471
1476
1477
1479
1481
1483
1484
1487
1489
1491
1493
1494
1495
1496
1497
1498
1499
1501
1508
1510
1515
1516
1518
1519
1520
1522
1523
1524
1525
1528
1529
1533
1534
1535
1540
1541
1543
1544
1545
1546
1548
1549
1550
1551
1552
1555
1556
1559
1562
1564
1565
1566
1567
1570
1571
1572
1573
1575
1577
1578
1583
1586
1587
1588
1590
1592
1594
1595
1596
1600
1601
1602
1603
1606
1607
1608
1610
1611
1616
1618
1621
1623
1625
1631
1634
1635
1636
1639
1642
1646
1647
1649
1650
1651
1653
1654
1655
1656
1660
1663
1664
1669
1674
1675
1682
1686
1687
1689
1690
1693
1696
1698
1699
1700
1702
1707
1708
1709
1710
1715
1719
1722
1723
1727
1728
1731
1733
1734
1735
1741
1744
1748
1749
1752
1753
1754
1756
1758
1763
1764
1765
1766
1769
1770
1771
1773
1775
1777
1778
1783
1786
1787
1789
1791
1792
1793
1794
1797
1802
1803
1804
1805
1808
1809
1814
1817
1821
1824
1825
1835
1837
1838
1839
1841
1845
1847
1850
1852
1853
1855
1857
1860
1862
1863
1866
1867
1868
1869
1870
1871
1873
1876
1877
1880
1881
1883
1884
1886
1888
1889
1893
1895
1896
1897
1900
1904
1905
1907
1913
1915
1920
1921
1924
1925
1928
1930
1934
1935
1936
1937
1938
1942
1945
1950
1960
1961
1962
1964
1967
1968
1970
1974
1975
1979
1982
1983
1991
1992
1994
1999
2000
2001
2002
2003
2004
2005
2008
2009
2011
2012
2013
2014
2015
2016
2017
2018
2019
2020
2021
2022
2023
2024
2025
2026
2027
2028
2029
2030
2031
2032
2033
2034
2035
2036
2037
2038
2039
2040
2041
2042
2043
2044
2045
2047
2048
2049
2050
2051
2053
2054
2055
2056
2057
2059
2060
2061
2062
2063
2064
2065
2067
2068
2069
2070
2071
2072
2073
2074
2075
2076
2077
2078
2079
2080
2081
2082
2083
2084
