0
2
4
5
13
14
15
19
30
35
42
47
61
73
74
82
87
90
91
95
97
106
109
112
128
138
139
141
142
154
157
158
163
167
170
180
181
185
194
204
205
210
211
213
218
226
230
233
235
236
241
242
244
251
252
256
260
265
269
273
275
278
297
300
301
325
330
336
341
345
348
351
355
358
368
369
371
375
380
389
408
411
414
420
422
426
439
441
445
449
452
455
456
462
483
485
489
492
493
494
497
504
506
513
516
521
524
527
535
537
538
542
543
545
546
547
548
549
558
567
570
571
574
578
579
580
582
584
590
593
594
595
598
604
605
618
620
627
631
633
638
646
656
659
661
667
674
678
679
680
682
699
709
711
714
715
716
719
722
723
733
736
743
745
746
747
749
752
753
759
760
766
774
776
783
784
787
792
799
804
805
809
812
820
827
828
830
835
838
839
843
844
845
850
851
865
878
881
882
884
885
887
889
890
894
900
902
908
911
915
916
918
922
924
926
930
932
934
936
937
939
941
942
944
947
951
954
957
959
967
968
975
976
982
984
987
994
995
997
1003
1005
1006
1007
1024
1032
1039
1047
1052
1055
1060
1062
1068
1075
1085
1103
1104
1105
1109
1110
1111
1122
1132
1136
1137
1140
1142
1143
1168
1180
1181
1185
1187
1199
1202
1203
1208
1212
1213
1218
1219
1220
1223
1228
1230
1231
1237
1242
1244
1246
1250
1254
1257
1259
1264
1269
1286
1289
1293
1294
1295
1298
1302
1303
1306
1308
1309
1311
1319
1322
1333
1336
1337
1342
1349
1352
1353
1355
1370
1375
1377
1381
1391
1399
1407
1417
1420
1423
1432
1436
1441
1442
1443
1444
1446
1452
1453
1457
1462
1468
1471
1474
1475
1476
1477
1478
1484
1491
1492
1494
1496
1505
1510
1511
1512
1515
1516
1523
1524
1528
1529
1531
1537
1543
1546
1559
1573
1574
1579
1581
1584
1585
1586
1593
1594
1603
1608
1610
1617
1618
1621
1623
1625
1635
1639
1642
1648
1659
1662
1663
1668
1672
1675
1677
1678
1686
1688
1692
1709
1713
1714
1720
1723
1730
1734
1737
1741
1746
1754
1756
1761
1762
1765
1767
1772
1775
1777
1778
1790
1802
1805
1806
1807
1815
1831
1839
1844
1850
1852
1857
1864
1867
1868
1881
1885
1897
1902
1905
1907
1909
1917
1918
1925
1935
1936
1939
1940
1942
1945
1959
1962
1963
1964
1971
1983
1987
1992
1996
1998
1999
2001
2002
2003
2004
2005
2007
2008
2010
2011
2013
2015
2016
2017
2018
2019
2021
2022
2024
2025
2027
2028
2031
2033
2034
2035
2036
2037
2038
2039
2040
2041
2042
2043
2044
2046
2049
2050
2051
2054
2055
2056
2057
2058
2059
2061
2063
2064
2065
2068
2069
2070
2071
2072
2073
2075
2076
2077
2078
2080
2082
2083
2084
