0
1
2
3
4
5
8
9
10
11
12
13
15
16
18
19
20
24
25
26
27
28
29
32
33
34
35
38
39
40
41
42
46
48
49
51
54
56
57
59
61
62
64
65
66
67
68
70
71
72
73
74
75
76
77
78
79
80
81
83
84
85
86
88
89
91
92
93
94
95
97
98
99
100
102
103
105
106
110
111
112
113
114
116
119
121
122
123
124
125
126
127
128
129
130
131
132
133
135
138
139
141
142
144
147
148
149
150
151
152
153
155
157
160
161
162
163
165
166
167
170
172
173
174
175
176
177
179
180
181
182
183
184
186
188
189
190
191
192
194
195
196
197
199
200
201
202
203
207
209
211
212
213
214
215
216
217
218
220
221
222
223
225
226
228
229
231
234
235
236
237
238
239
241
242
243
244
245
246
247
248
249
250
251
252
253
254
255
256
257
258
259
261
262
263
264
265
266
268
270
273
274
275
276
277
278
280
281
283
284
285
286
287
288
289
291
292
293
294
295
296
297
298
299
300
301
303
304
305
307
308
309
310
311
312
313
317
318
319
320
321
322
324
325
326
327
328
330
331
333
336
337
338
340
342
343
345
346
348
349
353
354
355
356
357
358
359
361
362
363
364
365
367
368
369
370
371
372
374
375
376
377
378
379
380
381
382
385
387
389
390
391
392
393
394
397
398
399
400
401
402
404
405
406
407
408
409
410
411
412
413
416
417
418
419
420
421
422
424
426
427
429
430
431
432
433
434
435
439
441
442
443
444
445
446
447
448
449
450
451
452
453
454
455
457
458
459
460
462
464
466
468
469
470
472
473
474
476
477
478
479
480
481
482
483
484
485
486
488
491
492
493
494
495
496
498
499
500
501
502
503
504
505
508
509
511
512
513
514
515
516
517
519
520
521
522
523
524
525
526
527
529
530
533
537
538
541
542
544
545
546
547
548
549
552
553
554
555
556
557
558
559
560
561
563
564
565
568
569
572
573
574
575
576
577
579
580
582
583
585
586
587
589
590
591
593
594
595
596
597
598
599
600
601
602
603
606
607
608
609
610
611
614
615
617
618
619
621
622
624
625
626
627
628
629
630
631
632
633
634
635
636
637
638
639
640
641
642
645
648
650
652
653
655
656
659
660
662
663
665
666
667
668
669
671
672
673
674
675
677
678
679
680
681
682
683
684
685
686
687
688
689
693
694
695
696
697
699
701
702
703
705
706
710
711
715
716
718
719
720
721
722
723
724
725
726
727
728
729
730
732
733
736
737
738
739
740
743
744
746
747
749
750
754
755
758
759
760
761
762
763
765
766
767
768
769
771
772
773
774
775
776
777
778
779
780
781
782
786
789
790
793
795
796
799
800
801
802
803
804
807
808
809
810
813
814
815
817
818
819
821
823
824
826
827
829
830
831
832
833
835
836
837
838
839
840
841
846
847
848
852
853
854
856
858
859
862
863
864
868
869
870
871
872
873
875
876
877
878
881
882
883
884
885
886
888
889
890
891
895
896
897
898
900
901
902
903
904
905
908
909
912
913
914
915
916
918
919
920
921
922
923
924
925
926
929
930
931
932
934
936
937
938
940
941
942
943
944
945
946
947
948
951
952
953
954
956
957
958
959
960
962
963
964
967
968
969
970
971
972
974
975
976
978
979
982
983
984
985
986
987
988
990
992
993
994
997
999
1000
1002
1003
1004
1005
1006
1007
1008
1009
1010
1012
1013
1014
1016
1017
1018
1019
1020
1021
1023
1024
1025
1026
1029
1030
1032
1033
1035
1036
1037
1038
1040
1041
1042
1043
1044
1047
1049
1050
1051
1052
1053
1054
1055
1056
1057
1058
1059
1061
1062
1064
1065
1066
1067
1068
1069
1071
1072
1074
1076
1077
1079
1080
1081
1082
1083
1084
1085
1086
1089
1090
1091
1093
1094
1095
1096
1098
1099
1100
1101
1103
1104
1105
1106
1107
1108
1109
1110
1111
1113
1115
1117
1118
1120
1121
1122
1124
1126
1127
1128
1129
1131
1133
1134
1135
1136
1137
1138
1139
1140
1141
1142
1144
1145
1147
1148
1149
1150
1151
1153
1154
1155
1157
1161
1162
1163
1166
1167
1168
1169
1170
1171
1172
1174
1175
1177
1179
1180
1181
1182
1183
1185
1186
1187
1188
1190
1194
1195
1197
1198
1199
1200
1201
1202
1203
1204
1206
1207
1208
1209
1210
1211
1212
1214
1215
1216
1217
1218
1219
1220
1222
1223
1224
1225
1226
1227
1228
1231
1232
1233
1234
1236
1239
1240
1241
1242
1243
1244
1245
1246
1247
1249
1250
1251
1254
1258
1259
1260
1261
1262
1263
1264
1265
1267
1270
1272
1273
1274
1275
1276
1277
1278
1279
1280
1281
1282
1283
1284
1286
1287
1288
1289
1290
1291
1292
1294
1295
1297
1298
1299
1300
1301
1302
1303
1304
1305
1306
1307
1309
1310
1311
1312
1314
1315
1316
1317
1318
1320
1321
1323
1324
1325
1326
1327
1328
1329
1330
1331
1332
1333
1334
1335
1336
1338
1339
1341
1342
1343
1344
1345
1346
1347
1348
1349
1350
1351
1353
1354
1355
1357
1358
1360
1361
1362
1363
1364
1365
1366
1367
1368
1369
1371
1372
1373
1375
1376
1377
1379
1380
1382
1386
1388
1389
1391
1392
1394
1395
1396
1397
1398
1399
1400
1401
1402
1403
1406
1407
1408
1409
1411
1413
1414
1415
1416
1417
1418
1419
1420
1423
1424
1425
1426
1427
1428
1429
1430
1431
1432
1433
1434
1436
1438
1439
1440
1441
1442
1443
1444
1446
1447
1450
1452
1453
1454
1456
1457
1458
1459
1460
1463
1464
1468
1469
1470
1472
1473
1474
1475
1476
1478
1479
1481
1482
1484
1485
1486
1488
1489
1490
1491
1492
1493
1495
1496
1497
1499
1500
1501
1502
1503
1504
1505
1507
1508
1509
1511
1512
1513
1516
1519
1522
1523
1526
1528
1530
1533
1535
1536
1537
1539
1540
1541
1543
1544
1545
1546
1549
1550
1551
1552
1553
1555
1556
1557
1558
1559
1560
1561
1565
1566
1567
1568
1569
1570
1571
1572
1574
1575
1576
1577
1579
1581
1582
1583
1584
1586
1587
1588
1589
1591
1592
1593
1594
1595
1596
1597
1598
1601
1602
1603
1604
1607
1608
1609
1610
1611
1612
1613
1614
1615
1616
1617
1618
1619
1620
1621
1623
1624
1627
1628
1629
1631
1632
1633
1634
1635
1636
1638
1640
1642
1643
1644
1645
1647
1648
1649
1650
1651
1653
1654
1656
1658
1659
1660
1661
1663
1664
1665
1666
1667
1669
1670
1672
1673
1674
1675
1677
1678
1680
1681
1682
1685
1686
1688
1689
1690
1691
1692
1693
1694
1695
1696
1697
1698
1699
1701
1702
1703
1704
1706
1707
1708
1709
1710
1711
1714
1715
1721
1722
1723
1724
1725
1726
1727
1728
1730
1733
1734
1735
1736
1737
1738
1739
1742
1744
1745
1746
1749
1750
1751
1752
1753
1754
1755
1756
1758
1759
1761
1762
1763
1764
1765
1767
1768
1769
1772
1773
1774
1776
1777
1779
1781
1782
1783
1784
1785
1786
1787
1789
1791
1794
1795
1796
1798
1799
1801
1803
1805
1806
1807
1808
1809
1811
1817
1818
1819
1820
1823
1826
1828
1830
1831
1833
1834
1835
1836
1837
1838
1839
1840
1841
1842
1843
1845
1847
1849
1851
1852
1853
1854
1855
1856
1858
1859
1860
1862
1863
1866
1867
1868
1869
1871
1876
1877
1878
1879
1880
1881
1882
1883
1884
1886
1889
1890
1891
1892
1894
1895
1896
1897
1898
1899
1900
1901
1902
1903
1904
1905
1908
1909
1913
1914
1915
1916
1917
1918
1919
1920
1922
1923
1924
1925
1926
1927
1929
1930
1931
1932
1939
1940
1941
1944
1945
1947
1949
1950
1951
1953
1954
1955
1956
1957
1959
1960
1961
1962
1963
1964
1965
1966
1967
1968
1969
1970
1972
1974
1975
1976
1977
1978
1981
1983
1984
1986
1987
1988
1989
1991
1993
1994
1995
1996
1998
1999
2000
2001
2002
2003
2004
2005
2006
2007
2008
2009
2010
2011
2012
2013
2014
2015
2016
2017
2018
2019
2020
2021
2023
2024
2025
2026
2027
2028
2029
2030
2031
2032
2033
2034
2035
2036
2037
2038
2039
2040
2041
2042
2043
2045
2046
2047
2048
2049
2050
2051
2052
2053
2054
2055
2056
2058
2059
2061
2062
2063
2064
2065
2066
2067
2068
2069
2070
2071
2072
2073
2074
2075
2076
2077
2078
2079
2080
2081
2082
2083
2084
