2
25
42
45
48
54
57
77
83
94
97
98
164
170
174
202
208
225
227
229
236
243
244
249
260
277
341
346
347
348
364
396
399
400
411
421
422
436
445
495
517
547
583
591
598
627
633
674
678
733
746
747
776
778
785
797
808
815
830
831
837
843
854
858
862
869
874
878
887
889
915
943
945
950
954
957
974
980
994
1003
1019
1020
1029
1064
1106
1110
1136
1162
1183
1203
1208
1232
1252
1265
1268
1286
1299
1301
1322
1357
1358
1367
1389
1395
1410
1414
1419
1420
1436
1444
1452
1469
1483
1504
1523
1533
1556
1569
1595
1619
1620
1624
1626
1651
1658
1660
1668
1678
1681
1699
1728
1737
1750
1765
1778
1779
1787
1790
1821
1831
1855
1867
1881
1897
1905
1928
1931
1956
1971
1980
1998
2000
2001
2002
2003
2004
2008
2009
2011
2013
2014
2015
2016
2019
2020
2021
2022
2023
2024
2026
2027
2028
2029
2030
2031
2032
2033
2035
2036
2039
2040
2041
2042
2044
2045
2046
2048
2049
2051
2052
2053
2054
2056
2057
2059
2060
2063
2064
2065
2067
2070
2072
2075
2076
2078
2080
2082
2084
