0
1
3
4
6
8
15
16
17
18
19
22
23
25
26
29
31
32
34
35
38
39
42
43
45
46
47
49
55
58
60
62
63
65
67
68
69
70
71
72
74
75
77
78
80
84
85
86
88
91
93
95
98
104
106
108
114
116
118
119
121
122
123
127
129
131
132
137
138
139
141
142
143
147
151
156
158
163
166
167
170
171
176
177
181
182
183
184
186
187
190
191
192
194
195
196
198
199
201
205
206
207
211
213
214
218
219
220
223
225
227
229
232
235
238
239
241
242
246
247
249
251
253
255
257
258
259
261
262
265
266
269
273
278
279
280
282
284
286
288
289
292
294
295
297
300
301
302
306
308
312
317
318
323
327
331
333
339
341
345
346
347
348
349
350
351
353
354
357
358
360
362
364
368
370
371
374
375
376
377
378
380
384
388
391
392
395
397
399
400
402
404
407
409
411
414
416
420
421
423
424
425
433
434
435
437
438
440
445
451
453
455
456
457
458
460
463
466
473
477
478
481
484
485
486
488
491
492
493
497
498
501
502
504
505
509
510
511
512
515
517
519
524
530
534
535
538
539
541
542
543
544
546
549
551
553
554
555
558
559
560
561
563
566
567
569
570
571
574
578
579
581
582
584
586
588
593
595
596
597
598
603
604
605
608
609
611
612
613
614
616
617
619
621
623
625
627
629
630
632
634
639
642
644
648
649
650
651
652
653
655
658
660
661
666
668
669
670
672
673
676
679
680
681
682
684
686
687
688
689
692
694
695
697
698
699
702
703
705
707
708
709
710
711
712
714
715
717
719
720
722
723
725
728
730
732
733
735
736
739
743
745
746
747
749
750
752
753
756
759
761
762
763
765
766
767
769
770
771
772
774
775
776
781
782
784
785
789
790
792
800
801
802
803
806
812
813
814
817
818
819
823
824
827
830
831
833
834
835
839
841
844
845
848
849
851
852
854
855
857
858
860
861
863
864
865
866
867
868
873
874
875
878
882
883
885
890
892
893
902
904
906
910
911
912
913
914
915
918
920
922
923
924
927
928
929
930
933
934
936
937
939
941
942
943
951
952
953
955
956
957
959
960
961
967
968
969
970
972
974
975
977
981
982
984
987
991
994
995
1000
1001
1002
1004
1005
1006
1007
1013
1016
1018
1019
1020
1021
1028
1031
1036
1037
1041
1045
1046
1047
1048
1050
1051
1052
1053
1055
1057
1059
1060
1063
1066
1067
1068
1069
1071
1072
1074
1080
1082
1086
1089
1090
1093
1096
1099
1100
1103
1105
1109
1111
1112
1119
1120
1122
1123
1124
1126
1127
1128
1130
1133
1140
1142
1143
1144
1146
1148
1151
1155
1157
1160
1167
1168
1169
1170
1171
1172
1175
1176
1177
1179
1180
1181
1182
1183
1185
1186
1187
1188
1190
1196
1197
1198
1199
1200
1202
1203
1208
1210
1216
1219
1225
1226
1229
1233
1234
1236
1238
1240
1241
1242
1244
1252
1253
1256
1259
1261
1263
1268
1270
1277
1280
1284
1286
1287
1288
1290
1292
1295
1298
1300
1301
1302
1304
1305
1306
1308
1309
1311
1312
1313
1316
1317
1319
1322
1324
1327
1328
1329
1331
1333
1334
1335
1336
1337
1339
1340
1343
1346
1347
1348
1350
1351
1353
1355
1357
1361
1364
1365
1366
1370
1371
1376
1377
1378
1380
1383
1385
1389
1395
1396
1401
1402
1403
1404
1408
1410
1411
1412
1417
1419
1420
1421
1422
1423
1427
1429
1432
1433
1435
1439
1441
1443
1444
1447
1450
1456
1457
1458
1459
1460
1462
1464
1465
1467
1469
1470
1471
1472
1474
1475
1477
1480
1481
1485
1486
1487
1488
1490
1492
1493
1494
1496
1497
1498
1499
1501
1504
1505
1507
1509
1511
1513
1516
1517
1518
1520
1521
1522
1525
1526
1527
1532
1534
1538
1542
1543
1544
1548
1550
1552
1553
1559
1561
1563
1566
1573
1574
1576
1577
1580
1583
1584
1586
1588
1589
1592
1597
1604
1606
1608
1609
1610
1611
1614
1618
1619
1621
1625
1629
1631
1632
1633
1635
1636
1637
1638
1639
1640
1648
1650
1653
1654
1659
1660
1669
1670
1672
1674
1677
1680
1681
1685
1686
1687
1690
1692
1693
1697
1698
1699
1700
1703
1705
1706
1707
1708
1709
1710
1711
1712
1713
1714
1720
1722
1723
1725
1730
1731
1736
1737
1738
1740
1742
1745
1747
1748
1749
1751
1752
1754
1755
1756
1758
1759
1763
1764
1765
1766
1767
1768
1769
1771
1772
1774
1778
1779
1780
1783
1787
1789
1791
1793
1795
1796
1797
1798
1803
1805
1807
1808
1810
1812
1814
1815
1817
1819
1820
1822
1823
1824
1826
1827
1831
1833
1834
1835
1836
1837
1839
1840
1841
1842
1843
1844
1847
1848
1853
1857
1858
1859
1860
1861
1864
1866
1867
1868
1873
1874
1875
1877
1878
1879
1880
1881
1885
1887
1888
1891
1893
1894
1896
1897
1899
1903
1904
1905
1913
1914
1917
1918
1920
1921
1924
1929
1930
1931
1934
1937
1940
1941
1942
1944
1946
1947
1951
1953
1956
1957
1959
1960
1963
1964
1967
1968
1971
1972
1973
1975
1976
1979
1981
1984
1985
1988
1990
1992
1994
1995
1998
2001
2002
2003
2004
2005
2007
2008
2009
2010
2011
2012
2013
2014
2015
2016
2019
2020
2021
2022
2023
2024
2025
2026
2027
2028
2029
2030
2031
2032
2033
2034
2035
2037
2038
2039
2040
2041
2042
2044
2045
2046
2047
2048
2049
2050
2052
2053
2054
2055
2056
2057
2058
2059
2060
2061
2063
2064
2067
2068
2069
2070
2073
2074
2076
2077
2078
2079
2080
2081
2082
2083
2084
