1
3
4
5
8
9
11
13
14
15
16
18
19
25
30
31
33
39
42
43
44
45
46
51
52
53
54
55
59
60
62
63
64
65
66
67
69
72
73
75
76
78
80
82
83
85
87
90
92
97
98
99
100
101
102
105
106
109
110
113
114
115
117
118
119
123
126
132
139
142
143
147
148
150
152
153
154
157
163
164
167
169
171
172
174
175
176
177
178
185
190
191
192
194
195
198
199
201
205
207
208
209
211
212
216
220
222
225
227
228
229
230
231
235
236
237
239
241
243
245
246
249
250
252
256
257
259
260
263
264
266
275
277
279
280
283
288
294
295
297
299
300
301
304
309
310
313
315
318
320
321
322
323
324
325
327
330
331
332
336
339
344
345
346
347
349
351
352
353
354
355
357
359
360
362
373
374
375
376
378
379
380
381
383
385
386
387
389
390
392
395
396
398
399
400
404
407
411
412
415
416
417
418
420
421
422
427
428
430
431
432
433
434
435
436
438
441
442
444
445
451
452
453
455
456
460
462
463
464
466
472
473
476
477
483
486
487
492
493
494
496
499
503
504
505
507
509
510
511
515
516
521
524
529
531
532
533
534
539
541
542
543
546
549
551
552
553
554
556
559
560
563
564
565
568
569
570
573
575
576
579
581
582
583
584
585
591
593
594
596
599
600
603
605
607
611
612
613
614
622
626
628
629
630
632
633
634
635
638
641
642
643
644
646
651
654
655
657
662
663
665
667
668
669
671
672
675
676
680
681
682
685
688
689
695
696
698
699
702
704
706
709
710
712
713
715
718
720
721
722
723
726
728
729
731
732
733
734
738
739
740
745
746
750
752
754
755
757
762
765
772
773
775
776
778
779
781
782
784
786
787
792
797
800
801
802
804
805
808
809
812
815
822
824
826
827
829
830
831
833
834
840
843
844
845
849
851
852
854
856
858
860
863
864
865
866
868
869
870
873
874
875
876
880
883
884
885
886
888
891
895
896
897
901
904
905
908
909
912
913
914
915
916
918
920
925
926
927
928
930
931
932
933
935
936
937
939
941
944
945
946
948
949
950
951
954
955
956
957
960
963
965
967
968
970
971
972
973
977
978
979
981
983
984
986
987
988
991
994
995
997
998
999
1002
1003
1006
1009
1012
1013
1014
1017
1018
1019
1020
1021
1022
1024
1026
1027
1028
1031
1039
1041
1044
1045
1046
1050
1053
1055
1057
1059
1060
1061
1062
1066
1069
1071
1072
1073
1074
1076
1077
1079
1084
1085
1089
1092
1093
1095
1098
1099
1101
1102
1103
1105
1107
1110
1112
1115
1117
1118
1120
1121
1122
1125
1126
1127
1128
1129
1130
1133
1134
1136
1140
1141
1146
1148
1149
1153
1154
1155
1166
1167
1168
1169
1170
1171
1172
1174
1181
1186
1188
1195
1196
1197
1199
1200
1201
1203
1204
1206
1208
1209
1214
1215
1216
1220
1222
1223
1224
1225
1227
1228
1231
1233
1234
1236
1239
1242
1243
1244
1245
1246
1248
1251
1254
1255
1259
1262
1263
1264
1268
1269
1272
1274
1276
1277
1279
1281
1282
1283
1284
1285
1289
1291
1292
1301
1302
1304
1305
1306
1309
1310
1313
1314
1315
1318
1322
1324
1328
1330
1331
1332
1334
1338
1339
1340
1342
1343
1345
1353
1354
1358
1361
1366
1367
1370
1375
1376
1377
1378
1379
1380
1382
1390
1391
1395
1396
1398
1401
1402
1403
1404
1407
1408
1411
1412
1413
1415
1417
1420
1421
1422
1423
1424
1426
1430
1431
1432
1433
1435
1436
1438
1439
1442
1443
1444
1446
1447
1448
1450
1452
1455
1460
1461
1465
1469
1470
1472
1476
1478
1482
1485
1487
1489
1490
1491
1493
1494
1495
1497
1501
1502
1503
1504
1505
1506
1507
1508
1509
1510
1512
1514
1517
1518
1522
1529
1530
1531
1533
1535
1536
1537
1541
1543
1544
1548
1551
1553
1554
1555
1557
1561
1562
1567
1568
1570
1574
1577
1578
1580
1582
1585
1586
1587
1588
1591
1594
1596
1598
1599
1601
1604
1606
1608
1609
1610
1614
1616
1618
1619
1623
1624
1628
1629
1631
1632
1633
1639
1640
1643
1644
1646
1648
1649
1650
1652
1655
1656
1661
1665
1666
1669
1671
1672
1673
1674
1678
1681
1684
1685
1688
1692
1693
1694
1697
1699
1703
1704
1705
1707
1710
1712
1714
1715
1717
1719
1720
1721
1726
1727
1728
1730
1733
1734
1737
1738
1740
1742
1743
1744
1745
1746
1747
1749
1761
1763
1764
1765
1770
1777
1779
1782
1783
1785
1789
1790
1791
1794
1797
1800
1802
1804
1806
1807
1808
1812
1814
1815
1816
1817
1821
1822
1829
1831
1834
1839
1842
1843
1846
1847
1852
1854
1861
1862
1864
1867
1869
1870
1871
1872
1874
1877
1879
1880
1882
1883
1886
1887
1889
1891
1897
1898
1904
1905
1906
1908
1909
1911
1914
1915
1916
1917
1918
1919
1920
1921
1922
1928
1930
1933
1935
1939
1940
1941
1943
1944
1946
1947
1948
1950
1956
1957
1958
1960
1961
1962
1963
1969
1970
1971
1972
1973
1974
1978
1979
1980
1981
1983
1984
1985
1987
1988
1989
1990
1993
1994
1995
1997
1999
2000
2001
2002
2003
2004
2005
2006
2007
2008
2009
2010
2011
2012
2013
2014
2015
2016
2017
2018
2019
2022
2023
2024
2025
2026
2027
2028
2029
2031
2032
2033
2034
2035
2037
2038
2039
2040
2041
2042
2043
2044
2045
2046
2047
2048
2049
2050
2051
2052
2054
2055
2057
2058
2059
2061
2063
2064
2066
2067
2068
2069
2070
2071
2072
2074
2076
2077
2079
2081
2082
2083
2084
