4
11
18
22
23
40
56
63
71
73
100
115
117
150
163
173
175
196
213
224
260
262
275
283
284
301
308
318
330
331
334
345
346
359
370
383
386
387
420
422
430
440
450
463
472
481
491
508
520
527
533
542
547
574
583
605
632
643
645
650
656
670
693
701
732
745
753
755
759
777
779
784
836
850
873
876
933
947
948
963
985
994
1008
1016
1032
1034
1042
1049
1050
1068
1091
1101
1120
1122
1134
1135
1146
1148
1175
1184
1185
1186
1197
1205
1208
1213
1232
1250
1255
1261
1266
1271
1276
1284
1285
1286
1295
1298
1299
1300
1301
1304
1305
1308
1321
1322
1330
1343
1345
1352
1370
1378
1399
1404
1410
1422
1444
1475
1489
1490
1496
1507
1518
1529
1544
1548
1566
1574
1589
1636
1637
1663
1664
1680
1685
1691
1703
1731
1738
1740
1749
1781
1796
1806
1827
1835
1847
1862
1867
1871
1879
1880
1920
1930
1931
1969
1972
1973
1979
2000
2004
2006
2012
2013
2015
2016
2018
2020
2021
2023
2029
2033
2035
2040
2042
2044
2046
2047
2049
2050
2051
2052
2061
2063
2068
2074
2077
2079
