0
1
2
4
5
6
7
9
11
13
14
15
16
17
18
19
21
22
23
24
25
26
29
30
32
33
34
35
36
38
40
41
42
43
44
45
46
48
51
52
53
54
55
56
57
58
59
60
61
62
64
65
66
68
69
70
71
72
74
76
77
79
80
81
83
84
86
87
88
90
91
93
94
95
97
98
99
100
101
102
103
104
106
107
109
111
112
114
115
116
119
120
121
122
125
127
128
129
131
133
134
137
138
139
141
142
148
149
150
151
152
153
155
156
157
160
162
164
165
166
167
169
170
171
172
173
175
176
177
179
180
183
184
185
186
187
188
190
191
192
193
194
195
196
197
198
200
202
205
206
208
211
214
215
216
219
220
221
222
224
225
226
228
229
231
233
234
237
238
239
240
242
243
244
246
247
249
250
251
252
253
254
255
256
257
260
261
262
263
264
265
266
267
268
269
271
272
274
275
276
277
278
279
280
281
282
283
285
286
287
288
289
290
292
293
294
295
296
297
298
299
300
301
304
305
306
308
309
310
311
312
313
314
315
316
317
319
320
321
323
325
326
327
328
329
330
331
333
334
335
336
337
338
340
341
342
343
345
346
347
349
350
351
352
354
355
357
358
359
360
361
363
364
365
367
368
370
371
373
375
376
377
381
383
386
387
389
390
392
393
394
396
397
400
402
404
407
408
410
411
415
416
417
419
421
422
424
425
427
429
431
432
433
434
438
439
440
441
442
443
444
448
454
455
456
457
459
460
461
462
463
465
466
467
468
469
472
473
477
478
479
481
485
487
489
490
491
492
494
495
496
497
498
500
501
502
503
505
506
507
508
509
510
511
512
513
514
515
516
517
519
521
522
523
525
526
527
530
531
533
534
535
536
537
539
540
541
543
544
545
546
547
549
553
555
556
557
558
560
563
564
565
566
568
570
571
574
575
576
577
579
581
582
586
587
589
590
592
593
594
596
598
600
602
603
604
605
607
608
609
610
611
614
615
616
618
620
621
623
625
626
627
628
630
631
632
633
634
635
637
638
639
642
643
644
645
646
647
648
649
650
651
652
654
655
656
657
658
660
661
662
663
665
668
669
670
671
672
674
676
678
681
682
683
684
685
686
687
688
689
692
693
695
696
697
698
700
703
705
706
707
708
709
710
714
715
719
720
721
722
723
724
725
726
727
728
729
731
732
733
734
735
737
738
739
740
741
742
743
745
747
748
749
750
751
752
753
754
755
756
757
759
760
761
762
765
766
769
770
771
772
773
774
775
777
780
781
782
784
785
788
789
791
792
793
794
796
797
799
800
801
802
803
804
805
806
808
809
812
813
814
815
819
820
823
824
825
826
827
828
830
831
833
834
836
837
838
839
840
841
842
844
845
846
848
849
850
851
852
853
855
856
857
858
859
861
862
863
864
865
867
868
869
870
871
874
875
877
878
879
880
882
883
884
885
886
888
890
891
892
893
894
895
896
897
898
900
901
902
904
905
906
907
908
909
910
911
912
913
914
915
916
917
918
919
920
921
922
923
924
927
928
929
930
931
934
935
936
937
938
939
941
943
944
945
947
948
949
950
951
952
953
954
955
956
957
958
959
960
962
965
966
969
971
972
976
977
978
979
980
982
983
984
985
986
987
988
989
990
991
992
994
997
998
999
1000
1001
1002
1005
1007
1008
1009
1011
1013
1014
1015
1016
1017
1018
1020
1021
1023
1024
1025
1026
1027
1028
1029
1030
1031
1032
1033
1035
1036
1037
1038
1039
1040
1041
1042
1043
1044
1045
1046
1047
1048
1049
1050
1051
1052
1055
1057
1058
1059
1061
1062
1063
1064
1065
1066
1068
1069
1070
1071
1072
1073
1074
1075
1076
1077
1079
1080
1081
1082
1086
1087
1088
1089
1090
1091
1093
1094
1097
1099
1100
1101
1105
1106
1107
1108
1109
1110
1111
1113
1115
1117
1118
1119
1120
1121
1122
1124
1125
1127
1128
1130
1132
1133
1134
1135
1136
1137
1138
1139
1140
1142
1143
1144
1145
1146
1147
1148
1149
1150
1151
1154
1155
1157
1158
1159
1160
1161
1162
1164
1165
1166
1167
1168
1169
1170
1171
1175
1176
1177
1178
1179
1180
1182
1183
1185
1186
1187
1190
1191
1192
1194
1195
1196
1197
1198
1199
1200
1201
1202
1203
1204
1205
1206
1207
1208
1209
1210
1211
1213
1214
1215
1216
1217
1218
1220
1221
1222
1225
1226
1227
1228
1230
1231
1232
1233
1234
1235
1236
1237
1238
1241
1242
1244
1247
1248
1249
1250
1252
1254
1255
1257
1258
1259
1260
1261
1262
1264
1266
1268
1269
1270
1271
1272
1273
1274
1276
1277
1279
1284
1286
1287
1288
1290
1291
1292
1293
1294
1296
1297
1298
1299
1300
1301
1303
1304
1305
1306
1307
1308
1309
1310
1311
1312
1314
1315
1316
1317
1319
1321
1322
1323
1326
1327
1328
1330
1331
1332
1333
1335
1336
1337
1338
1339
1340
1341
1342
1343
1344
1345
1348
1349
1350
1351
1352
1354
1355
1356
1357
1358
1359
1360
1362
1365
1366
1367
1368
1370
1371
1372
1373
1374
1375
1376
1377
1380
1381
1382
1383
1385
1386
1388
1389
1392
1395
1396
1397
1398
1399
1403
1404
1405
1406
1408
1409
1410
1412
1413
1414
1415
1416
1417
1418
1420
1421
1422
1423
1424
1425
1426
1427
1428
1429
1431
1432
1433
1434
1435
1436
1438
1439
1440
1442
1443
1444
1446
1448
1449
1451
1452
1453
1454
1455
1457
1458
1459
1460
1461
1462
1463
1464
1465
1466
1467
1468
1469
1471
1472
1474
1475
1476
1479
1480
1481
1484
1485
1486
1487
1488
1493
1495
1496
1498
1499
1503
1504
1505
1507
1508
1509
1510
1511
1512
1513
1514
1516
1520
1522
1523
1525
1526
1527
1528
1529
1530
1531
1533
1534
1535
1536
1537
1538
1540
1541
1542
1546
1548
1550
1551
1552
1553
1554
1555
1556
1557
1558
1559
1561
1562
1563
1564
1565
1568
1569
1571
1572
1573
1575
1578
1580
1581
1582
1583
1584
1585
1586
1587
1588
1589
1590
1591
1592
1593
1595
1596
1597
1598
1599
1600
1602
1603
1604
1605
1606
1607
1608
1609
1611
1612
1613
1614
1615
1617
1618
1619
1620
1621
1622
1623
1625
1626
1627
1628
1629
1630
1631
1632
1633
1634
1635
1636
1637
1638
1639
1640
1642
1644
1645
1648
1650
1652
1653
1654
1655
1657
1658
1660
1662
1665
1666
1667
1668
1669
1671
1672
1673
1674
1675
1678
1679
1680
1681
1682
1683
1686
1687
1688
1689
1690
1691
1692
1693
1695
1696
1697
1698
1700
1701
1702
1703
1705
1706
1707
1708
1709
1710
1712
1713
1714
1715
1716
1717
1718
1720
1721
1722
1723
1724
1726
1727
1728
1730
1731
1733
1735
1737
1738
1739
1740
1742
1743
1744
1745
1746
1747
1748
1749
1750
1752
1754
1755
1756
1757
1758
1759
1760
1761
1762
1763
1764
1765
1766
1768
1770
1771
1772
1773
1774
1776
1777
1778
1779
1782
1783
1784
1786
1788
1789
1790
1792
1793
1794
1796
1798
1800
1801
1802
1803
1804
1805
1806
1807
1809
1813
1817
1818
1819
1820
1821
1822
1823
1825
1826
1827
1828
1829
1830
1831
1832
1833
1834
1835
1836
1837
1838
1839
1841
1843
1844
1845
1846
1847
1848
1849
1850
1852
1853
1855
1856
1857
1858
1862
1863
1864
1866
1867
1869
1870
1871
1872
1875
1876
1878
1879
1880
1881
1882
1884
1885
1886
1888
1889
1890
1891
1893
1894
1895
1896
1897
1899
1901
1903
1905
1906
1907
1908
1909
1911
1912
1914
1915
1916
1917
1918
1919
1920
1921
1923
1925
1926
1927
1928
1930
1932
1933
1936
1937
1938
1939
1940
1942
1943
1944
1945
1948
1953
1955
1956
1957
1958
1961
1962
1963
1964
1965
1968
1970
1971
1972
1974
1976
1978
1979
1980
1982
1983
1984
1985
1986
1987
1988
1989
1992
1993
1994
1995
1997
2000
2001
2002
2003
2004
2005
2006
2007
2008
2009
2010
2011
2012
2013
2014
2015
2016
2017
2018
2019
2020
2021
2022
2023
2024
2025
2026
2027
2028
2029
2030
2031
2032
2033
2034
2035
2036
2037
2038
2040
2041
2042
2043
2044
2045
2046
2047
2048
2049
2050
2051
2052
2053
2054
2055
2056
2057
2058
2059
2061
2062
2063
2064
2065
2067
2068
2069
2070
2071
2072
2073
2074
2075
2076
2077
2078
2079
2080
2081
2082
2083
2084
