18
19
21
23
50
62
69
73
77
135
156
163
177
213
215
218
223
230
232
239
243
246
273
284
314
344
358
360
364
383
385
387
392
416
424
434
436
442
445
457
463
470
483
493
511
525
531
535
545
558
583
593
607
615
626
633
635
644
663
676
682
698
699
702
716
721
725
732
743
748
753
758
769
778
782
788
790
797
800
801
805
807
830
834
858
878
881
882
902
911
941
945
977
1005
1019
1021
1035
1040
1058
1134
1166
1172
1190
1205
1209
1214
1220
1227
1231
1238
1253
1254
1260
1268
1296
1300
1324
1333
1351
1370
1387
1390
1437
1438
1444
1461
1475
1486
1488
1496
1521
1526
1548
1564
1575
1587
1608
1610
1640
1642
1648
1663
1679
1681
1696
1715
1756
1760
1762
1771
1779
1787
1798
1815
1822
1838
1839
1840
1842
1847
1853
1860
1868
1896
1909
1925
1927
1963
1965
1969
1978
1989
1991
2000
2004
2007
2009
2015
2016
2024
2028
2031
2032
2033
2035
2036
2039
2041
2043
2044
2045
2046
2049
2054
2055
2056
2063
2067
2068
2072
2073
2074
2075
2076
2079
2082
2083
2084
