74
82
91
125
133
157
163
177
190
205
209
222
235
237
239
241
252
253
272
275
281
288
292
295
310
319
331
340
344
353
359
364
370
371
377
379
383
408
409
416
422
439
444
453
455
464
508
512
541
546
555
559
604
610
614
634
641
674
677
680
685
739
743
748
758
775
778
801
809
820
827
835
839
849
867
881
885
927
948
957
977
1044
1052
1059
1066
1077
1103
1139
1140
1163
1175
1180
1183
1185
1187
1197
1199
1204
1211
1223
1264
1274
1299
1302
1303
1306
1307
1331
1336
1345
1356
1388
1390
1415
1446
1450
1453
1461
1468
1472
1476
1482
1496
1498
1503
1514
1538
1542
1548
1555
1560
1577
1617
1620
1622
1646
1658
1663
1680
1694
1696
1712
1738
1747
1757
1778
1780
1783
1789
1796
1822
1831
1835
1852
1858
1864
1867
1869
1877
1879
1881
1886
1896
1901
1916
1958
1976
1992
2000
2003
2004
2005
2012
2016
2018
2019
2021
2022
2023
2024
2025
2030
2035
2036
2039
2044
2045
2046
2047
2052
2054
2058
2059
2061
2063
2064
2068
2069
2070
2071
2072
2073
2075
2076
2077
2078
2083
2084
