15
16
18
19
23
34
35
42
43
49
58
63
86
88
108
127
138
142
166
182
186
194
198
201
206
207
218
225
235
243
262
278
279
302
336
341
345
351
362
374
377
378
399
420
511
530
538
539
542
551
553
558
574
609
614
644
650
651
660
661
670
697
699
709
720
723
729
733
746
747
749
750
761
765
774
784
800
801
803
812
813
835
841
854
861
883
894
914
927
930
940
952
953
969
977
984
994
1004
1005
1020
1045
1050
1055
1063
1066
1068
1086
1093
1105
1120
1122
1124
1148
1155
1167
1185
1186
1190
1238
1252
1295
1301
1311
1312
1329
1337
1370
1376
1385
1395
1402
1417
1422
1439
1447
1480
1487
1488
1499
1505
1513
1522
1525
1597
1604
1609
1610
1648
1680
1686
1688
1690
1692
1714
1754
1755
1758
1790
1798
1808
1812
1814
1820
1822
1835
1840
1842
1847
1858
1874
1891
1893
1896
1899
1902
1919
1937
1956
1963
1985
1988
1992
1995
2000
2004
2009
2013
2014
2021
2022
2023
2025
2033
2037
2040
2041
2042
2043
2050
2056
2061
2064
2069
2070
2076
2081
2082
2083
