1
10
12
15
19
23
24
26
28
42
50
53
56
59
63
65
78
85
91
93
116
119
122
135
139
141
142
148
151
156
157
160
166
170
171
184
185
193
194
196
197
200
218
219
229
231
233
236
240
243
245
249
251
252
259
262
267
275
276
279
280
281
288
292
296
300
301
308
318
324
330
331
346
347
348
353
354
355
357
360
362
369
376
378
381
383
384
387
388
391
397
399
402
404
406
410
413
415
419
420
422
426
427
428
434
438
439
443
456
458
468
473
491
494
495
496
507
510
511
512
513
516
517
520
529
530
534
545
546
558
564
568
570
579
592
595
598
599
607
613
614
625
626
630
631
634
635
651
652
656
657
666
668
670
687
698
700
704
709
710
711
723
727
729
730
732
743
746
752
753
761
765
768
769
770
771
775
779
784
785
786
792
815
829
834
835
837
838
841
843
846
853
858
880
881
882
887
888
893
897
899
902
903
906
911
915
918
919
930
931
937
940
943
944
945
949
951
952
954
963
971
974
978
983
984
993
994
999
1000
1001
1004
1005
1006
1016
1022
1024
1032
1033
1034
1044
1045
1048
1049
1051
1055
1062
1077
1085
1099
1111
1112
1121
1132
1137
1140
1141
1144
1151
1154
1164
1166
1172
1173
1175
1178
1181
1182
1183
1184
1185
1187
1188
1190
1192
1193
1195
1197
1199
1205
1206
1213
1228
1234
1237
1242
1247
1248
1250
1251
1254
1258
1261
1263
1276
1281
1286
1294
1301
1302
1303
1305
1310
1317
1322
1327
1328
1330
1333
1345
1346
1349
1351
1353
1358
1359
1366
1375
1377
1383
1387
1390
1393
1394
1395
1397
1399
1403
1404
1409
1410
1411
1418
1420
1422
1423
1426
1427
1430
1438
1443
1444
1445
1448
1457
1460
1475
1479
1481
1492
1494
1496
1498
1499
1500
1502
1508
1512
1526
1528
1537
1539
1540
1541
1546
1548
1551
1554
1562
1563
1572
1577
1579
1580
1591
1596
1602
1612
1618
1624
1636
1640
1644
1646
1652
1655
1656
1657
1664
1672
1674
1678
1680
1685
1687
1688
1692
1693
1694
1695
1699
1700
1701
1704
1706
1709
1712
1713
1726
1727
1730
1731
1735
1747
1749
1762
1764
1765
1767
1769
1772
1779
1783
1789
1791
1792
1795
1800
1805
1807
1811
1812
1814
1823
1832
1836
1840
1851
1853
1855
1860
1862
1863
1864
1865
1867
1880
1884
1885
1887
1892
1893
1894
1904
1919
1923
1935
1941
1944
1945
1947
1955
1959
1960
1968
1973
1988
1992
2000
2001
2003
2005
2007
2008
2009
2011
2012
2013
2015
2016
2017
2020
2021
2026
2027
2028
2029
2030
2031
2032
2033
2035
2036
2039
2040
2041
2044
2045
2046
2047
2048
2050
2051
2052
2054
2057
2058
2062
2065
2067
2068
2071
2072
2074
2075
2076
2077
2078
2079
2081
2082
2083
