10
18
19
65
78
83
103
125
128
129
147
150
155
167
186
197
205
215
253
268
277
285
292
306
317
347
348
359
383
384
428
430
453
456
472
479
482
483
502
510
515
519
520
564
584
598
599
600
611
622
625
697
713
728
746
751
754
774
778
783
794
810
812
833
834
840
851
858
859
879
882
902
930
935
939
962
974
980
994
1013
1039
1040
1049
1050
1059
1076
1086
1095
1122
1140
1144
1164
1166
1173
1198
1201
1228
1231
1233
1234
1244
1265
1269
1270
1273
1277
1293
1299
1305
1313
1329
1330
1333
1335
1342
1358
1366
1370
1371
1379
1414
1424
1425
1432
1455
1460
1474
1478
1491
1501
1502
1504
1505
1514
1515
1551
1561
1577
1578
1585
1590
1594
1600
1601
1629
1634
1680
1686
1692
1693
1704
1716
1734
1737
1773
1779
1781
1806
1811
1822
1861
1867
1877
1882
1887
1918
1925
1931
1934
1942
1959
1963
1972
1982
1992
2003
2004
2005
2007
2009
2011
2013
2015
2016
2020
2024
2026
2028
2031
2033
2035
2036
2038
2039
2044
2048
2061
2062
2063
2064
2070
2072
2073
2074
2075
2080
2082
2084
