2
5
10
11
12
13
15
18
22
25
26
35
38
46
48
49
51
62
63
78
79
80
86
90
91
93
94
97
100
101
102
105
106
116
120
121
123
139
144
147
150
158
164
165
170
175
177
183
193
206
208
225
227
228
252
254
265
269
275
277
281
283
292
294
296
298
306
311
315
325
326
328
333
335
336
340
341
342
347
354
360
363
364
368
369
376
384
386
387
394
395
400
402
404
410
414
419
422
424
429
434
437
448
454
468
471
472
482
486
489
500
501
502
505
517
518
521
525
526
536
537
542
543
548
549
555
558
559
560
569
570
574
578
581
584
585
594
603
604
605
609
617
620
623
626
629
638
643
646
653
657
660
665
669
685
687
708
715
720
723
729
733
742
743
746
755
756
758
759
767
773
776
780
784
787
789
797
800
803
804
813
815
820
821
823
828
830
842
843
853
855
857
863
864
867
868
874
878
881
885
886
887
905
909
928
935
941
943
947
956
958
966
971
977
980
982
986
1001
1012
1014
1015
1019
1022
1025
1028
1046
1050
1053
1060
1061
1062
1071
1075
1078
1080
1082
1085
1087
1089
1092
1103
1106
1109
1110
1111
1113
1119
1120
1122
1123
1126
1128
1131
1132
1134
1136
1137
1141
1145
1146
1148
1149
1151
1171
1176
1183
1190
1192
1194
1210
1215
1216
1217
1218
1221
1228
1230
1232
1249
1250
1268
1270
1273
1281
1283
1298
1299
1301
1312
1321
1325
1327
1328
1331
1338
1341
1345
1348
1354
1355
1357
1358
1361
1363
1370
1375
1376
1380
1381
1391
1393
1394
1423
1429
1437
1438
1443
1455
1460
1461
1466
1469
1471
1482
1483
1486
1489
1491
1496
1499
1501
1503
1512
1513
1515
1518
1523
1525
1532
1537
1546
1553
1559
1563
1583
1584
1593
1594
1595
1605
1606
1610
1611
1618
1620
1621
1622
1625
1636
1641
1650
1655
1660
1663
1669
1671
1674
1680
1682
1683
1693
1696
1710
1716
1718
1719
1722
1726
1731
1746
1752
1754
1756
1759
1762
1765
1767
1769
1770
1775
1782
1789
1798
1802
1817
1821
1824
1826
1828
1839
1841
1843
1852
1853
1857
1861
1866
1867
1869
1876
1880
1881
1882
1886
1895
1897
1900
1901
1905
1913
1915
1916
1924
1926
1927
1928
1930
1938
1939
1954
1956
1960
1962
1964
1965
1969
1970
1973
1974
1975
1977
1978
1979
1987
1992
1994
1998
2000
2001
2002
2003
2004
2005
2007
2009
2011
2012
2013
2014
2015
2016
2017
2018
2019
2020
2021
2022
2023
2025
2026
2027
2028
2029
2030
2031
2032
2033
2035
2036
2038
2039
2040
2041
2042
2043
2044
2045
2047
2048
2049
2051
2052
2053
2054
2056
2057
2059
2060
2061
2062
2063
2064
2065
2067
2068
2069
2070
2071
2072
2073
2074
2075
2076
2077
2078
2079
2080
2081
2082
2083
2084
