0
3
5
6
7
8
9
11
12
13
15
17
18
19
21
22
23
24
25
26
27
28
29
31
32
33
35
37
39
40
41
42
43
45
46
49
52
54
55
56
57
59
60
61
62
63
64
65
66
69
70
71
72
73
75
76
77
80
81
82
83
84
86
87
89
90
91
92
93
94
95
97
99
100
101
102
104
107
108
109
110
111
114
116
118
119
120
121
122
123
126
128
129
130
131
133
134
136
137
138
139
141
142
143
145
146
147
148
149
150
151
152
153
154
155
156
157
158
160
162
163
164
165
166
168
169
170
171
172
174
175
178
179
180
181
182
184
185
186
187
188
189
191
192
193
194
195
196
198
199
201
202
205
206
207
208
209
210
211
213
214
216
217
220
221
222
223
225
226
227
228
229
232
233
234
236
237
238
239
241
243
246
247
249
256
257
260
261
262
264
265
266
267
268
269
270
271
275
279
280
281
283
284
285
286
288
289
290
291
292
293
294
297
299
300
301
305
306
307
308
309
310
311
312
313
314
315
318
320
321
322
323
324
325
326
327
328
329
330
331
332
333
334
335
336
337
338
339
341
342
343
344
347
350
351
352
353
354
355
357
358
359
360
361
362
363
364
366
367
368
370
372
373
374
375
376
377
378
379
380
381
383
386
388
390
391
393
394
395
396
397
399
400
404
405
407
409
411
412
414
415
418
419
420
421
422
424
425
427
429
430
433
436
438
439
440
441
442
443
444
445
446
449
450
452
454
455
457
458
461
463
465
466
467
468
469
470
471
472
473
474
477
479
480
481
482
483
484
485
487
488
489
490
492
493
494
495
496
497
499
500
501
502
503
504
505
508
509
511
512
513
515
516
517
521
522
523
524
525
526
527
528
529
531
532
533
534
536
539
540
541
542
543
544
545
547
548
549
551
553
554
555
556
560
561
564
567
568
569
573
574
575
576
577
578
581
582
583
584
586
587
588
590
591
592
593
594
595
596
598
599
600
601
602
603
604
605
606
607
608
609
610
611
613
614
615
616
617
618
619
621
622
623
625
626
628
629
630
633
634
635
636
637
638
640
641
643
644
645
646
647
648
650
651
652
654
655
656
657
658
659
660
661
663
665
667
668
669
670
672
673
674
675
676
679
680
682
683
687
689
690
691
692
693
696
697
699
700
703
705
706
709
710
711
712
715
718
720
721
722
723
724
725
728
729
730
731
732
733
734
735
737
738
739
742
743
744
745
746
747
748
749
750
751
752
753
755
756
757
758
760
761
762
763
765
766
767
769
770
773
774
775
776
777
778
779
781
782
783
784
785
786
787
788
789
790
792
794
795
796
797
800
801
802
803
804
806
807
808
809
810
811
812
813
814
815
816
817
818
819
821
822
823
824
825
826
828
829
830
835
836
837
838
839
840
842
843
846
849
850
851
852
854
855
856
857
858
860
861
863
864
865
867
868
870
872
873
874
875
876
877
878
880
882
886
887
888
889
891
892
894
895
897
898
899
900
901
902
903
904
908
909
910
912
913
914
916
918
920
921
922
923
924
925
927
928
929
930
931
932
934
935
936
937
938
940
941
942
944
945
947
948
949
950
952
953
954
955
957
958
959
961
962
963
964
965
966
967
970
972
974
975
976
977
978
980
982
983
986
987
988
989
990
991
993
994
997
998
1000
1001
1002
1003
1005
1006
1008
1010
1011
1013
1014
1015
1016
1017
1018
1019
1020
1021
1022
1023
1024
1025
1026
1027
1028
1029
1030
1031
1032
1033
1035
1036
1037
1038
1039
1042
1043
1044
1045
1046
1048
1049
1050
1051
1052
1053
1054
1055
1056
1057
1058
1059
1060
1061
1062
1063
1064
1065
1066
1069
1071
1072
1073
1074
1076
1078
1080
1082
1083
1084
1086
1087
1088
1089
1091
1093
1094
1098
1099
1100
1102
1103
1104
1105
1106
1107
1108
1109
1111
1112
1113
1114
1115
1117
1118
1119
1120
1122
1124
1125
1126
1128
1129
1131
1132
1133
1134
1135
1136
1137
1138
1139
1140
1141
1143
1144
1145
1146
1148
1149
1150
1151
1154
1156
1157
1160
1161
1162
1164
1165
1166
1167
1169
1170
1173
1174
1175
1176
1178
1179
1180
1181
1182
1183
1185
1186
1187
1190
1191
1192
1193
1194
1195
1196
1197
1198
1199
1201
1202
1203
1205
1206
1208
1209
1210
1211
1212
1213
1215
1216
1217
1218
1220
1221
1222
1223
1224
1226
1227
1228
1229
1230
1231
1232
1233
1234
1235
1236
1237
1239
1241
1242
1243
1244
1245
1246
1247
1248
1249
1250
1251
1254
1255
1257
1259
1260
1261
1262
1263
1264
1266
1268
1269
1270
1271
1272
1273
1274
1275
1276
1277
1278
1279
1280
1281
1282
1283
1284
1285
1287
1288
1290
1291
1292
1293
1294
1295
1296
1297
1298
1299
1301
1306
1308
1309
1310
1311
1312
1313
1314
1315
1316
1318
1319
1320
1321
1322
1323
1324
1325
1326
1328
1329
1331
1332
1333
1334
1335
1336
1338
1341
1343
1344
1348
1350
1351
1353
1355
1357
1358
1359
1360
1364
1365
1367
1368
1369
1370
1371
1374
1375
1376
1377
1379
1380
1381
1382
1383
1386
1387
1388
1389
1390
1391
1392
1394
1395
1396
1397
1398
1399
1400
1401
1403
1404
1406
1407
1410
1413
1414
1415
1417
1418
1419
1420
1421
1422
1423
1427
1430
1431
1432
1433
1434
1435
1436
1438
1439
1440
1441
1442
1444
1446
1447
1448
1450
1451
1452
1453
1457
1460
1461
1463
1465
1469
1470
1471
1472
1473
1474
1475
1477
1478
1479
1481
1482
1484
1485
1486
1487
1488
1489
1491
1492
1494
1495
1496
1498
1499
1500
1503
1504
1506
1507
1508
1509
1510
1511
1512
1513
1515
1517
1518
1519
1520
1521
1522
1524
1525
1528
1529
1530
1533
1534
1536
1537
1538
1540
1541
1542
1545
1546
1548
1549
1550
1551
1552
1554
1555
1556
1557
1558
1559
1562
1563
1565
1570
1571
1572
1574
1575
1576
1577
1578
1579
1580
1581
1583
1584
1585
1586
1587
1588
1589
1592
1593
1594
1595
1596
1597
1600
1602
1603
1604
1605
1606
1607
1608
1609
1610
1611
1612
1613
1615
1616
1618
1620
1621
1623
1624
1626
1627
1628
1629
1630
1631
1632
1633
1634
1635
1636
1637
1638
1639
1640
1641
1642
1644
1645
1646
1647
1648
1649
1650
1651
1653
1654
1655
1657
1659
1660
1661
1662
1663
1665
1666
1667
1668
1669
1670
1671
1673
1674
1675
1677
1678
1681
1682
1686
1687
1688
1689
1692
1693
1695
1696
1698
1701
1702
1706
1707
1708
1709
1710
1711
1712
1713
1714
1715
1716
1717
1718
1719
1720
1721
1722
1724
1725
1726
1728
1729
1730
1731
1732
1733
1734
1735
1736
1737
1739
1740
1741
1742
1743
1744
1745
1746
1747
1749
1750
1751
1752
1753
1754
1755
1756
1758
1762
1764
1765
1766
1767
1769
1770
1771
1772
1774
1775
1776
1777
1778
1779
1780
1781
1782
1783
1785
1786
1787
1788
1789
1790
1793
1794
1795
1798
1800
1802
1803
1804
1805
1806
1807
1808
1809
1811
1812
1813
1814
1819
1820
1821
1823
1824
1825
1828
1829
1830
1831
1832
1833
1834
1835
1836
1838
1839
1840
1841
1842
1844
1846
1847
1848
1849
1851
1852
1853
1854
1855
1857
1858
1861
1862
1864
1865
1866
1867
1868
1869
1871
1872
1873
1876
1877
1879
1880
1881
1882
1884
1885
1886
1887
1888
1890
1893
1894
1895
1896
1897
1898
1899
1900
1901
1903
1904
1905
1906
1907
1908
1909
1910
1912
1913
1914
1915
1916
1918
1919
1921
1923
1924
1926
1927
1929
1930
1931
1933
1934
1938
1939
1940
1941
1942
1943
1945
1947
1948
1949
1951
1952
1954
1955
1958
1960
1961
1962
1963
1964
1966
1969
1970
1971
1972
1973
1974
1975
1976
1977
1978
1979
1980
1982
1984
1985
1986
1987
1988
1989
1990
1991
1992
1994
1996
1997
1998
1999
2001
2002
2003
2004
2005
2006
2007
2008
2009
2010
2011
2012
2014
2015
2016
2017
2018
2019
2020
2021
2022
2023
2024
2026
2027
2028
2029
2030
2031
2032
2033
2034
2035
2037
2038
2039
2040
2041
2042
2043
2044
2045
2046
2047
2048
2049
2050
2051
2052
2053
2054
2055
2056
2057
2058
2059
2060
2061
2062
2063
2064
2065
2066
2067
2068
2069
2071
2072
2073
2075
2076
2077
2078
2079
2080
2081
2082
2083
2084
