4
5
6
8
9
11
18
33
40
46
50
53
54
72
73
77
78
79
81
82
84
87
88
93
99
102
104
107
109
113
117
118
121
122
126
130
133
136
139
142
143
147
148
157
160
175
182
192
195
205
206
207
209
210
216
222
225
227
228
235
237
239
250
251
252
253
256
261
262
264
279
283
287
288
290
298
304
308
309
319
320
325
331
333
334
348
353
358
359
366
369
370
378
383
384
385
387
395
399
400
405
411
412
415
420
422
423
430
432
437
439
448
450
456
464
484
490
495
501
502
503
506
522
527
529
532
534
535
537
539
542
543
544
549
550
553
558
568
572
573
574
578
581
591
601
602
604
607
610
615
621
626
629
632
643
646
647
649
650
653
654
656
661
662
670
681
683
685
686
687
689
693
696
701
706
708
710
711
713
714
715
716
720
723
730
733
738
740
742
743
744
752
754
756
762
767
776
777
808
813
830
834
835
838
840
841
851
857
866
874
878
882
884
893
894
896
901
902
905
908
910
912
917
918
921
928
930
931
934
941
947
952
957
962
964
968
972
976
982
984
985
997
999
1000
1003
1004
1005
1012
1013
1014
1018
1020
1021
1022
1027
1033
1036
1040
1051
1056
1059
1060
1064
1070
1077
1086
1089
1090
1091
1111
1122
1125
1127
1129
1137
1139
1140
1142
1144
1148
1149
1166
1176
1177
1178
1180
1187
1193
1195
1205
1208
1210
1212
1222
1237
1241
1242
1250
1261
1263
1265
1267
1271
1275
1279
1284
1286
1290
1291
1299
1302
1303
1310
1311
1314
1323
1327
1333
1337
1343
1344
1345
1350
1355
1359
1365
1367
1371
1373
1377
1388
1391
1395
1396
1399
1406
1414
1419
1426
1427
1438
1442
1446
1457
1460
1462
1468
1469
1475
1476
1478
1483
1491
1492
1493
1496
1501
1504
1506
1516
1523
1524
1529
1534
1542
1552
1556
1560
1561
1563
1565
1568
1577
1582
1589
1593
1595
1597
1606
1609
1610
1614
1624
1631
1634
1635
1643
1645
1648
1650
1651
1652
1654
1661
1666
1670
1675
1677
1686
1707
1709
1712
1714
1716
1720
1724
1726
1727
1728
1737
1745
1746
1750
1754
1758
1761
1764
1765
1766
1769
1774
1775
1779
1781
1789
1791
1797
1798
1807
1818
1819
1822
1825
1833
1835
1841
1842
1844
1858
1861
1862
1863
1867
1871
1879
1880
1885
1887
1888
1897
1900
1910
1911
1913
1914
1920
1931
1935
1939
1941
1943
1944
1949
1950
1955
1956
1961
1966
1968
1972
1978
1982
1990
1997
1998
2000
2003
2005
2007
2008
2010
2012
2013
2015
2017
2018
2021
2024
2025
2026
2028
2031
2032
2035
2037
2038
2040
2041
2043
2044
2045
2046
2047
2048
2049
2050
2056
2057
2058
2061
2064
2067
2069
2070
2073
2074
2077
2078
2079
2080
2082
