0
1
3
4
5
8
9
11
14
16
17
18
20
21
22
23
24
25
26
27
28
29
30
32
34
35
39
40
42
43
45
46
47
48
50
51
52
53
55
56
57
58
59
60
61
62
63
64
65
66
67
68
69
70
71
72
73
75
76
77
78
79
80
82
83
85
86
87
88
89
90
91
93
95
96
98
99
100
101
103
104
105
106
107
109
110
111
112
113
115
116
121
122
126
127
128
130
131
132
133
134
137
138
139
141
142
143
144
147
148
149
150
154
155
156
157
158
161
163
164
166
169
170
171
172
173
174
176
177
179
180
182
183
184
185
186
187
188
191
192
194
195
197
198
201
204
205
206
207
209
210
211
212
213
214
215
216
218
219
220
221
224
225
227
228
229
230
231
233
235
238
239
240
241
242
243
244
246
248
249
250
251
253
254
255
256
258
259
262
264
265
267
269
272
273
274
275
276
277
281
283
285
286
287
288
290
291
294
295
296
297
298
299
301
302
303
304
305
306
307
308
309
310
311
312
315
317
318
319
320
323
324
325
326
327
328
329
330
331
332
335
336
338
339
340
341
342
343
344
345
346
347
348
350
351
352
353
354
357
358
360
361
362
363
364
365
366
367
368
369
370
373
374
375
376
377
379
381
382
383
384
385
386
387
390
391
392
393
395
396
397
398
399
400
407
408
409
410
411
412
413
414
416
417
418
419
422
423
424
425
426
427
428
429
430
431
432
433
434
435
436
437
438
439
443
444
445
446
447
448
450
452
453
454
457
460
461
462
463
464
466
467
469
470
472
473
476
478
479
480
481
482
483
485
486
487
489
491
493
494
495
496
497
499
502
503
504
506
508
509
510
511
512
513
515
516
517
518
519
520
521
522
524
526
527
528
529
530
531
533
534
535
537
539
541
542
543
544
545
546
547
548
549
550
551
553
554
555
556
559
561
563
564
565
567
568
569
570
571
572
573
575
576
577
578
580
581
582
583
584
586
587
589
590
591
595
596
600
601
602
603
604
605
607
608
609
610
611
612
613
614
615
617
618
620
621
624
625
626
627
628
631
632
633
634
635
636
637
641
642
643
645
647
648
650
651
652
653
655
656
657
658
659
660
661
663
665
666
668
670
671
674
676
677
678
679
680
681
684
685
686
687
689
691
693
694
695
700
701
702
703
704
705
706
707
709
710
711
713
715
716
717
718
720
721
725
726
727
728
729
730
731
732
736
737
738
741
742
743
744
745
747
748
750
751
753
756
760
761
762
764
765
766
767
768
770
771
772
773
775
776
778
779
781
782
783
784
786
787
789
790
791
792
793
794
795
796
799
800
801
802
803
804
805
807
808
809
810
811
813
814
815
816
817
818
819
820
823
824
825
828
830
832
833
834
836
837
838
839
840
843
846
847
848
849
851
852
853
854
855
856
857
858
859
860
862
863
864
865
866
867
869
870
871
872
873
874
875
876
877
878
879
880
881
882
885
886
887
888
889
890
893
894
895
896
897
898
900
902
904
905
907
908
909
910
911
912
913
914
915
916
917
918
919
920
921
924
925
926
927
928
929
930
931
933
934
935
936
937
939
941
942
943
946
947
948
950
951
952
953
955
956
957
958
959
960
961
962
963
964
965
966
967
968
970
971
972
973
974
975
976
977
978
979
980
981
982
983
984
986
987
988
990
992
993
994
995
997
1000
1002
1004
1005
1006
1007
1008
1009
1010
1012
1013
1014
1015
1016
1017
1019
1020
1021
1022
1023
1024
1026
1027
1029
1030
1032
1033
1035
1036
1037
1038
1039
1040
1041
1042
1043
1044
1045
1048
1049
1052
1053
1055
1056
1057
1058
1059
1060
1061
1062
1065
1066
1068
1069
1070
1072
1073
1074
1075
1076
1077
1078
1079
1080
1081
1083
1084
1085
1086
1087
1089
1091
1092
1093
1094
1095
1096
1101
1103
1104
1105
1107
1108
1109
1110
1111
1112
1113
1114
1115
1116
1118
1120
1121
1122
1123
1124
1125
1127
1128
1130
1132
1134
1136
1137
1138
1139
1140
1141
1142
1143
1144
1146
1147
1148
1149
1150
1151
1153
1154
1155
1156
1157
1159
1160
1163
1164
1165
1166
1167
1168
1169
1170
1171
1172
1173
1174
1175
1176
1177
1179
1180
1181
1183
1185
1188
1191
1193
1194
1195
1197
1198
1199
1200
1201
1202
1203
1204
1205
1206
1207
1208
1209
1210
1211
1212
1213
1214
1216
1217
1218
1219
1220
1221
1222
1223
1224
1225
1226
1227
1228
1229
1233
1235
1237
1238
1239
1240
1241
1242
1243
1244
1245
1246
1247
1248
1249
1250
1251
1253
1254
1256
1257
1258
1259
1260
1263
1264
1268
1269
1270
1272
1273
1274
1278
1281
1282
1283
1284
1285
1287
1289
1290
1291
1292
1293
1294
1295
1296
1297
1299
1300
1301
1302
1305
1306
1307
1309
1310
1311
1312
1313
1315
1316
1319
1321
1322
1323
1324
1325
1326
1327
1329
1330
1331
1333
1334
1335
1336
1337
1338
1339
1340
1342
1344
1345
1346
1347
1348
1349
1350
1351
1353
1354
1355
1356
1357
1358
1359
1361
1362
1363
1364
1366
1367
1370
1371
1372
1373
1374
1375
1377
1379
1380
1381
1382
1383
1385
1386
1387
1388
1389
1390
1391
1394
1396
1397
1398
1399
1400
1401
1402
1403
1404
1405
1406
1407
1410
1411
1412
1413
1415
1416
1417
1418
1419
1422
1423
1425
1426
1427
1428
1430
1431
1432
1433
1434
1435
1436
1437
1438
1440
1441
1442
1443
1444
1446
1447
1448
1449
1452
1454
1456
1457
1459
1461
1463
1465
1466
1467
1468
1472
1473
1474
1475
1476
1477
1479
1480
1483
1485
1488
1489
1490
1491
1492
1493
1494
1499
1501
1502
1503
1504
1506
1507
1508
1509
1510
1511
1512
1513
1515
1517
1518
1519
1521
1522
1523
1524
1525
1526
1527
1528
1529
1530
1531
1532
1533
1534
1535
1536
1537
1538
1539
1542
1544
1548
1549
1552
1553
1554
1555
1556
1557
1558
1560
1561
1563
1564
1565
1567
1569
1571
1572
1573
1574
1575
1576
1577
1579
1580
1581
1582
1585
1586
1587
1588
1589
1590
1591
1593
1595
1596
1597
1598
1599
1601
1602
1605
1606
1607
1608
1609
1610
1613
1614
1615
1619
1620
1621
1622
1623
1624
1625
1626
1627
1628
1629
1630
1631
1632
1634
1635
1636
1637
1638
1639
1640
1641
1643
1644
1645
1646
1647
1648
1649
1651
1652
1653
1654
1658
1659
1661
1662
1663
1664
1666
1667
1668
1669
1670
1674
1675
1676
1678
1680
1681
1683
1685
1687
1688
1689
1691
1692
1693
1694
1696
1700
1701
1703
1705
1706
1707
1709
1710
1712
1713
1714
1715
1716
1718
1719
1720
1721
1724
1726
1728
1729
1730
1732
1736
1737
1738
1739
1740
1741
1742
1743
1744
1745
1746
1747
1748
1749
1751
1752
1753
1754
1755
1756
1757
1758
1759
1761
1762
1764
1765
1766
1767
1768
1769
1770
1771
1773
1774
1775
1776
1780
1782
1783
1784
1786
1788
1790
1791
1792
1795
1796
1797
1800
1801
1803
1804
1805
1807
1808
1810
1813
1814
1815
1816
1817
1818
1819
1820
1822
1823
1824
1827
1828
1829
1830
1831
1832
1833
1834
1835
1836
1837
1838
1839
1840
1842
1844
1845
1847
1848
1849
1850
1851
1852
1853
1854
1855
1856
1857
1858
1859
1862
1863
1865
1866
1867
1868
1870
1873
1876
1877
1879
1880
1881
1882
1883
1884
1885
1886
1887
1888
1889
1890
1891
1892
1894
1896
1897
1898
1901
1904
1905
1906
1907
1909
1910
1911
1914
1916
1917
1918
1920
1921
1922
1923
1924
1925
1929
1930
1931
1932
1933
1934
1935
1937
1938
1940
1941
1942
1943
1944
1945
1949
1950
1951
1953
1954
1955
1957
1958
1960
1961
1962
1964
1965
1967
1968
1969
1970
1971
1972
1973
1976
1977
1978
1983
1984
1985
1986
1987
1988
1989
1990
1991
1994
1996
1998
1999
2000
2001
2002
2004
2005
2007
2008
2009
2010
2011
2012
2013
2014
2015
2016
2017
2018
2019
2021
2022
2023
2024
2025
2026
2027
2028
2029
2030
2031
2033
2034
2035
2036
2037
2038
2039
2041
2042
2043
2044
2045
2046
2047
2048
2049
2050
2051
2052
2053
2054
2055
2056
2057
2058
2059
2060
2061
2062
2063
2064
2065
2066
2067
2068
2069
2070
2071
2072
2073
2074
2075
2076
2077
2078
2079
2080
2081
2082
2083
2084
