0
2
11
13
15
17
18
19
23
35
38
46
54
55
60
62
64
68
74
84
86
87
90
93
95
98
100
104
106
111
120
122
126
131
132
135
138
147
149
150
151
153
154
163
164
166
170
177
180
190
206
208
209
223
225
229
230
235
237
242
243
247
251
252
253
257
259
267
271
274
275
283
287
288
291
296
306
312
315
316
325
328
331
335
336
341
346
351
355
359
368
375
378
379
383
384
387
389
394
401
416
417
420
421
424
428
429
430
437
438
439
448
450
453
454
465
472
476
477
479
481
485
491
495
510
512
513
517
521
525
534
535
543
547
549
555
559
564
573
574
579
580
583
585
586
590
591
594
600
605
610
622
625
629
633
634
650
656
658
666
667
670
674
675
676
686
693
695
701
703
707
710
712
715
720
723
728
729
732
734
740
746
747
748
752
754
757
759
766
772
775
778
779
782
784
785
797
800
807
808
813
817
820
821
840
853
863
866
873
877
885
887
893
910
911
915
918
928
943
945
951
954
959
960
965
967
968
972
973
975
977
979
987
994
1006
1007
1008
1013
1024
1030
1034
1039
1040
1044
1047
1050
1053
1059
1060
1061
1064
1066
1081
1083
1088
1102
1110
1111
1115
1120
1124
1132
1134
1140
1142
1143
1146
1149
1169
1180
1183
1185
1187
1194
1197
1218
1219
1220
1226
1228
1244
1249
1252
1258
1259
1260
1264
1265
1266
1270
1274
1279
1280
1282
1283
1284
1285
1289
1296
1298
1301
1302
1303
1305
1306
1313
1316
1317
1322
1323
1328
1333
1341
1343
1345
1349
1357
1360
1365
1369
1374
1388
1394
1397
1406
1407
1414
1422
1423
1425
1426
1436
1439
1441
1444
1448
1450
1452
1454
1456
1464
1469
1475
1479
1480
1487
1488
1489
1496
1498
1499
1500
1516
1519
1522
1528
1529
1537
1549
1551
1554
1560
1567
1568
1574
1586
1594
1599
1606
1617
1618
1619
1621
1624
1628
1630
1634
1636
1647
1649
1650
1654
1656
1661
1667
1670
1672
1677
1680
1682
1683
1688
1689
1693
1699
1703
1713
1714
1718
1726
1727
1730
1731
1740
1743
1745
1753
1757
1762
1763
1767
1768
1771
1772
1775
1778
1784
1787
1790
1792
1795
1801
1803
1806
1815
1822
1834
1839
1840
1847
1852
1853
1855
1862
1864
1869
1881
1885
1889
1895
1896
1898
1904
1906
1907
1910
1916
1917
1927
1933
1938
1939
1950
1953
1956
1958
1961
1962
1967
1976
1978
1981
1984
1988
1991
2000
2002
2003
2004
2006
2008
2009
2011
2012
2014
2015
2016
2017
2018
2019
2021
2022
2023
2024
2025
2026
2028
2029
2030
2031
2032
2033
2039
2042
2044
2045
2046
2048
2049
2050
2052
2053
2055
2057
2059
2060
2062
2063
2067
2069
2070
2072
2073
2076
2077
2078
2080
2081
2082
2083
2084
