5
10
18
20
24
31
33
45
52
59
74
82
83
113
157
163
166
190
218
257
269
277
278
292
295
301
326
347
359
387
402
409
422
428
430
445
452
477
481
519
522
543
564
567
568
580
593
613
663
670
672
701
716
720
723
731
732
739
743
746
752
761
765
776
777
788
797
858
878
901
902
920
931
947
954
955
1001
1011
1024
1059
1061
1084
1085
1094
1133
1142
1158
1166
1187
1196
1197
1202
1225
1242
1244
1259
1261
1262
1301
1304
1306
1310
1319
1342
1345
1370
1374
1379
1396
1399
1406
1409
1411
1423
1432
1442
1448
1460
1469
1475
1500
1511
1529
1530
1537
1548
1551
1570
1594
1596
1610
1624
1651
1678
1688
1726
1746
1754
1759
1763
1764
1765
1779
1803
1847
1852
1882
1889
1897
1943
1944
1945
1955
1956
1957
1972
1976
1996
1998
2000
2001
2005
2008
2011
2013
2015
2016
2018
2020
2022
2023
2026
2029
2031
2033
2036
2039
2040
2041
2042
2043
2044
2047
2048
2050
2054
2057
2058
2059
2061
2062
2064
2065
2066
2067
2068
2069
2071
2072
2073
2074
2075
2076
2077
2079
2081
2082
2084
