2
4
11
13
15
17
19
24
25
26
32
35
38
53
54
55
66
72
75
76
79
80
83
92
94
97
101
103
107
111
114
115
117
120
134
141
142
148
158
165
167
170
192
208
211
221
225
231
232
243
245
249
251
257
260
266
267
268
274
275
288
290
292
294
297
301
326
328
330
331
336
340
350
357
359
363
376
381
384
394
397
399
400
408
414
418
429
430
431
434
451
454
463
468
482
484
485
486
487
488
489
494
500
503
505
512
521
524
528
537
541
543
561
568
574
578
594
602
603
604
611
613
614
619
629
630
631
632
642
646
655
657
660
663
668
670
678
679
681
686
689
698
715
720
723
727
728
730
732
739
745
746
751
752
759
760
771
776
777
783
785
787
788
792
793
794
797
803
809
813
818
819
820
821
823
828
830
831
834
838
839
840
842
847
848
850
853
863
864
868
869
870
875
878
885
888
889
890
891
899
901
902
908
918
919
920
928
934
949
950
954
958
967
980
982
986
987
993
997
1001
1003
1006
1013
1018
1020
1028
1033
1046
1051
1061
1064
1065
1071
1077
1079
1089
1103
1110
1115
1121
1122
1127
1129
1131
1132
1145
1146
1151
1157
1161
1162
1169
1172
1175
1185
1190
1194
1195
1197
1199
1211
1217
1220
1221
1223
1230
1231
1232
1235
1242
1247
1254
1260
1265
1268
1270
1273
1276
1277
1279
1282
1288
1289
1298
1307
1310
1312
1316
1317
1321
1324
1328
1333
1335
1336
1342
1343
1344
1345
1351
1352
1354
1357
1363
1374
1375
1379
1380
1386
1393
1396
1409
1412
1425
1429
1432
1441
1446
1450
1452
1455
1461
1462
1463
1468
1469
1474
1475
1477
1485
1493
1495
1503
1508
1522
1528
1530
1531
1533
1538
1539
1546
1547
1551
1556
1557
1566
1567
1571
1573
1574
1577
1579
1582
1585
1591
1595
1596
1602
1605
1606
1611
1616
1619
1621
1623
1624
1625
1639
1654
1655
1660
1662
1663
1671
1676
1683
1688
1690
1693
1705
1706
1710
1719
1722
1723
1726
1730
1739
1745
1758
1765
1768
1770
1773
1775
1783
1786
1802
1812
1814
1822
1824
1839
1841
1845
1855
1862
1866
1867
1868
1869
1871
1873
1879
1882
1883
1885
1886
1895
1903
1904
1905
1907
1915
1916
1924
1935
1939
1941
1945
1955
1965
1970
1973
1974
1975
1982
1992
1993
1996
1997
2000
2001
2002
2003
2004
2005
2007
2008
2009
2010
2011
2012
2013
2014
2015
2016
2017
2018
2019
2020
2021
2022
2023
2025
2026
2027
2028
2029
2030
2031
2032
2033
2035
2036
2037
2038
2039
2040
2041
2042
2043
2044
2045
2046
2048
2049
2050
2051
2052
2053
2054
2056
2057
2058
2059
2060
2061
2062
2063
2064
2065
2067
2068
2069
2070
2071
2072
2073
2074
2075
2076
2077
2078
2079
2080
2081
2082
2083
2084
