7
18
23
40
59
66
100
113
135
150
163
174
177
181
190
211
218
222
242
248
253
258
264
304
306
344
354
360
375
376
378
386
389
392
395
400
420
422
428
431
433
434
443
445
447
462
468
508
513
521
524
542
559
586
600
604
630
634
651
663
684
705
728
730
732
735
746
761
765
771
827
836
838
839
858
885
889
911
926
939
954
977
982
984
994
1013
1020
1021
1060
1062
1081
1084
1127
1140
1148
1180
1181
1183
1185
1197
1198
1205
1207
1231
1236
1254
1275
1286
1301
1310
1313
1314
1315
1349
1357
1371
1377
1380
1385
1387
1388
1397
1401
1409
1419
1423
1426
1427
1431
1442
1457
1462
1475
1496
1514
1522
1531
1538
1548
1556
1564
1566
1578
1585
1589
1591
1602
1636
1643
1646
1658
1682
1684
1696
1751
1769
1794
1803
1822
1862
1863
1867
1882
1894
1905
1907
1916
1917
1919
1933
1956
1962
1967
1979
2000
2003
2005
2008
2011
2014
2015
2019
2021
2022
2025
2026
2027
2028
2030
2031
2033
2035
2039
2040
2041
2044
2045
2046
2047
2049
2050
2054
2057
2059
2063
2074
2081
2082
