1
2
3
5
14
15
16
19
24
28
41
46
48
52
56
57
60
64
68
70
73
75
81
91
95
97
99
100
102
104
107
109
120
124
132
135
142
147
148
152
157
163
168
179
184
195
200
203
225
229
232
238
243
244
248
249
251
258
265
268
269
272
276
277
278
285
286
290
294
296
297
307
310
312
318
323
336
344
346
348
353
357
358
361
371
377
381
395
399
403
409
417
422
428
434
435
437
438
456
461
465
466
473
479
480
481
486
489
491
495
498
501
505
515
519
521
525
526
531
535
543
553
555
568
577
579
580
581
583
585
590
591
592
595
603
607
612
615
616
617
629
631
638
643
646
650
651
657
660
662
663
665
669
673
675
676
678
682
700
701
705
708
714
716
719
723
725
730
732
733
737
747
750
753
760
763
767
783
796
807
808
811
818
825
828
831
837
844
845
857
862
863
864
866
870
872
875
878
886
888
895
899
900
902
905
906
919
920
924
925
927
928
936
937
939
943
945
947
951
952
954
957
960
964
969
970
973
974
979
980
983
989
994
997
1003
1006
1008
1012
1013
1018
1020
1023
1024
1028
1037
1039
1040
1045
1048
1049
1051
1052
1053
1059
1061
1063
1066
1067
1069
1071
1076
1080
1081
1089
1090
1100
1104
1105
1111
1121
1131
1132
1139
1144
1146
1154
1155
1157
1161
1164
1167
1168
1170
1172
1179
1183
1193
1194
1199
1202
1205
1211
1212
1228
1231
1244
1250
1252
1254
1255
1258
1259
1261
1264
1272
1275
1276
1280
1292
1301
1303
1306
1310
1323
1324
1325
1326
1328
1334
1335
1339
1343
1356
1362
1370
1375
1380
1392
1395
1396
1397
1398
1399
1413
1414
1420
1429
1439
1443
1444
1447
1470
1471
1472
1475
1476
1477
1484
1490
1491
1493
1495
1496
1508
1516
1518
1520
1523
1524
1531
1540
1548
1549
1550
1551
1556
1574
1578
1582
1588
1589
1591
1594
1595
1601
1612
1618
1624
1634
1642
1643
1653
1654
1656
1667
1672
1674
1676
1677
1685
1689
1701
1702
1704
1706
1707
1737
1741
1747
1750
1754
1765
1771
1779
1781
1784
1788
1790
1791
1795
1798
1808
1812
1814
1816
1817
1820
1822
1827
1828
1829
1831
1834
1835
1836
1837
1838
1843
1844
1853
1861
1866
1868
1875
1880
1890
1904
1905
1906
1923
1927
1939
1941
1943
1948
1951
1953
1954
1956
1959
1961
1969
1973
1975
1976
1987
1995
1997
2000
2003
2004
2005
2006
2007
2008
2009
2011
2013
2014
2015
2016
2017
2018
2019
2020
2022
2023
2024
2025
2027
2028
2030
2032
2033
2036
2037
2038
2039
2041
2043
2044
2046
2047
2048
2049
2050
2051
2052
2054
2056
2057
2058
2062
2064
2065
2066
2067
2068
2069
2070
2071
2072
2073
2075
2076
2077
2078
2079
2081
2083
2084
