19
41
52
56
61
63
71
72
76
98
106
121
143
167
177
184
192
206
209
214
218
221
243
249
269
288
308
318
329
330
359
392
420
422
430
439
470
472
501
503
543
554
561
567
573
601
628
630
632
633
639
642
650
655
657
663
665
674
676
681
682
685
704
706
720
725
730
748
765
772
773
776
786
801
813
856
884
885
901
911
919
922
958
964
972
1009
1013
1016
1021
1048
1094
1118
1129
1141
1144
1146
1172
1175
1178
1188
1195
1197
1200
1207
1254
1270
1284
1301
1309
1311
1324
1325
1342
1345
1355
1398
1446
1468
1491
1497
1509
1530
1563
1581
1585
1586
1619
1634
1648
1658
1688
1724
1747
1768
1774
1778
1788
1791
1820
1827
1844
1882
1904
1907
1920
1931
1955
1964
1976
1983
2000
2001
2003
2004
2005
2007
2009
2010
2011
2012
2013
2015
2016
2017
2018
2019
2021
2022
2023
2024
2025
2026
2027
2028
2030
2031
2033
2035
2036
2037
2039
2041
2042
2043
2044
2046
2049
2051
2054
2058
2061
2062
2065
2067
2068
2069
2072
2073
2075
2076
2077
2078
2079
2080
2081
2082
2083
2084
