1
2
3
4
5
6
7
8
9
10
11
12
13
14
16
17
18
20
22
24
25
27
30
32
33
34
35
37
38
39
41
42
43
44
45
46
47
49
51
52
53
54
56
57
59
60
61
62
64
65
66
67
68
69
71
72
73
74
75
76
77
78
80
81
82
83
85
88
89
91
92
93
98
99
103
106
107
108
109
110
112
113
114
115
118
119
121
122
125
128
129
130
132
133
134
135
142
144
146
147
148
149
150
151
152
154
155
156
157
158
161
162
166
167
169
170
172
173
175
176
177
179
180
181
182
183
185
187
188
189
190
191
192
194
195
196
197
198
200
202
203
204
205
206
208
209
210
211
212
213
215
216
217
218
219
220
221
223
224
225
226
227
228
229
230
231
232
234
235
237
238
239
243
244
245
246
248
251
252
253
255
256
258
261
263
264
266
268
269
270
271
272
273
274
275
276
277
278
280
281
282
283
284
286
287
289
290
291
293
296
297
299
301
302
303
305
306
307
309
310
311
312
313
314
317
318
321
322
324
325
327
328
329
331
333
334
336
337
338
339
340
341
342
343
345
346
347
348
349
351
353
354
355
357
358
359
360
361
362
363
364
365
366
368
369
370
371
373
374
375
377
378
379
380
381
382
383
385
386
392
394
395
396
397
398
400
402
404
406
407
408
409
411
412
413
414
415
417
420
421
422
423
424
427
430
431
432
433
434
435
436
437
438
439
440
441
443
444
445
447
450
453
455
457
458
459
461
462
463
464
465
466
469
470
471
476
477
478
479
480
481
482
483
485
486
487
488
489
490
491
492
493
494
495
496
498
499
500
502
503
505
506
511
512
513
514
515
517
519
520
521
522
524
525
526
527
528
529
531
532
533
534
535
536
537
538
539
540
541
542
543
544
546
547
548
551
552
553
554
555
556
558
559
560
562
563
568
569
570
571
572
573
575
576
577
578
580
581
582
583
584
586
587
588
591
593
594
595
596
597
599
600
601
602
604
605
606
608
609
610
611
612
613
614
615
616
617
618
620
622
623
624
625
626
627
628
630
632
634
635
638
641
642
643
644
645
646
647
650
651
652
656
658
659
661
662
663
666
667
668
669
670
671
672
674
676
677
680
682
683
684
685
686
687
688
689
691
692
693
695
696
698
699
700
701
702
703
705
706
707
709
710
712
713
714
716
717
718
719
720
721
722
723
724
725
726
727
728
730
732
733
734
735
736
737
738
740
741
742
744
745
748
749
750
751
753
754
755
757
758
759
760
761
763
765
766
767
768
769
771
772
774
775
778
779
780
781
782
784
788
789
790
796
797
801
802
803
806
807
808
811
812
813
814
816
817
819
820
821
822
823
825
826
828
829
830
832
833
834
835
836
838
839
841
843
845
848
850
851
853
855
856
857
858
859
860
861
862
863
864
865
866
867
869
871
874
875
876
877
878
880
881
882
883
884
885
887
888
890
892
893
895
896
898
899
901
902
903
904
905
906
907
908
909
912
913
915
917
918
920
921
922
923
924
925
926
928
929
932
933
934
935
936
938
939
941
943
946
947
949
951
952
953
954
955
956
957
958
960
961
962
963
965
967
970
971
972
973
974
975
976
977
978
979
981
982
983
984
986
988
989
990
991
992
993
994
995
996
997
1001
1002
1004
1005
1006
1007
1008
1009
1011
1012
1013
1014
1015
1016
1018
1019
1020
1022
1023
1024
1026
1029
1031
1032
1033
1034
1035
1036
1038
1040
1041
1042
1044
1045
1046
1047
1048
1049
1050
1051
1053
1054
1055
1056
1058
1059
1060
1061
1062
1063
1064
1066
1068
1069
1071
1073
1074
1075
1076
1077
1079
1081
1082
1083
1084
1085
1086
1087
1089
1090
1091
1093
1094
1095
1096
1097
1099
1100
1102
1103
1104
1105
1106
1107
1108
1110
1111
1112
1114
1115
1116
1117
1119
1121
1122
1123
1124
1125
1126
1127
1128
1129
1133
1134
1135
1136
1137
1138
1139
1140
1141
1142
1145
1146
1147
1149
1150
1151
1152
1153
1154
1156
1157
1159
1161
1162
1164
1165
1166
1167
1168
1169
1170
1171
1172
1174
1175
1176
1177
1178
1179
1180
1181
1183
1185
1186
1187
1188
1190
1191
1193
1194
1195
1197
1198
1199
1200
1201
1202
1203
1204
1205
1206
1207
1209
1211
1212
1213
1214
1215
1218
1220
1221
1225
1226
1228
1229
1231
1232
1233
1236
1237
1239
1242
1243
1244
1246
1247
1248
1250
1251
1252
1254
1255
1257
1259
1260
1261
1262
1263
1264
1265
1266
1267
1269
1270
1272
1274
1275
1276
1277
1278
1279
1280
1281
1283
1284
1285
1286
1287
1289
1291
1293
1294
1295
1296
1297
1298
1299
1301
1302
1303
1307
1308
1309
1311
1312
1313
1314
1315
1316
1317
1318
1319
1321
1322
1323
1324
1325
1326
1327
1328
1329
1330
1331
1332
1333
1334
1336
1337
1338
1339
1340
1343
1344
1345
1347
1348
1350
1351
1352
1353
1355
1356
1358
1359
1360
1361
1362
1363
1365
1366
1367
1368
1370
1371
1372
1373
1374
1375
1376
1378
1380
1381
1382
1385
1388
1390
1391
1392
1393
1394
1395
1396
1398
1400
1401
1403
1404
1405
1406
1407
1408
1409
1410
1411
1413
1414
1415
1416
1417
1420
1422
1423
1425
1426
1429
1430
1431
1432
1433
1434
1435
1436
1438
1439
1443
1444
1446
1447
1449
1450
1452
1453
1454
1456
1458
1459
1460
1461
1462
1463
1464
1465
1467
1468
1469
1470
1471
1473
1474
1475
1476
1477
1478
1479
1480
1481
1483
1485
1486
1487
1488
1489
1490
1492
1493
1494
1495
1496
1498
1499
1500
1501
1502
1503
1504
1506
1508
1509
1510
1511
1512
1513
1514
1515
1516
1517
1518
1520
1521
1522
1524
1525
1526
1527
1528
1529
1530
1532
1533
1534
1535
1536
1537
1538
1539
1540
1541
1542
1543
1544
1545
1548
1549
1550
1551
1552
1553
1554
1556
1557
1559
1561
1562
1563
1565
1568
1569
1571
1572
1573
1574
1575
1576
1578
1579
1580
1582
1583
1584
1585
1586
1587
1589
1591
1592
1593
1594
1596
1599
1601
1602
1604
1606
1607
1609
1610
1611
1612
1614
1615
1616
1617
1618
1619
1621
1622
1623
1624
1626
1627
1628
1629
1630
1632
1633
1635
1636
1637
1639
1640
1642
1643
1644
1645
1646
1647
1648
1649
1650
1651
1653
1654
1655
1656
1658
1659
1660
1661
1662
1663
1664
1665
1666
1667
1668
1669
1670
1672
1673
1674
1675
1676
1677
1679
1680
1681
1682
1686
1687
1689
1691
1692
1693
1694
1695
1696
1698
1701
1704
1705
1706
1707
1709
1710
1712
1713
1715
1718
1719
1720
1722
1723
1724
1725
1726
1727
1728
1729
1730
1732
1734
1735
1737
1738
1740
1741
1742
1743
1744
1745
1746
1747
1748
1749
1750
1751
1752
1753
1754
1755
1756
1757
1760
1761
1763
1764
1765
1766
1767
1768
1769
1771
1772
1774
1776
1777
1780
1782
1783
1784
1785
1787
1788
1789
1790
1791
1792
1793
1794
1795
1797
1798
1799
1800
1802
1803
1804
1805
1806
1807
1808
1809
1813
1815
1817
1819
1821
1822
1823
1824
1825
1826
1827
1828
1829
1830
1831
1833
1835
1838
1839
1840
1841
1844
1845
1847
1849
1850
1852
1853
1854
1858
1859
1860
1861
1862
1863
1864
1866
1867
1868
1870
1872
1873
1874
1876
1877
1878
1879
1881
1882
1883
1885
1886
1887
1888
1890
1891
1892
1896
1897
1900
1901
1903
1904
1905
1907
1908
1909
1910
1912
1913
1914
1916
1917
1918
1919
1920
1921
1922
1923
1925
1926
1928
1929
1930
1931
1932
1934
1935
1936
1937
1938
1939
1940
1941
1942
1943
1945
1947
1948
1949
1950
1954
1955
1956
1957
1958
1959
1960
1961
1963
1964
1965
1966
1967
1968
1970
1971
1972
1973
1974
1975
1977
1978
1979
1980
1981
1982
1984
1985
1988
1989
1990
1991
1992
1996
1998
1999
2000
2001
2002
2003
2004
2005
2006
2007
2008
2009
2010
2011
2012
2013
2014
2015
2016
2017
2018
2019
2020
2021
2022
2023
2024
2025
2026
2027
2028
2029
2030
2031
2032
2033
2034
2035
2036
2037
2038
2039
2040
2041
2042
2043
2044
2045
2046
2047
2048
2049
2050
2051
2052
2053
2054
2056
2057
2058
2059
2061
2062
2063
2064
2065
2066
2067
2068
2069
2070
2071
2072
2073
2074
2075
2076
2077
2078
2079
2080
2081
2082
2083
2084
