1
3
4
5
8
10
11
12
13
15
16
18
24
26
28
29
35
38
39
40
46
49
51
56
59
61
62
64
67
68
72
74
76
77
78
79
81
83
84
86
91
93
95
97
98
99
103
105
106
110
112
113
116
119
121
123
124
125
126
127
128
129
131
133
135
138
139
142
147
149
150
151
153
155
157
160
162
163
166
170
173
174
176
177
179
180
181
184
186
188
189
190
191
192
197
200
202
203
207
211
213
214
216
217
221
223
225
228
234
235
236
237
242
243
244
245
246
247
250
251
252
253
254
256
258
259
261
264
265
268
274
276
277
278
280
285
287
288
289
294
295
296
297
298
299
300
301
303
304
305
308
309
310
312
313
317
319
322
324
325
326
327
328
330
331
333
336
338
342
343
345
346
349
353
355
357
358
361
362
363
364
365
367
372
374
375
377
378
379
381
385
387
392
393
394
398
399
400
401
407
409
410
412
413
417
419
420
421
426
429
430
431
432
433
434
435
439
442
443
444
445
451
452
453
458
459
462
466
468
469
470
473
474
477
479
481
482
483
484
485
491
492
493
494
495
496
498
499
501
502
503
505
508
509
512
513
514
515
516
517
520
522
523
524
525
526
529
533
537
541
542
544
545
546
547
549
552
553
554
555
556
557
558
559
560
561
563
564
565
568
569
573
574
579
580
582
583
585
586
587
590
594
595
596
598
599
600
601
602
603
606
607
609
611
615
617
618
622
624
625
626
627
629
630
632
635
637
641
645
648
650
652
655
656
659
660
662
666
667
668
669
673
674
675
677
678
680
681
683
686
688
689
693
694
695
696
699
701
703
705
706
710
711
715
718
719
720
722
723
724
728
732
733
737
739
743
744
746
747
754
759
760
762
765
771
774
775
776
777
780
781
786
790
793
795
796
800
802
803
807
808
813
814
815
817
824
826
827
829
830
832
833
835
836
837
838
839
846
847
848
856
858
863
864
868
869
870
872
873
875
877
878
882
883
884
885
886
891
895
897
898
901
904
905
908
909
912
913
914
915
919
920
921
922
924
926
929
930
932
936
940
941
943
945
946
947
948
954
956
957
958
960
962
967
969
970
971
972
974
975
976
978
979
984
986
988
993
994
997
999
1000
1002
1005
1006
1007
1009
1012
1013
1018
1019
1021
1024
1026
1029
1035
1036
1037
1038
1041
1043
1047
1049
1052
1053
1054
1055
1056
1057
1058
1061
1062
1066
1067
1069
1071
1072
1074
1076
1077
1081
1086
1090
1091
1095
1098
1099
1100
1101
1103
1104
1106
1107
1108
1110
1113
1115
1117
1118
1120
1121
1124
1126
1129
1131
1134
1135
1140
1141
1142
1144
1145
1149
1150
1151
1154
1155
1157
1161
1162
1163
1166
1169
1170
1171
1172
1174
1175
1177
1179
1180
1181
1182
1183
1194
1195
1197
1198
1199
1200
1201
1204
1206
1207
1208
1211
1212
1214
1220
1223
1224
1225
1227
1228
1231
1232
1236
1239
1240
1241
1242
1245
1246
1247
1249
1254
1258
1259
1260
1262
1263
1264
1265
1267
1270
1273
1275
1276
1277
1278
1280
1283
1284
1286
1287
1288
1289
1290
1292
1294
1299
1301
1302
1303
1305
1306
1307
1309
1310
1311
1316
1320
1321
1323
1324
1325
1326
1327
1328
1329
1330
1331
1332
1333
1335
1339
1341
1345
1348
1349
1351
1354
1355
1357
1358
1361
1365
1368
1371
1373
1376
1377
1380
1382
1386
1388
1389
1391
1392
1394
1395
1397
1398
1399
1400
1401
1406
1409
1417
1419
1420
1423
1424
1425
1426
1427
1431
1438
1440
1441
1442
1443
1444
1446
1447
1452
1453
1456
1457
1458
1459
1460
1463
1464
1468
1472
1473
1474
1475
1476
1479
1484
1488
1489
1492
1493
1495
1496
1497
1499
1503
1505
1507
1508
1509
1511
1516
1522
1523
1528
1535
1536
1537
1539
1540
1541
1544
1550
1553
1556
1557
1558
1559
1561
1566
1567
1568
1569
1570
1571
1572
1574
1575
1576
1584
1586
1588
1589
1591
1592
1593
1594
1595
1596
1597
1598
1601
1603
1604
1607
1609
1610
1612
1613
1618
1619
1620
1623
1624
1627
1628
1632
1634
1636
1640
1644
1645
1648
1650
1651
1653
1654
1656
1658
1660
1661
1664
1665
1666
1667
1669
1670
1672
1673
1677
1678
1680
1682
1685
1688
1689
1690
1691
1692
1693
1694
1697
1701
1702
1703
1704
1706
1707
1708
1709
1710
1714
1715
1721
1723
1726
1728
1734
1738
1739
1742
1745
1746
1750
1751
1752
1755
1759
1765
1767
1768
1769
1772
1773
1774
1777
1779
1782
1783
1784
1785
1786
1787
1791
1795
1796
1798
1805
1807
1808
1811
1817
1819
1820
1823
1826
1831
1833
1835
1836
1839
1842
1843
1845
1849
1851
1852
1854
1859
1866
1867
1868
1871
1877
1879
1880
1881
1882
1883
1884
1890
1891
1892
1894
1896
1897
1898
1900
1901
1904
1905
1909
1913
1914
1917
1918
1919
1920
1922
1923
1925
1927
1930
1931
1932
1939
1940
1945
1947
1949
1951
1953
1954
1955
1959
1960
1961
1965
1966
1967
1969
1972
1974
1975
1976
1978
1981
1983
1986
1988
1989
1993
1995
1998
2000
2001
2002
2003
2004
2005
2007
2008
2009
2010
2011
2013
2014
2015
2016
2017
2018
2019
2020
2021
2023
2024
2025
2026
2027
2028
2029
2030
2031
2032
2033
2034
2036
2037
2038
2039
2040
2041
2042
2043
2046
2047
2048
2049
2050
2051
2052
2053
2054
2055
2056
2058
2059
2061
2062
2063
2065
2066
2067
2068
2069
2070
2071
2072
2073
2074
2075
2076
2077
2078
2080
2081
2082
2084
