0
13
17
24
28
29
33
64
81
83
100
139
170
175
176
180
188
192
196
200
205
237
249
252
263
268
269
286
287
290
291
300
309
325
336
339
350
359
395
430
452
474
487
491
492
498
506
517
527
534
535
541
544
561
574
582
596
611
613
628
642
657
666
669
681
685
732
738
743
746
776
778
779
812
825
831
858
863
866
878
885
886
902
923
929
937
954
957
960
966
968
972
991
1007
1018
1040
1043
1049
1067
1080
1097
1100
1105
1143
1180
1183
1185
1197
1211
1218
1240
1244
1250
1264
1301
1305
1308
1320
1340
1365
1370
1375
1380
1392
1417
1420
1432
1434
1463
1471
1475
1492
1496
1502
1529
1533
1552
1563
1595
1613
1624
1629
1677
1679
1683
1691
1707
1730
1737
1755
1762
1768
1778
1779
1789
1790
1818
1830
1847
1852
1866
1867
1873
1876
1882
1907
1936
1953
1962
1972
1975
1981
2000
2003
2005
2007
2008
2011
2013
2015
2019
2021
2022
2023
2025
2026
2028
2031
2034
2042
2043
2044
2047
2049
2050
2052
2054
2055
2057
2059
2061
2063
2068
2072
2078
2079
2083
2084
