1
2
4
5
6
10
11
12
13
15
16
18
19
22
23
24
25
26
29
30
31
32
33
35
38
40
41
42
45
46
47
48
49
51
52
54
59
62
63
64
67
69
72
73
77
78
79
80
81
85
86
87
88
90
91
93
94
97
98
99
100
101
102
103
105
106
108
110
111
115
116
117
120
121
123
125
126
129
133
136
139
141
143
144
146
147
149
150
151
154
156
158
162
163
164
165
167
168
170
172
174
175
177
183
184
185
186
191
193
200
206
207
208
214
218
225
227
228
229
230
235
245
247
250
252
254
259
264
265
266
267
268
269
274
275
276
277
278
279
281
283
285
291
292
294
296
297
298
301
305
306
310
311
312
314
315
316
319
325
326
328
333
335
336
337
338
340
341
342
343
344
345
346
347
348
351
352
354
360
361
362
363
364
367
368
369
376
381
384
386
387
390
394
395
399
400
401
402
404
405
406
407
408
409
410
414
417
419
420
422
423
424
425
426
429
430
434
437
442
445
448
450
451
452
454
455
458
460
465
466
467
468
469
471
472
477
482
485
486
487
489
491
492
493
494
500
501
502
505
513
515
517
518
519
521
522
523
524
525
526
532
534
535
536
537
541
542
543
544
545
546
548
549
550
552
554
555
558
559
560
562
564
567
569
570
574
575
578
580
581
584
585
594
595
596
598
602
603
604
605
607
609
610
615
617
618
619
620
623
626
627
629
631
636
638
639
642
643
646
648
649
651
653
657
658
659
660
661
665
669
673
676
678
680
684
685
686
687
689
691
693
694
696
700
701
707
708
711
715
718
719
720
722
723
729
733
739
742
743
744
745
746
747
748
749
754
755
756
758
759
760
767
770
773
774
776
780
781
782
783
784
785
787
788
789
790
793
794
797
800
802
803
804
806
808
809
813
815
816
820
821
822
823
824
828
830
831
832
835
839
842
843
845
847
853
854
855
857
858
860
863
864
867
868
869
873
874
875
878
881
884
885
886
887
895
897
905
907
909
911
913
916
918
928
930
932
933
934
935
941
943
946
947
953
956
957
958
963
966
971
977
980
981
982
983
986
988
989
990
991
992
993
994
1000
1001
1005
1008
1011
1012
1014
1015
1016
1019
1021
1022
1024
1025
1028
1030
1031
1033
1035
1039
1043
1046
1047
1050
1051
1053
1060
1061
1062
1065
1068
1071
1074
1075
1078
1080
1082
1083
1085
1086
1087
1089
1090
1092
1101
1103
1104
1106
1109
1110
1111
1113
1116
1118
1119
1120
1122
1123
1126
1128
1129
1131
1132
1133
1134
1136
1137
1138
1141
1142
1145
1146
1148
1149
1151
1154
1155
1161
1165
1168
1171
1172
1176
1180
1183
1184
1190
1191
1192
1194
1198
1200
1204
1205
1206
1209
1210
1212
1215
1216
1217
1218
1221
1222
1223
1228
1230
1232
1235
1236
1240
1243
1244
1245
1247
1249
1250
1251
1253
1268
1270
1273
1274
1281
1283
1284
1286
1287
1289
1291
1296
1298
1299
1301
1303
1304
1308
1310
1312
1314
1315
1317
1318
1320
1321
1322
1323
1324
1325
1327
1328
1329
1331
1333
1336
1337
1338
1340
1341
1342
1344
1345
1347
1348
1349
1353
1354
1355
1357
1358
1361
1363
1366
1369
1370
1372
1374
1375
1376
1380
1381
1383
1386
1388
1389
1390
1391
1393
1394
1399
1400
1401
1404
1409
1410
1418
1419
1420
1421
1422
1423
1426
1427
1429
1430
1431
1432
1435
1436
1437
1438
1440
1442
1443
1444
1446
1449
1452
1453
1455
1459
1460
1461
1462
1463
1466
1467
1469
1471
1474
1475
1479
1480
1481
1482
1483
1486
1487
1489
1491
1492
1493
1494
1496
1499
1500
1501
1502
1503
1505
1509
1511
1512
1513
1515
1516
1518
1519
1522
1523
1525
1526
1527
1529
1530
1532
1533
1536
1537
1543
1544
1546
1547
1550
1552
1553
1555
1558
1559
1563
1565
1568
1569
1571
1575
1579
1583
1584
1585
1588
1591
1593
1594
1595
1599
1600
1605
1606
1610
1611
1612
1614
1615
1618
1619
1620
1621
1622
1623
1625
1626
1631
1636
1638
1641
1650
1651
1654
1655
1656
1658
1660
1661
1662
1663
1666
1667
1668
1669
1671
1674
1675
1677
1680
1682
1683
1685
1687
1690
1691
1693
1696
1697
1708
1710
1716
1718
1719
1720
1721
1722
1723
1724
1726
1728
1730
1731
1733
1734
1737
1740
1741
1743
1746
1747
1749
1751
1752
1753
1754
1756
1759
1762
1765
1766
1767
1769
1770
1771
1773
1775
1777
1780
1782
1784
1789
1793
1796
1798
1802
1803
1806
1809
1810
1815
1817
1819
1821
1822
1824
1826
1828
1833
1837
1839
1840
1841
1843
1845
1846
1847
1852
1853
1856
1857
1861
1866
1867
1869
1873
1876
1880
1881
1882
1885
1886
1887
1890
1893
1895
1897
1898
1900
1901
1902
1905
1911
1913
1914
1915
1916
1918
1924
1925
1926
1927
1928
1929
1930
1931
1933
1934
1935
1936
1938
1939
1944
1947
1948
1951
1953
1954
1955
1956
1960
1961
1962
1964
1965
1967
1969
1970
1972
1973
1974
1975
1977
1978
1979
1980
1982
1983
1987
1988
1990
1991
1992
1994
1995
1996
1997
1998
2000
2001
2002
2003
2004
2005
2007
2009
2011
2012
2013
2014
2015
2016
2017
2018
2019
2020
2021
2022
2023
2024
2025
2026
2027
2028
2029
2030
2031
2032
2033
2035
2036
2038
2039
2040
2041
2042
2043
2044
2045
2046
2047
2048
2049
2051
2052
2053
2054
2056
2057
2058
2059
2060
2061
2062
2063
2064
2065
2067
2068
2069
2070
2071
2072
2073
2074
2075
2076
2077
2078
2079
2080
2081
2082
2083
2084
