18
29
60
61
64
66
70
81
87
115
150
200
238
243
244
267
268
286
288
290
300
308
311
318
329
331
335
339
345
359
362
371
420
422
436
462
465
473
477
490
491
492
502
509
543
545
549
553
568
574
593
595
613
628
638
643
655
670
723
725
733
738
762
784
834
857
858
873
878
887
914
917
929
936
939
957
977
988
1005
1040
1049
1050
1051
1053
1059
1066
1072
1082
1089
1103
1146
1164
1168
1170
1176
1183
1220
1228
1254
1274
1278
1281
1291
1306
1316
1324
1325
1344
1357
1365
1370
1422
1475
1478
1494
1496
1499
1538
1550
1554
1559
1572
1578
1586
1591
1594
1604
1621
1636
1644
1647
1649
1670
1682
1685
1691
1709
1726
1747
1768
1775
1834
1842
1843
1867
1880
1894
1897
1917
1918
1923
1934
1939
1942
1983
1992
1993
1998
2001
2003
2004
2009
2011
2013
2014
2015
2016
2017
2018
2019
2022
2023
2024
2025
2026
2028
2030
2033
2036
2037
2040
2041
2042
2043
2046
2047
2050
2051
2056
2057
2058
2062
2063
2065
2067
2068
2069
2070
2071
2072
2073
2074
2075
2077
2079
2080
2083
2084
