1
2
5
14
24
41
56
57
60
64
97
99
100
120
148
157
200
203
225
229
238
243
249
265
278
290
294
296
312
318
323
348
353
417
422
434
437
465
479
481
489
519
543
553
555
568
581
590
595
638
651
657
660
665
673
723
725
730
732
747
753
760
818
828
837
844
863
864
872
888
902
905
927
936
937
939
943
947
954
957
960
973
974
980
994
1018
1024
1040
1051
1061
1067
1071
1076
1089
1105
1111
1131
1132
1144
1154
1155
1164
1170
1194
1252
1254
1255
1261
1264
1272
1276
1292
1301
1303
1324
1334
1356
1370
1380
1392
1396
1397
1399
1414
1444
1447
1475
1476
1495
1496
1518
1523
1524
1550
1551
1556
1574
1582
1594
1595
1618
1624
1642
1653
1654
1677
1689
1704
1707
1741
1822
1827
1829
1834
1844
1905
1923
1941
1959
1987
2000
2003
2005
2007
2009
2013
2014
2016
2017
2018
2019
2020
2022
2023
2024
2025
2027
2028
2030
2033
2036
2039
2041
2043
2044
2046
2047
2048
2049
2050
2051
2052
2056
2057
2065
2067
2068
2069
2070
2071
2072
2073
2075
2076
2077
2078
2083
2084
