1
3
5
8
13
14
20
28
29
33
38
39
41
43
46
48
49
51
52
54
55
56
60
62
63
65
67
69
74
77
78
79
80
82
85
86
92
93
98
100
101
102
105
107
109
113
119
120
121
122
124
126
131
135
136
137
138
139
142
143
144
147
148
149
151
156
158
160
161
162
164
166
167
168
169
175
178
179
180
181
183
184
191
192
195
198
200
203
204
205
206
207
208
210
211
214
215
216
219
220
225
228
229
230
233
234
236
239
240
241
245
247
248
251
252
253
254
257
259
260
261
266
269
270
275
277
280
284
285
289
290
292
294
295
296
297
298
300
301
302
304
305
306
310
311
312
313
314
315
317
319
320
322
323
324
326
329
330
331
337
339
340
341
342
345
348
349
351
352
356
359
360
361
362
363
367
368
369
373
375
376
377
379
381
383
384
385
386
387
389
394
396
401
405
406
409
410
411
414
422
424
425
426
430
431
432
433
437
438
439
441
443
445
448
450
454
456
457
462
464
466
467
469
470
472
480
481
483
484
485
486
487
493
498
499
500
501
503
510
513
514
521
523
528
529
531
534
535
538
541
542
543
546
548
549
553
556
560
566
567
569
570
572
574
576
579
580
581
582
584
586
588
589
591
593
595
596
600
602
603
604
605
607
611
613
618
624
626
628
630
631
632
635
636
638
649
655
656
661
662
663
666
667
668
670
671
673
674
676
679
681
682
685
692
693
695
699
700
701
703
704
705
706
709
710
711
715
721
723
724
726
729
730
732
733
734
735
736
739
740
742
743
745
746
748
749
752
753
754
758
759
762
764
767
769
770
772
775
777
779
781
783
784
785
786
791
792
793
795
797
799
800
801
803
804
805
806
807
811
813
814
817
820
824
826
828
830
832
833
835
836
837
838
840
842
845
848
849
852
853
854
856
859
860
861
862
863
864
865
867
868
869
873
874
879
881
882
883
885
887
888
895
902
904
905
908
909
912
917
918
919
920
923
924
925
928
929
930
932
934
937
943
945
947
949
951
953
954
955
957
958
960
962
964
965
966
967
968
973
974
975
976
977
978
980
981
982
983
985
986
990
992
993
994
996
997
1002
1003
1005
1008
1009
1010
1012
1013
1014
1016
1018
1019
1020
1023
1025
1028
1029
1032
1033
1034
1035
1038
1039
1041
1042
1044
1045
1046
1047
1048
1049
1050
1051
1052
1055
1057
1061
1062
1070
1071
1072
1074
1076
1080
1082
1083
1084
1086
1089
1092
1093
1099
1100
1104
1107
1108
1109
1110
1111
1115
1117
1119
1122
1127
1128
1129
1130
1133
1134
1136
1138
1139
1140
1142
1143
1144
1148
1149
1151
1153
1154
1158
1167
1168
1169
1170
1171
1172
1175
1176
1177
1178
1179
1180
1181
1182
1183
1184
1185
1186
1187
1191
1197
1198
1199
1201
1202
1204
1206
1211
1212
1214
1216
1217
1219
1220
1221
1222
1224
1227
1228
1231
1233
1239
1240
1241
1242
1244
1246
1247
1250
1251
1254
1255
1257
1258
1259
1260
1262
1263
1266
1268
1272
1275
1277
1281
1282
1283
1284
1285
1290
1292
1294
1295
1296
1297
1298
1299
1300
1301
1302
1305
1306
1310
1313
1317
1319
1320
1322
1324
1326
1327
1329
1330
1333
1335
1337
1338
1342
1343
1345
1346
1347
1349
1351
1353
1354
1355
1359
1364
1365
1367
1368
1371
1373
1374
1375
1377
1385
1387
1388
1389
1390
1394
1396
1397
1399
1400
1401
1402
1403
1405
1408
1410
1413
1414
1419
1422
1423
1424
1429
1430
1432
1434
1436
1439
1440
1441
1444
1445
1447
1450
1451
1454
1455
1458
1461
1462
1465
1468
1470
1472
1474
1476
1477
1478
1479
1482
1484
1485
1486
1488
1489
1491
1494
1496
1497
1501
1502
1505
1509
1511
1513
1523
1526
1527
1529
1531
1532
1533
1534
1535
1536
1540
1541
1545
1549
1550
1551
1556
1557
1563
1565
1569
1570
1571
1572
1575
1579
1583
1587
1588
1589
1590
1592
1594
1596
1598
1599
1600
1601
1602
1603
1604
1605
1610
1611
1612
1617
1618
1620
1622
1629
1630
1631
1632
1633
1634
1635
1636
1637
1638
1640
1643
1644
1646
1647
1648
1649
1651
1652
1653
1659
1661
1665
1666
1667
1669
1672
1674
1675
1676
1678
1680
1681
1683
1685
1686
1688
1690
1691
1692
1693
1694
1695
1698
1699
1701
1704
1705
1710
1724
1725
1727
1728
1730
1732
1733
1734
1749
1751
1754
1755
1759
1760
1762
1764
1765
1767
1768
1769
1773
1775
1778
1780
1782
1785
1788
1793
1796
1801
1805
1806
1807
1812
1814
1815
1821
1822
1823
1824
1825
1826
1828
1829
1830
1831
1833
1834
1835
1836
1838
1840
1842
1846
1847
1849
1850
1851
1852
1853
1855
1856
1858
1861
1863
1865
1866
1868
1869
1873
1875
1876
1877
1878
1880
1881
1882
1883
1886
1887
1888
1889
1890
1891
1893
1896
1897
1898
1901
1904
1905
1911
1913
1917
1918
1919
1921
1925
1926
1930
1931
1935
1936
1938
1939
1940
1941
1945
1947
1948
1950
1951
1952
1953
1954
1955
1956
1960
1961
1963
1965
1967
1968
1969
1971
1972
1976
1984
1992
1994
1996
2000
2001
2003
2004
2005
2007
2008
2009
2010
2011
2012
2013
2014
2015
2016
2017
2018
2019
2020
2021
2022
2023
2025
2026
2027
2028
2029
2030
2032
2033
2034
2035
2036
2037
2038
2039
2040
2041
2042
2043
2044
2045
2046
2047
2048
2049
2051
2053
2054
2055
2056
2057
2058
2061
2062
2063
2064
2065
2067
2068
2069
2070
2071
2072
2073
2075
2076
2077
2078
2080
2081
2082
2083
2084
