0
1
3
4
5
6
7
8
10
13
15
16
17
18
19
20
22
23
25
26
27
28
29
30
31
32
33
34
35
37
38
39
42
43
44
45
46
47
48
49
51
55
56
57
58
60
62
63
64
65
67
68
69
70
71
72
74
75
77
78
79
80
81
82
83
84
85
86
88
89
91
92
93
94
95
96
97
98
99
104
105
106
107
108
109
110
112
113
114
115
116
118
119
121
122
123
125
126
127
128
129
130
131
132
135
137
138
139
141
142
143
144
147
149
150
151
153
156
157
158
161
163
165
166
167
169
170
171
173
174
175
176
177
178
181
182
183
184
185
186
187
189
190
191
192
193
194
195
196
198
199
200
201
203
204
205
206
207
208
209
211
213
214
215
218
219
220
223
224
225
227
228
229
230
231
232
234
235
236
238
239
240
241
242
243
245
246
247
248
249
250
251
253
255
256
257
258
259
260
261
262
265
266
267
269
271
273
274
275
276
278
279
280
282
284
285
286
288
289
291
292
293
294
295
296
297
300
301
302
305
306
307
308
312
313
314
317
318
322
323
324
325
326
327
328
329
330
331
332
333
334
335
337
338
339
341
343
344
345
346
347
348
349
350
351
352
353
354
355
356
357
358
359
360
361
362
364
368
369
370
371
372
374
375
376
377
378
380
382
384
387
388
389
391
392
393
395
396
397
399
400
402
403
404
405
406
407
409
410
411
414
415
416
418
420
421
423
424
425
426
429
433
434
435
437
438
440
441
442
444
445
451
453
454
455
456
457
458
459
460
461
463
466
467
468
469
470
473
474
476
477
478
479
480
481
482
484
485
486
487
488
489
490
491
492
493
495
497
498
501
502
504
505
509
510
511
512
514
515
517
519
524
527
528
530
531
534
535
538
539
540
541
542
543
544
546
549
550
551
552
553
554
555
556
558
559
560
561
562
563
564
565
566
567
569
570
571
572
574
576
577
578
579
580
581
582
583
584
585
586
588
589
590
593
595
596
597
598
599
603
604
605
607
608
609
611
612
613
614
615
616
617
618
619
620
621
623
624
625
626
627
629
630
631
632
633
634
636
637
639
642
643
644
648
649
650
651
652
653
655
658
659
660
661
662
663
666
668
669
670
671
672
673
674
676
679
680
681
682
684
686
687
688
689
690
691
692
693
694
695
697
698
699
700
701
702
703
704
705
706
707
708
709
710
711
712
714
715
717
718
719
720
722
723
725
726
727
728
729
730
732
733
735
736
738
739
742
743
745
746
747
749
750
752
753
755
756
757
759
761
762
763
765
766
767
768
769
770
771
772
773
774
775
776
780
781
782
784
785
789
790
791
792
794
795
799
800
801
802
803
804
806
808
809
811
812
813
814
816
817
818
819
821
822
823
824
825
826
827
830
831
832
833
834
835
837
839
840
841
843
844
845
846
848
849
851
852
853
854
855
856
857
858
860
861
862
863
864
865
866
867
868
869
870
871
872
873
874
875
876
877
878
882
883
885
886
887
888
889
890
891
892
893
894
896
897
899
902
904
906
908
909
910
911
912
913
914
915
916
917
918
919
920
921
922
923
924
927
928
929
930
931
933
934
936
937
938
939
941
942
943
944
945
946
947
949
950
951
952
953
955
956
957
958
959
960
961
962
963
964
965
966
967
968
969
970
971
972
974
975
976
977
979
981
982
983
984
987
989
991
992
994
995
996
999
1000
1001
1002
1003
1004
1005
1006
1007
1008
1009
1012
1013
1016
1018
1019
1020
1021
1022
1023
1024
1027
1028
1029
1031
1033
1034
1036
1037
1038
1039
1041
1044
1045
1046
1047
1048
1050
1051
1052
1053
1054
1055
1057
1058
1059
1060
1062
1063
1066
1067
1068
1069
1071
1072
1073
1074
1075
1076
1077
1079
1080
1081
1082
1083
1084
1086
1087
1089
1090
1092
1093
1095
1096
1099
1100
1101
1102
1103
1105
1106
1108
1109
1110
1111
1112
1113
1119
1120
1121
1122
1123
1124
1125
1126
1127
1128
1129
1130
1131
1133
1134
1135
1138
1139
1140
1141
1142
1143
1144
1145
1146
1147
1148
1151
1152
1154
1155
1156
1157
1158
1159
1160
1164
1165
1166
1167
1168
1169
1170
1171
1172
1175
1176
1177
1178
1179
1180
1181
1182
1183
1184
1185
1186
1187
1188
1190
1195
1196
1197
1198
1199
1200
1201
1202
1203
1204
1207
1208
1210
1212
1216
1217
1219
1220
1221
1222
1223
1225
1226
1229
1231
1232
1233
1234
1236
1238
1239
1240
1241
1242
1243
1244
1245
1246
1247
1250
1252
1253
1254
1256
1257
1259
1260
1261
1263
1264
1265
1268
1270
1272
1273
1274
1277
1280
1282
1284
1285
1286
1287
1288
1289
1290
1291
1292
1293
1294
1295
1297
1298
1299
1300
1301
1302
1303
1304
1305
1306
1307
1308
1309
1311
1312
1313
1314
1315
1316
1317
1318
1319
1321
1322
1323
1324
1325
1326
1327
1328
1329
1331
1332
1333
1334
1335
1336
1337
1339
1340
1342
1343
1345
1346
1347
1348
1349
1350
1351
1352
1353
1354
1355
1357
1358
1360
1361
1363
1364
1365
1366
1369
1370
1371
1372
1376
1377
1378
1380
1381
1383
1385
1386
1387
1388
1389
1390
1393
1395
1396
1399
1401
1402
1403
1404
1405
1406
1408
1410
1411
1412
1413
1414
1415
1417
1419
1420
1421
1422
1423
1424
1426
1427
1429
1432
1433
1434
1435
1438
1439
1441
1442
1443
1444
1446
1447
1448
1450
1452
1453
1455
1456
1457
1458
1459
1460
1462
1464
1465
1467
1469
1470
1471
1472
1474
1475
1477
1478
1480
1481
1482
1484
1485
1486
1487
1488
1490
1491
1492
1493
1494
1496
1497
1498
1499
1500
1501
1503
1504
1505
1507
1509
1510
1511
1512
1513
1515
1516
1517
1518
1519
1520
1521
1522
1524
1525
1526
1527
1529
1530
1532
1533
1534
1535
1536
1538
1540
1542
1543
1544
1546
1547
1548
1549
1550
1551
1552
1553
1555
1559
1561
1562
1563
1564
1565
1566
1571
1573
1574
1576
1577
1580
1581
1582
1583
1584
1585
1586
1588
1589
1592
1594
1596
1597
1598
1602
1604
1606
1608
1609
1610
1611
1614
1615
1616
1617
1618
1619
1620
1621
1622
1623
1625
1626
1629
1631
1632
1633
1634
1635
1636
1637
1638
1639
1640
1641
1642
1643
1645
1646
1648
1649
1650
1653
1654
1655
1656
1658
1659
1660
1664
1665
1666
1667
1668
1669
1670
1671
1672
1673
1674
1676
1677
1680
1681
1682
1683
1685
1686
1687
1688
1689
1690
1692
1693
1694
1697
1698
1699
1700
1703
1705
1706
1707
1708
1709
1710
1711
1712
1713
1714
1715
1717
1718
1720
1721
1722
1723
1724
1725
1728
1730
1731
1732
1736
1737
1738
1739
1740
1741
1742
1744
1745
1746
1747
1748
1749
1751
1752
1754
1755
1756
1758
1759
1760
1761
1763
1764
1765
1766
1767
1768
1769
1771
1772
1773
1774
1778
1779
1780
1783
1784
1787
1788
1789
1791
1793
1794
1795
1796
1797
1798
1799
1801
1802
1803
1805
1807
1808
1810
1811
1812
1814
1815
1816
1817
1818
1819
1820
1821
1822
1823
1824
1825
1826
1827
1828
1829
1830
1831
1832
1833
1834
1835
1836
1837
1839
1840
1841
1842
1843
1844
1845
1847
1848
1852
1853
1856
1857
1858
1859
1860
1861
1862
1864
1866
1867
1868
1873
1874
1875
1876
1877
1878
1879
1880
1881
1885
1887
1888
1889
1891
1893
1894
1895
1896
1897
1899
1901
1902
1903
1904
1905
1906
1910
1913
1914
1915
1917
1918
1919
1920
1921
1922
1924
1925
1926
1929
1930
1931
1932
1933
1934
1935
1937
1938
1940
1941
1942
1944
1945
1946
1947
1951
1953
1955
1956
1957
1959
1960
1961
1962
1963
1964
1967
1968
1971
1972
1973
1975
1976
1977
1978
1979
1981
1983
1984
1985
1986
1987
1988
1989
1990
1991
1992
1994
1995
1997
1998
1999
2001
2002
2003
2004
2005
2006
2007
2008
2009
2010
2011
2012
2013
2014
2015
2016
2018
2019
2020
2021
2022
2023
2024
2025
2026
2027
2028
2029
2030
2031
2032
2033
2034
2035
2036
2037
2038
2039
2040
2041
2042
2043
2044
2045
2046
2047
2048
2049
2050
2051
2052
2053
2054
2055
2056
2057
2058
2059
2060
2061
2062
2063
2064
2065
2067
2068
2069
2070
2071
2073
2074
2075
2076
2077
2078
2079
2080
2081
2082
2083
2084
