1
3
4
5
6
7
8
10
14
15
17
18
20
23
24
25
26
29
30
31
32
35
36
39
41
43
44
45
46
47
49
50
52
55
56
60
63
66
67
68
69
75
77
79
80
81
82
83
87
88
90
91
92
93
95
97
101
102
104
105
107
108
109
110
113
114
115
116
118
121
122
127
129
132
133
136
139
142
144
146
147
148
149
152
153
155
156
157
161
163
164
166
167
171
173
174
175
179
184
190
195
197
199
200
202
204
205
206
208
209
211
216
218
219
222
229
234
235
236
238
239
240
241
242
243
244
245
246
249
251
253
254
256
261
262
265
267
268
269
270
274
276
281
283
284
285
287
290
293
295
296
297
298
300
301
306
307
309
310
311
312
317
318
319
320
321
323
325
326
327
328
330
331
332
335
336
341
342
344
345
346
347
348
350
351
354
355
356
357
358
359
360
363
365
367
369
370
371
375
376
378
383
386
387
388
389
390
394
396
398
399
400
401
410
413
416
417
421
422
425
427
430
431
433
435
436
438
439
443
444
445
447
448
449
450
453
460
462
464
465
466
469
473
474
477
485
486
487
488
490
491
493
494
495
496
501
503
509
510
511
517
522
523
526
527
529
530
531
533
535
536
539
543
546
547
548
549
550
552
553
554
555
564
568
569
572
573
574
576
579
580
581
585
590
591
593
595
596
598
599
600
601
603
604
605
606
607
608
611
613
615
624
626
627
629
631
632
633
634
636
643
644
647
648
652
653
655
656
658
661
662
663
666
669
670
672
683
685
686
690
691
694
695
696
701
703
704
705
706
710
713
718
719
720
721
722
723
724
725
728
729
730
731
732
733
740
741
746
747
748
750
751
753
755
760
761
763
765
768
769
773
775
777
778
780
781
782
783
784
785
786
787
789
793
796
804
808
809
810
812
814
815
817
823
825
827
830
832
833
834
837
838
840
842
843
844
846
847
849
851
852
856
858
859
860
863
865
868
869
870
873
877
878
880
883
884
886
888
892
893
894
896
899
901
903
904
905
906
907
908
909
910
911
913
917
918
920
921
922
923
926
930
931
935
939
940
941
945
947
951
952
953
954
957
958
959
962
964
965
968
971
973
974
975
977
978
979
980
981
982
985
986
990
991
993
996
997
998
999
1000
1001
1005
1006
1007
1008
1010
1011
1014
1018
1020
1021
1022
1023
1024
1026
1027
1028
1029
1033
1034
1037
1039
1040
1042
1043
1045
1050
1051
1052
1053
1056
1060
1064
1065
1066
1070
1071
1072
1073
1075
1078
1081
1082
1083
1088
1089
1091
1093
1095
1098
1099
1101
1103
1105
1106
1107
1110
1111
1112
1113
1114
1117
1118
1119
1120
1123
1124
1127
1129
1133
1134
1136
1142
1143
1144
1146
1149
1153
1156
1157
1166
1167
1168
1172
1176
1178
1183
1185
1186
1188
1192
1195
1197
1199
1200
1201
1204
1207
1208
1209
1210
1212
1213
1214
1215
1219
1220
1223
1225
1226
1228
1231
1236
1238
1240
1241
1243
1246
1253
1254
1255
1258
1259
1260
1262
1264
1265
1268
1270
1272
1275
1279
1281
1286
1289
1291
1293
1294
1299
1300
1301
1302
1308
1309
1311
1313
1314
1316
1323
1328
1329
1330
1332
1333
1338
1339
1341
1342
1343
1345
1346
1351
1354
1355
1356
1358
1359
1360
1363
1365
1366
1367
1370
1373
1374
1380
1386
1387
1389
1390
1391
1392
1395
1397
1398
1399
1401
1402
1406
1407
1409
1412
1413
1415
1417
1418
1421
1422
1423
1424
1425
1427
1430
1432
1433
1434
1435
1437
1439
1441
1442
1443
1446
1447
1448
1450
1452
1453
1456
1459
1460
1462
1464
1465
1466
1468
1474
1476
1478
1482
1483
1486
1487
1492
1494
1496
1499
1502
1503
1504
1505
1506
1509
1510
1511
1512
1514
1516
1520
1523
1525
1526
1528
1529
1530
1531
1533
1535
1537
1538
1539
1541
1542
1543
1547
1548
1549
1551
1552
1553
1554
1557
1559
1566
1568
1569
1570
1572
1573
1575
1576
1577
1578
1579
1582
1584
1585
1589
1590
1591
1592
1594
1595
1599
1600
1602
1603
1604
1607
1608
1609
1610
1612
1617
1618
1619
1621
1623
1624
1629
1633
1635
1638
1640
1641
1642
1644
1645
1646
1647
1649
1657
1664
1665
1666
1667
1669
1674
1675
1676
1682
1683
1684
1685
1689
1695
1699
1700
1706
1707
1708
1712
1713
1714
1716
1717
1719
1724
1727
1729
1731
1732
1734
1735
1737
1738
1741
1743
1745
1746
1748
1750
1754
1759
1761
1762
1763
1765
1766
1767
1772
1774
1775
1778
1779
1780
1781
1783
1784
1789
1790
1792
1794
1795
1796
1801
1803
1805
1806
1807
1808
1809
1810
1812
1814
1817
1818
1822
1825
1834
1835
1838
1841
1842
1843
1845
1847
1850
1852
1853
1857
1858
1861
1863
1867
1868
1869
1872
1874
1875
1880
1882
1883
1885
1886
1891
1892
1893
1895
1898
1899
1902
1907
1911
1913
1914
1915
1918
1923
1924
1925
1927
1928
1931
1932
1936
1939
1940
1942
1943
1944
1945
1949
1950
1953
1954
1956
1962
1963
1964
1965
1967
1968
1969
1971
1973
1976
1981
1983
1985
1987
1990
1991
1992
1995
2000
2001
2003
2004
2005
2007
2008
2009
2010
2011
2012
2013
2014
2015
2016
2017
2018
2019
2020
2021
2022
2023
2024
2025
2028
2030
2031
2033
2035
2036
2038
2039
2040
2042
2043
2044
2045
2046
2047
2048
2049
2050
2051
2052
2054
2056
2057
2061
2062
2065
2066
2067
2068
2069
2070
2071
2072
2073
2074
2075
2076
2077
2079
2080
2081
2083
2084
