0
12
13
18
24
29
48
56
60
71
82
84
91
97
99
101
104
110
113
114
115
116
117
126
128
130
133
135
137
138
139
142
150
171
173
176
177
179
190
194
197
201
202
209
211
216
222
224
225
235
237
239
241
243
245
250
252
253
256
266
272
274
275
278
283
287
288
291
292
294
301
304
306
308
324
326
327
331
340
344
349
351
353
355
359
360
363
367
368
371
372
376
377
378
381
387
389
392
395
399
400
405
407
414
416
420
421
422
430
433
437
440
444
445
473
477
478
483
485
489
491
495
503
506
508
512
513
516
525
534
537
545
546
555
560
566
567
568
574
575
581
591
600
604
605
613
622
628
630
632
638
639
650
656
674
676
681
695
697
698
701
705
706
708
712
722
723
726
731
733
743
745
746
747
753
761
767
769
771
778
782
784
796
812
825
826
832
840
846
864
867
869
875
877
878
880
884
887
902
905
909
912
914
916
923
935
936
938
939
941
943
948
960
962
968
972
974
976
982
992
994
1003
1004
1005
1006
1007
1012
1013
1014
1016
1022
1026
1029
1040
1043
1045
1046
1048
1051
1052
1053
1056
1059
1062
1066
1071
1074
1075
1090
1091
1093
1096
1102
1103
1111
1120
1132
1137
1140
1145
1148
1153
1180
1181
1185
1186
1191
1199
1200
1201
1206
1211
1220
1223
1225
1238
1243
1244
1254
1262
1267
1270
1276
1279
1284
1285
1299
1301
1303
1307
1310
1313
1316
1320
1324
1328
1331
1334
1340
1341
1345
1347
1361
1365
1370
1377
1379
1380
1389
1393
1396
1410
1411
1414
1417
1420
1421
1427
1431
1450
1452
1457
1458
1475
1480
1485
1487
1489
1494
1496
1501
1504
1511
1512
1522
1525
1531
1538
1542
1543
1550
1553
1554
1555
1557
1560
1562
1570
1576
1577
1587
1591
1592
1601
1608
1609
1620
1621
1623
1624
1625
1629
1631
1632
1634
1636
1638
1644
1645
1647
1649
1651
1659
1663
1666
1671
1674
1677
1682
1684
1688
1689
1696
1697
1703
1707
1709
1712
1720
1730
1731
1732
1734
1735
1737
1741
1745
1747
1748
1753
1756
1763
1765
1766
1769
1773
1788
1789
1795
1796
1797
1798
1807
1813
1818
1822
1826
1828
1831
1832
1834
1835
1837
1838
1841
1845
1846
1847
1852
1853
1854
1855
1856
1858
1863
1866
1879
1880
1881
1885
1886
1893
1894
1897
1901
1903
1905
1911
1926
1932
1934
1941
1944
1956
1957
1961
1965
1967
1978
1984
1991
2000
2001
2003
2004
2005
2007
2008
2009
2010
2011
2013
2014
2015
2016
2017
2018
2019
2020
2022
2023
2027
2028
2029
2030
2031
2034
2035
2036
2037
2038
2039
2040
2041
2043
2044
2045
2046
2048
2050
2051
2052
2055
2057
2059
2062
2063
2064
2065
2068
2069
2070
2071
2073
2074
2075
2078
2079
2082
2083
2084
