2
3
31
42
60
81
82
85
91
94
102
121
129
136
139
141
142
149
150
153
170
175
199
231
294
301
318
322
324
340
359
368
373
395
404
418
428
433
442
482
495
496
497
534
560
561
577
584
594
598
605
612
627
634
638
655
676
680
683
693
701
723
728
730
745
785
786
821
823
824
825
836
838
848
858
866
868
871
877
880
886
902
908
917
934
957
971
981
984
1008
1025
1028
1078
1079
1104
1120
1141
1166
1187
1217
1218
1220
1234
1246
1265
1286
1302
1325
1336
1345
1352
1366
1375
1387
1388
1412
1421
1432
1441
1449
1450
1461
1471
1476
1482
1483
1507
1531
1555
1558
1564
1583
1588
1614
1620
1624
1634
1639
1656
1658
1660
1668
1684
1693
1703
1710
1730
1745
1755
1765
1771
1783
1788
1808
1812
1831
1835
1838
1839
1848
1861
1867
1885
1906
1908
1931
1945
1958
1970
1973
1979
1994
2000
2002
2009
2015
2020
2024
2026
2027
2028
2030
2031
2033
2034
2038
2040
2042
2044
2046
2047
2050
2052
2053
2055
2056
2058
2059
2062
2065
2067
2068
2070
2072
2080
2081
2082
2083
