1
2
5
7
9
12
13
18
21
22
24
26
28
29
33
34
39
41
46
51
56
57
60
63
64
66
67
69
71
72
73
75
76
80
81
83
84
85
87
91
93
97
98
99
102
104
106
107
108
110
112
113
114
115
116
118
120
122
123
126
127
134
135
136
138
139
142
143
146
148
149
150
151
152
156
157
158
160
161
166
167
168
170
173
175
178
181
185
189
192
193
195
197
202
205
206
209
210
217
219
220
224
225
228
229
234
235
236
237
239
240
243
244
247
249
250
251
252
253
254
256
257
259
260
264
265
266
268
272
275
276
277
278
280
281
282
284
285
286
288
289
290
291
292
293
295
296
297
298
300
301
303
304
309
316
319
324
325
326
327
328
329
330
335
336
337
340
341
342
343
344
345
346
349
355
356
358
363
365
366
367
368
369
370
371
373
374
375
376
377
378
380
381
387
391
392
395
396
397
399
400
401
404
407
409
411
418
420
422
425
429
431
432
433
434
438
439
440
442
443
446
447
448
450
451
457
459
461
462
463
465
466
468
472
473
474
475
477
478
479
481
482
483
485
488
491
492
493
496
499
501
505
507
508
510
515
517
518
519
520
523
524
528
531
532
533
535
539
542
543
544
545
546
548
550
552
553
555
560
561
564
567
573
574
577
579
580
582
583
585
590
591
593
594
595
597
598
602
605
607
608
609
612
613
614
616
617
624
625
629
630
635
638
640
642
643
646
647
650
651
654
655
656
660
661
670
671
673
676
678
679
680
681
682
683
686
688
692
693
694
698
703
705
706
707
710
712
713
714
715
716
717
718
719
720
722
723
725
726
728
732
734
738
742
746
747
750
751
760
762
765
766
768
769
771
772
774
775
776
777
780
782
783
784
785
786
787
788
790
791
793
794
795
797
799
800
801
802
809
810
813
814
818
820
822
824
825
826
827
830
836
837
838
840
843
849
850
855
856
858
859
864
866
867
869
872
873
874
877
878
879
883
885
886
887
888
889
891
892
895
896
898
899
902
906
908
909
911
912
920
922
923
925
926
927
930
931
934
935
936
937
938
939
941
945
946
948
953
954
955
956
957
958
960
962
964
965
966
968
974
975
978
984
985
987
988
989
990
993
994
997
1002
1005
1006
1008
1010
1011
1013
1014
1016
1019
1022
1027
1028
1030
1031
1032
1036
1037
1038
1039
1040
1044
1047
1048
1051
1052
1053
1058
1059
1061
1062
1065
1069
1070
1071
1072
1074
1075
1080
1086
1089
1090
1091
1095
1097
1098
1101
1104
1105
1107
1109
1110
1114
1115
1120
1124
1125
1128
1130
1131
1132
1133
1135
1140
1141
1142
1143
1144
1145
1146
1147
1150
1154
1155
1161
1162
1165
1167
1168
1171
1172
1173
1177
1180
1181
1182
1183
1184
1186
1187
1190
1193
1195
1197
1198
1200
1201
1204
1206
1208
1209
1211
1212
1216
1219
1220
1221
1222
1224
1225
1226
1228
1232
1235
1236
1238
1239
1241
1244
1246
1247
1248
1249
1252
1254
1257
1259
1262
1264
1265
1267
1275
1276
1277
1281
1282
1283
1286
1290
1293
1294
1295
1296
1297
1298
1301
1304
1306
1308
1309
1310
1311
1316
1317
1320
1325
1326
1328
1330
1331
1333
1334
1336
1339
1342
1343
1344
1345
1348
1349
1350
1351
1352
1353
1356
1357
1360
1366
1368
1369
1370
1372
1374
1375
1378
1383
1385
1386
1388
1395
1398
1399
1401
1406
1407
1409
1410
1413
1414
1419
1420
1421
1423
1424
1425
1427
1429
1430
1432
1434
1438
1439
1444
1446
1449
1450
1451
1452
1454
1455
1461
1463
1465
1467
1468
1471
1472
1474
1475
1477
1483
1484
1488
1489
1491
1492
1495
1496
1498
1499
1500
1502
1503
1505
1506
1509
1511
1512
1515
1516
1522
1523
1524
1526
1527
1530
1531
1533
1536
1537
1541
1544
1547
1553
1554
1555
1556
1557
1558
1559
1561
1565
1566
1567
1570
1571
1572
1573
1574
1577
1578
1582
1583
1584
1586
1589
1590
1593
1594
1602
1604
1606
1607
1608
1610
1611
1615
1617
1618
1619
1620
1622
1623
1624
1626
1627
1629
1630
1633
1634
1636
1638
1639
1640
1643
1644
1645
1646
1647
1648
1649
1652
1654
1656
1661
1662
1664
1667
1669
1671
1674
1676
1678
1680
1685
1686
1688
1689
1692
1694
1696
1700
1701
1702
1703
1706
1707
1710
1711
1713
1714
1718
1720
1723
1727
1730
1732
1734
1740
1741
1746
1747
1750
1751
1752
1753
1754
1755
1756
1757
1758
1759
1763
1764
1765
1766
1768
1769
1770
1772
1774
1778
1779
1787
1788
1792
1794
1795
1796
1797
1798
1800
1802
1803
1807
1808
1810
1812
1817
1819
1820
1822
1823
1828
1829
1830
1834
1835
1836
1837
1839
1846
1850
1851
1852
1854
1856
1858
1862
1864
1866
1867
1868
1870
1871
1872
1873
1879
1884
1885
1889
1897
1898
1899
1900
1902
1903
1904
1907
1910
1917
1918
1919
1923
1924
1926
1931
1932
1933
1935
1936
1937
1941
1942
1943
1945
1954
1955
1958
1959
1960
1962
1965
1966
1967
1969
1974
1976
1977
1979
1984
1986
1987
1989
1991
1992
1994
1997
1998
2000
2001
2002
2003
2004
2005
2007
2008
2009
2010
2011
2013
2014
2015
2016
2017
2018
2020
2021
2022
2025
2026
2027
2028
2029
2030
2031
2032
2033
2034
2035
2036
2037
2040
2042
2043
2044
2046
2047
2048
2049
2050
2051
2052
2053
2054
2055
2056
2057
2058
2059
2061
2062
2063
2064
2066
2067
2068
2069
2070
2071
2072
2073
2074
2075
2076
2077
2078
2081
2082
2083
2084
