4
13
16
40
54
57
68
74
76
81
82
91
95
101
106
107
108
111
114
122
125
132
133
135
138
142
147
150
157
163
177
190
197
199
200
201
205
206
207
209
212
219
222
224
225
235
237
238
239
241
242
243
244
250
251
253
254
256
266
272
275
277
281
288
292
295
297
302
306
310
311
319
326
331
340
344
353
358
359
364
368
370
371
374
377
378
379
383
389
394
395
406
407
408
409
411
412
416
422
424
430
434
439
440
441
442
444
445
452
453
458
464
486
488
489
503
508
510
512
515
516
519
520
521
541
546
549
555
559
568
570
571
577
591
594
595
596
598
604
610
614
621
630
633
634
641
656
659
674
677
678
679
680
681
682
685
688
692
695
698
703
706
707
708
711
712
720
727
728
730
733
734
739
743
745
748
751
758
767
769
771
774
775
778
784
786
788
794
796
797
800
801
803
809
813
820
824
827
830
835
839
840
845
849
850
863
867
878
880
881
885
886
888
889
898
912
914
920
927
928
932
934
935
939
940
948
954
957
958
959
962
975
977
983
987
993
995
1003
1012
1014
1022
1027
1028
1030
1037
1044
1048
1050
1051
1052
1054
1059
1066
1077
1078
1103
1108
1119
1121
1128
1134
1139
1140
1142
1145
1146
1150
1157
1163
1165
1172
1174
1180
1182
1183
1185
1187
1191
1193
1197
1199
1204
1205
1211
1213
1216
1218
1223
1224
1227
1231
1241
1242
1254
1264
1268
1270
1274
1275
1276
1281
1283
1285
1289
1290
1291
1299
1302
1303
1306
1307
1310
1320
1322
1326
1327
1328
1331
1333
1336
1342
1345
1349
1354
1356
1363
1367
1377
1381
1388
1390
1396
1399
1403
1415
1427
1438
1440
1442
1444
1446
1450
1453
1461
1462
1468
1472
1475
1476
1482
1486
1487
1492
1496
1498
1501
1502
1503
1514
1517
1527
1529
1535
1538
1542
1547
1548
1549
1555
1559
1560
1577
1582
1584
1586
1595
1612
1613
1617
1620
1622
1624
1625
1631
1632
1636
1640
1646
1655
1658
1659
1675
1680
1684
1691
1694
1696
1712
1723
1737
1738
1747
1748
1755
1757
1770
1778
1780
1781
1783
1789
1792
1794
1796
1798
1803
1822
1830
1831
1834
1835
1842
1844
1849
1852
1853
1855
1857
1858
1864
1867
1869
1877
1879
1881
1886
1893
1896
1901
1909
1910
1916
1917
1931
1932
1934
1936
1942
1945
1954
1955
1958
1960
1963
1966
1967
1969
1972
1976
1978
1979
1992
1993
1995
2000
2003
2004
2005
2007
2008
2009
2011
2012
2013
2015
2016
2017
2018
2019
2020
2022
2023
2024
2025
2028
2030
2031
2032
2035
2036
2038
2039
2040
2044
2045
2046
2047
2048
2049
2051
2052
2054
2056
2057
2058
2059
2061
2063
2064
2068
2069
2071
2072
2073
2074
2075
2076
2077
2078
2083
2084
