18
49
55
62
65
87
91
150
172
180
183
206
215
232
235
236
241
275
287
305
309
324
326
331
363
366
376
394
400
405
411
429
435
437
448
465
466
529
541
549
574
588
602
646
649
667
700
709
728
737
745
752
773
781
797
838
858
864
884
918
938
957
976
993
1003
1012
1033
1055
1071
1099
1110
1111
1112
1132
1133
1145
1147
1151
1157
1169
1170
1202
1212
1214
1220
1222
1223
1227
1242
1295
1301
1302
1328
1331
1333
1337
1342
1343
1345
1404
1409
1430
1474
1504
1551
1563
1594
1596
1621
1658
1665
1676
1678
1688
1701
1708
1727
1728
1734
1745
1749
1764
1765
1778
1783
1821
1829
1831
1838
1861
1877
1935
1945
2000
2001
2002
2003
2004
2005
2007
2008
2009
2010
2011
2012
2013
2014
2015
2016
2017
2018
2019
2020
2021
2022
2023
2024
2025
2026
2027
2028
2029
2030
2031
2033
2035
2036
2037
2038
2040
2041
2042
2043
2044
2045
2046
2047
2048
2049
2051
2052
2053
2054
2056
2057
2058
2059
2060
2061
2062
2064
2065
2068
2069
2070
2071
2073
2074
2075
2076
2077
2078
2079
2080
2081
2082
2083
2084
