0
2
5
6
8
13
14
15
17
18
20
22
23
24
25
26
29
30
33
35
37
40
41
42
45
46
47
48
53
54
59
61
62
63
64
65
68
69
70
71
72
76
83
84
86
90
92
95
97
100
101
102
104
105
106
109
110
111
116
125
127
128
130
131
133
134
138
139
142
143
144
147
150
151
152
153
157
159
161
166
167
169
170
175
176
177
179
190
192
193
194
204
205
206
207
208
209
218
224
225
227
229
232
234
235
236
238
241
242
243
245
250
251
252
254
255
259
260
263
265
266
268
269
271
273
274
276
278
280
288
289
290
293
294
296
301
302
306
308
309
311
312
313
315
316
317
318
321
324
326
328
329
330
331
334
335
336
337
342
346
347
348
349
350
351
353
354
355
359
361
362
364
365
366
367
370
377
381
386
387
388
392
394
395
400
403
406
409
410
411
413
418
419
420
421
422
423
424
425
426
429
430
434
435
437
445
447
451
454
455
460
462
464
465
466
470
471
472
475
477
478
479
481
482
483
484
487
488
489
490
491
492
493
495
497
498
499
500
501
502
506
508
513
514
515
517
520
524
534
536
541
542
543
544
545
546
549
550
552
553
555
556
560
561
566
568
571
574
575
584
589
590
591
592
594
595
596
601
604
605
607
609
610
611
613
614
617
618
620
622
623
624
625
626
627
628
629
631
632
633
634
637
638
639
642
645
646
648
650
651
654
656
657
658
659
665
667
669
670
671
674
675
677
680
681
682
683
684
685
686
688
689
691
692
693
694
695
696
698
699
701
705
707
708
709
710
714
715
716
718
727
728
729
730
731
732
734
736
739
740
741
743
745
747
748
750
751
753
757
758
761
762
763
765
766
767
769
770
773
774
776
777
779
782
783
785
786
787
788
791
792
794
796
797
799
803
804
805
807
808
811
812
815
818
819
820
821
824
836
838
839
840
844
846
848
850
853
854
856
857
858
863
864
865
866
868
869
871
873
875
876
877
879
884
885
886
889
893
894
895
897
901
902
903
905
910
912
913
914
915
917
919
923
929
934
936
937
938
942
943
945
949
950
951
954
956
958
960
965
966
968
971
972
973
974
977
980
982
983
984
986
988
989
990
994
997
998
1000
1007
1008
1013
1014
1015
1016
1018
1019
1020
1023
1026
1029
1032
1037
1041
1042
1047
1050
1051
1052
1053
1055
1056
1057
1059
1061
1063
1064
1066
1071
1074
1075
1081
1086
1087
1088
1089
1091
1092
1093
1095
1096
1099
1100
1102
1104
1105
1110
1111
1113
1116
1118
1119
1121
1122
1124
1126
1127
1128
1132
1133
1137
1138
1139
1142
1143
1144
1146
1147
1149
1154
1156
1160
1161
1164
1166
1168
1169
1171
1174
1175
1178
1181
1182
1183
1185
1186
1188
1191
1194
1195
1197
1199
1200
1201
1202
1203
1205
1208
1209
1210
1213
1215
1217
1218
1220
1222
1225
1227
1228
1229
1231
1234
1235
1236
1237
1238
1240
1242
1249
1251
1252
1254
1255
1258
1259
1264
1268
1269
1273
1274
1275
1278
1279
1284
1285
1286
1287
1288
1289
1300
1301
1302
1307
1314
1315
1318
1320
1322
1323
1325
1328
1329
1332
1333
1334
1335
1337
1340
1343
1344
1345
1346
1351
1353
1354
1355
1357
1358
1360
1363
1364
1365
1368
1369
1370
1375
1376
1377
1378
1381
1383
1389
1391
1398
1400
1404
1406
1408
1409
1410
1412
1413
1414
1417
1419
1420
1422
1424
1426
1429
1430
1438
1439
1440
1444
1447
1448
1449
1451
1452
1454
1456
1457
1458
1459
1460
1461
1462
1464
1465
1467
1469
1474
1475
1476
1479
1482
1485
1487
1489
1491
1494
1496
1498
1501
1502
1503
1510
1511
1515
1516
1518
1520
1521
1522
1525
1530
1532
1534
1537
1538
1539
1542
1543
1547
1548
1549
1550
1552
1555
1557
1558
1559
1563
1566
1567
1571
1572
1575
1577
1579
1580
1583
1587
1588
1590
1592
1594
1600
1605
1608
1610
1611
1615
1616
1618
1619
1620
1621
1622
1623
1624
1626
1628
1639
1640
1644
1645
1646
1648
1649
1650
1651
1653
1654
1660
1662
1663
1664
1665
1666
1667
1668
1673
1674
1677
1678
1680
1681
1682
1684
1686
1689
1690
1691
1693
1694
1695
1696
1697
1698
1699
1701
1703
1707
1712
1718
1719
1721
1724
1727
1730
1732
1733
1734
1737
1738
1739
1741
1742
1744
1748
1750
1753
1754
1756
1757
1758
1761
1762
1763
1764
1765
1766
1769
1772
1773
1779
1780
1782
1783
1786
1791
1792
1793
1796
1798
1800
1803
1805
1808
1810
1811
1812
1820
1821
1825
1826
1831
1832
1833
1834
1838
1841
1842
1843
1844
1846
1847
1848
1852
1853
1854
1855
1856
1858
1865
1866
1867
1868
1870
1873
1876
1882
1884
1885
1886
1887
1888
1890
1891
1893
1894
1895
1897
1898
1900
1901
1902
1905
1907
1910
1913
1918
1919
1922
1928
1929
1930
1931
1933
1935
1942
1943
1945
1947
1948
1950
1951
1953
1954
1956
1958
1960
1961
1963
1964
1966
1969
1972
1973
1976
1977
1978
1980
1981
1983
1984
1985
1991
1993
1995
1997
1998
2000
2001
2002
2003
2004
2005
2008
2009
2010
2011
2012
2014
2015
2016
2017
2018
2019
2020
2021
2022
2023
2024
2025
2026
2027
2028
2029
2030
2031
2032
2033
2035
2036
2037
2038
2039
2040
2041
2042
2043
2044
2045
2046
2048
2049
2050
2051
2052
2053
2054
2056
2057
2058
2059
2060
2061
2062
2063
2064
2065
2066
2067
2068
2069
2070
2071
2072
2073
2074
2075
2076
2077
2078
2079
2080
2081
2082
2083
2084
