0
1
2
3
4
5
6
7
9
10
11
12
13
14
17
18
19
20
22
23
24
25
26
27
28
29
30
31
32
33
34
35
37
38
39
40
42
43
44
45
48
49
50
51
53
54
57
58
59
60
61
63
64
66
67
68
69
70
72
73
74
75
76
77
79
80
81
82
83
86
87
88
89
90
91
93
96
98
101
104
105
106
107
108
109
111
112
113
114
115
117
119
120
123
124
125
126
127
128
129
130
131
132
133
134
135
137
138
141
142
143
144
145
147
148
149
150
152
153
154
155
157
159
160
161
162
163
165
166
167
169
170
171
172
173
174
175
176
177
179
180
181
184
186
187
188
189
190
191
192
194
195
196
198
199
201
204
205
207
208
209
210
211
213
214
215
216
217
218
220
222
223
224
226
227
228
229
231
232
233
235
236
237
238
239
240
242
243
244
245
247
249
250
251
252
253
256
257
259
260
262
263
264
265
266
267
268
270
271
273
275
276
277
281
283
284
285
287
288
290
291
292
293
294
296
297
299
300
301
303
304
305
306
308
310
311
312
313
317
318
320
321
323
325
326
327
328
330
331
332
333
334
336
338
339
340
341
342
346
348
349
351
352
353
355
356
357
358
359
360
361
363
364
365
367
368
369
371
372
373
374
375
376
377
378
379
380
381
383
384
385
387
388
389
390
393
394
395
396
398
399
400
404
405
406
407
409
411
414
415
416
417
418
419
420
421
422
423
424
425
426
427
428
429
430
432
433
434
435
436
437
438
439
441
443
444
445
446
447
448
449
450
452
453
455
456
457
458
461
463
464
465
466
469
470
471
472
473
474
475
477
478
479
480
481
482
483
485
486
487
488
489
491
493
494
495
496
500
502
503
505
506
507
511
513
515
516
517
518
519
520
523
524
525
526
527
528
529
530
532
533
534
535
538
539
541
543
544
545
546
547
548
550
552
553
554
555
556
557
558
559
560
561
562
563
565
567
568
570
571
572
573
575
578
579
580
581
582
583
584
585
587
588
589
590
591
593
595
596
597
598
601
602
603
604
607
608
610
611
613
618
621
623
624
625
626
628
629
632
633
634
636
638
641
643
644
646
647
648
650
651
652
653
654
655
656
657
658
659
661
663
664
665
666
667
668
669
670
671
672
673
674
675
676
677
678
680
681
682
683
684
685
689
690
691
692
693
698
700
701
702
703
705
706
709
710
711
712
713
714
715
717
718
721
724
725
726
727
728
729
730
731
732
733
734
735
736
738
739
743
744
745
748
749
750
751
752
753
754
755
757
758
760
761
762
763
765
767
769
770
771
772
773
774
775
776
777
778
779
780
782
783
784
785
786
787
788
789
790
791
792
793
796
797
799
801
802
803
804
805
807
808
810
811
813
814
815
818
820
821
823
824
825
826
827
829
830
833
834
835
836
837
838
839
842
843
844
845
846
847
848
851
855
856
857
859
860
861
863
864
865
866
867
868
869
870
871
872
873
874
876
878
879
881
883
884
885
886
888
889
891
892
893
896
898
900
901
902
903
904
905
906
908
910
911
913
917
918
919
920
922
924
929
930
931
935
936
937
938
939
940
941
943
945
946
948
949
953
954
955
956
957
959
960
961
962
963
964
966
967
969
970
971
972
973
974
975
976
977
978
979
980
981
982
983
984
985
986
987
988
989
992
993
996
997
998
999
1000
1001
1003
1004
1006
1007
1008
1009
1011
1015
1016
1017
1018
1019
1020
1021
1022
1024
1025
1026
1027
1028
1030
1031
1032
1033
1034
1035
1037
1039
1040
1042
1044
1045
1047
1048
1049
1050
1051
1052
1053
1054
1055
1056
1057
1058
1059
1061
1064
1065
1066
1067
1068
1070
1071
1072
1073
1074
1076
1077
1078
1080
1081
1083
1084
1085
1087
1089
1090
1091
1092
1093
1094
1095
1096
1098
1099
1100
1101
1102
1103
1105
1106
1107
1109
1110
1111
1112
1113
1114
1115
1116
1117
1118
1119
1120
1121
1122
1123
1124
1125
1127
1128
1129
1130
1131
1132
1134
1135
1136
1137
1138
1139
1141
1142
1144
1145
1146
1147
1149
1150
1153
1157
1158
1160
1161
1162
1163
1164
1165
1166
1167
1168
1169
1170
1171
1172
1174
1175
1176
1177
1178
1179
1181
1182
1183
1184
1185
1186
1187
1190
1191
1192
1193
1194
1195
1197
1198
1199
1200
1201
1202
1203
1205
1206
1207
1208
1209
1210
1211
1212
1213
1215
1216
1217
1218
1219
1220
1223
1225
1226
1227
1228
1229
1231
1232
1233
1234
1236
1237
1239
1241
1242
1246
1247
1248
1251
1252
1254
1255
1258
1259
1261
1263
1264
1265
1266
1267
1268
1269
1270
1271
1272
1273
1274
1276
1278
1280
1281
1282
1283
1285
1286
1287
1288
1289
1291
1292
1296
1297
1298
1299
1300
1301
1303
1304
1305
1306
1307
1308
1309
1310
1311
1312
1313
1314
1315
1316
1317
1319
1320
1321
1323
1324
1326
1327
1328
1329
1330
1331
1332
1333
1334
1335
1337
1338
1339
1340
1341
1342
1343
1345
1346
1347
1349
1350
1351
1356
1357
1358
1359
1360
1361
1362
1365
1367
1368
1369
1370
1371
1372
1373
1375
1376
1377
1378
1380
1381
1382
1385
1388
1389
1391
1393
1395
1397
1398
1399
1400
1401
1403
1404
1405
1407
1408
1409
1411
1412
1413
1414
1415
1416
1417
1418
1419
1420
1421
1422
1423
1424
1426
1427
1429
1431
1432
1433
1434
1435
1437
1439
1440
1441
1443
1444
1445
1446
1447
1448
1449
1452
1453
1455
1456
1459
1460
1461
1462
1463
1464
1465
1466
1467
1468
1469
1470
1471
1472
1474
1475
1476
1477
1478
1479
1481
1482
1483
1485
1486
1487
1488
1490
1491
1492
1493
1496
1497
1499
1500
1501
1502
1503
1504
1505
1507
1508
1509
1510
1511
1512
1513
1514
1515
1516
1517
1518
1519
1520
1521
1522
1523
1524
1525
1526
1527
1528
1529
1530
1531
1532
1533
1534
1536
1538
1539
1540
1541
1542
1543
1544
1545
1547
1548
1549
1550
1551
1553
1554
1555
1556
1557
1558
1559
1560
1561
1562
1563
1564
1565
1566
1567
1570
1571
1573
1574
1575
1576
1577
1579
1580
1581
1582
1584
1585
1586
1588
1591
1592
1593
1594
1595
1596
1597
1599
1600
1601
1602
1604
1606
1607
1608
1609
1610
1612
1614
1615
1616
1618
1619
1620
1621
1622
1623
1624
1626
1627
1628
1629
1630
1632
1633
1634
1635
1636
1637
1639
1640
1641
1642
1643
1645
1646
1647
1648
1649
1650
1651
1652
1654
1655
1656
1657
1658
1659
1662
1664
1666
1667
1668
1669
1670
1673
1674
1676
1677
1680
1681
1683
1685
1686
1687
1688
1689
1690
1691
1693
1694
1695
1697
1699
1700
1701
1702
1703
1704
1705
1706
1707
1709
1710
1711
1713
1714
1715
1717
1719
1722
1724
1725
1727
1731
1733
1735
1736
1737
1738
1739
1740
1743
1744
1745
1746
1748
1749
1751
1752
1753
1754
1755
1760
1765
1766
1768
1769
1770
1772
1773
1774
1775
1776
1778
1779
1783
1784
1785
1786
1787
1788
1789
1790
1791
1792
1793
1795
1796
1797
1798
1799
1800
1802
1803
1805
1807
1808
1809
1813
1814
1816
1817
1818
1819
1821
1823
1824
1826
1827
1828
1829
1833
1834
1835
1837
1838
1839
1840
1841
1842
1843
1844
1845
1847
1848
1849
1851
1852
1855
1856
1857
1858
1859
1860
1861
1862
1863
1864
1867
1869
1870
1871
1873
1876
1877
1879
1881
1882
1883
1884
1886
1887
1889
1890
1893
1894
1896
1897
1898
1899
1900
1901
1903
1904
1905
1906
1907
1909
1910
1912
1913
1914
1915
1916
1917
1919
1920
1922
1923
1924
1925
1927
1930
1931
1933
1934
1935
1936
1937
1938
1939
1940
1941
1942
1945
1947
1948
1950
1954
1955
1956
1958
1959
1960
1961
1962
1964
1967
1968
1969
1972
1973
1974
1976
1977
1978
1980
1981
1984
1985
1987
1988
1991
1992
1995
1997
1998
2000
2003
2004
2005
2007
2008
2009
2010
2011
2012
2013
2014
2015
2017
2018
2019
2020
2021
2022
2023
2024
2026
2027
2029
2032
2033
2034
2035
2036
2038
2039
2040
2041
2042
2043
2044
2045
2046
2047
2048
2049
2050
2051
2052
2053
2055
2056
2057
2058
2059
2061
2062
2064
2065
2066
2067
2068
2069
2070
2071
2072
2073
2074
2075
2076
2077
2078
2079
2080
2081
2082
2083
2084
