1
2
3
5
7
11
14
15
16
18
19
24
28
29
30
31
33
35
38
40
41
43
44
45
46
48
52
54
55
56
57
58
60
62
64
65
68
70
73
75
76
79
81
83
84
85
88
91
95
97
98
99
100
102
104
106
107
109
113
114
120
123
124
126
130
132
133
135
137
138
142
144
146
147
148
150
152
153
157
161
163
165
167
168
170
172
179
180
183
184
186
195
196
198
200
203
211
223
225
229
230
232
234
236
238
239
241
243
244
245
246
248
249
251
252
254
256
257
258
264
265
268
269
272
273
275
276
277
278
281
282
285
286
289
290
292
294
296
297
298
299
301
307
308
309
310
312
313
317
318
319
323
324
327
329
331
332
333
336
337
338
341
344
345
346
348
350
351
353
354
357
358
361
362
364
366
367
368
369
371
374
375
377
381
382
386
395
397
399
401
403
406
409
413
414
417
418
420
422
424
426
428
432
434
435
437
438
443
446
450
452
455
456
460
461
462
465
466
469
470
473
475
478
479
480
481
486
489
491
492
495
496
498
500
501
502
505
506
507
510
515
519
521
522
524
525
526
529
531
535
536
537
543
549
551
552
553
554
555
556
560
568
569
572
574
577
578
579
580
581
583
585
588
590
591
592
593
594
595
600
603
605
607
610
612
613
615
616
617
619
621
623
624
629
631
636
638
639
641
643
646
649
650
651
655
657
658
659
660
662
663
664
665
667
669
670
671
672
673
675
676
677
678
679
680
682
683
684
685
691
694
697
699
700
701
703
704
705
706
708
711
712
713
714
716
719
720
721
723
724
725
727
730
732
733
734
737
738
739
742
743
744
747
749
750
753
760
762
763
767
773
774
775
778
779
782
783
784
787
789
794
796
807
808
810
811
812
813
814
815
818
819
823
825
828
829
831
837
839
844
845
847
848
851
852
853
854
857
858
860
862
863
864
866
867
868
870
871
872
875
876
877
878
880
881
884
885
886
887
888
889
890
892
894
895
897
899
900
901
902
905
906
917
918
919
920
923
924
925
927
928
934
935
936
937
938
939
940
941
942
943
945
947
948
951
952
953
954
956
957
959
960
963
964
965
966
969
970
973
974
975
976
979
980
982
983
985
987
989
994
997
998
1003
1006
1007
1008
1009
1012
1013
1016
1018
1020
1022
1023
1024
1027
1028
1029
1031
1034
1036
1037
1038
1039
1040
1045
1047
1048
1049
1051
1052
1053
1058
1059
1060
1061
1062
1063
1064
1065
1066
1067
1068
1069
1071
1072
1076
1079
1080
1081
1089
1090
1092
1093
1094
1096
1097
1100
1104
1105
1110
1111
1112
1115
1120
1121
1124
1126
1131
1132
1133
1134
1139
1144
1145
1146
1154
1155
1156
1157
1161
1163
1164
1165
1166
1167
1168
1169
1170
1172
1173
1177
1179
1180
1181
1182
1183
1193
1194
1195
1196
1199
1201
1202
1205
1206
1208
1211
1212
1214
1216
1223
1225
1228
1231
1234
1238
1244
1250
1252
1254
1255
1258
1259
1260
1261
1262
1263
1264
1265
1267
1270
1271
1272
1275
1276
1280
1282
1283
1284
1289
1290
1292
1293
1294
1296
1300
1301
1303
1305
1306
1307
1308
1309
1310
1315
1316
1317
1320
1322
1323
1324
1325
1326
1327
1328
1330
1331
1333
1334
1335
1338
1339
1340
1341
1342
1343
1345
1352
1354
1355
1356
1362
1363
1367
1368
1369
1370
1373
1375
1378
1380
1381
1383
1385
1391
1392
1394
1395
1396
1397
1398
1399
1400
1405
1407
1408
1411
1413
1414
1420
1422
1423
1424
1427
1429
1434
1438
1439
1443
1444
1447
1450
1452
1454
1456
1458
1459
1461
1469
1470
1471
1472
1473
1475
1476
1477
1480
1482
1484
1490
1491
1493
1495
1496
1499
1501
1502
1504
1505
1506
1508
1511
1515
1516
1517
1518
1520
1521
1522
1523
1524
1525
1529
1531
1532
1534
1536
1537
1539
1540
1542
1547
1548
1549
1550
1551
1554
1556
1560
1561
1563
1564
1567
1570
1571
1574
1578
1579
1580
1582
1585
1587
1588
1589
1591
1592
1593
1594
1595
1598
1601
1602
1603
1607
1608
1612
1613
1615
1618
1624
1633
1634
1635
1636
1642
1643
1645
1646
1647
1650
1651
1653
1654
1656
1663
1664
1667
1672
1673
1674
1675
1676
1677
1685
1689
1699
1701
1702
1704
1706
1707
1708
1715
1720
1721
1723
1725
1726
1727
1731
1732
1736
1737
1738
1740
1741
1742
1743
1746
1747
1749
1750
1752
1754
1759
1760
1765
1766
1769
1770
1771
1772
1774
1777
1778
1779
1780
1781
1784
1788
1790
1791
1794
1795
1798
1800
1801
1802
1806
1807
1808
1811
1812
1814
1816
1817
1819
1820
1822
1823
1824
1825
1826
1827
1828
1829
1830
1831
1834
1835
1836
1837
1838
1839
1841
1843
1844
1848
1853
1860
1861
1864
1866
1868
1875
1879
1880
1881
1885
1887
1888
1890
1894
1895
1898
1900
1901
1902
1904
1905
1906
1908
1913
1914
1921
1923
1926
1927
1930
1931
1933
1934
1939
1941
1942
1943
1945
1948
1951
1953
1954
1955
1956
1959
1961
1964
1967
1969
1970
1973
1975
1976
1981
1982
1985
1986
1987
1995
1997
2000
2003
2004
2005
2006
2007
2008
2009
2011
2012
2013
2014
2015
2016
2017
2018
2019
2020
2021
2022
2023
2024
2025
2026
2027
2028
2030
2032
2033
2034
2035
2036
2037
2038
2039
2041
2043
2044
2045
2046
2047
2048
2049
2050
2051
2052
2054
2055
2056
2057
2058
2061
2062
2064
2065
2066
2067
2068
2069
2070
2071
2072
2073
2074
2075
2076
2077
2078
2079
2081
2083
2084
