6
8
12
18
29
38
39
40
53
60
68
75
77
79
83
84
87
94
97
100
103
104
106
114
126
127
138
144
153
162
166
167
169
176
177
180
181
184
186
187
192
196
197
201
205
206
215
229
242
243
247
251
253
256
265
268
274
275
276
278
279
284
287
288
292
296
304
309
310
313
314
324
327
331
335
336
340
341
348
350
363
366
367
385
387
388
389
395
396
401
412
428
430
433
436
440
441
443
445
452
456
461
470
482
486
488
490
491
499
512
515
519
537
538
547
555
558
561
564
568
569
575
579
581
584
598
613
631
632
646
647
648
656
659
665
670
671
679
685
687
689
694
696
701
714
715
722
724
728
731
732
733
746
747
748
750
752
766
768
778
782
783
790
808
811
826
829
835
838
840
843
848
851
854
864
865
866
868
869
878
880
882
883
885
886
887
896
900
902
917
921
922
927
930
936
939
940
945
954
959
962
967
969
973
982
983
988
993
999
1001
1005
1007
1008
1012
1017
1019
1024
1029
1031
1037
1041
1044
1048
1051
1052
1056
1058
1061
1064
1066
1069
1070
1082
1088
1089
1091
1094
1096
1100
1102
1110
1116
1122
1128
1135
1139
1140
1143
1146
1149
1160
1161
1163
1166
1168
1177
1181
1183
1185
1187
1194
1198
1199
1210
1212
1216
1218
1222
1228
1244
1248
1249
1256
1259
1262
1263
1265
1272
1277
1286
1289
1290
1294
1300
1301
1304
1305
1306
1307
1308
1313
1328
1334
1343
1345
1351
1354
1355
1357
1358
1366
1369
1376
1383
1384
1395
1405
1408
1421
1427
1429
1436
1439
1441
1442
1443
1446
1447
1448
1455
1457
1463
1465
1474
1475
1477
1488
1489
1501
1510
1511
1514
1515
1516
1518
1524
1526
1537
1540
1543
1544
1551
1553
1555
1556
1560
1561
1564
1569
1572
1578
1588
1591
1593
1594
1610
1612
1615
1616
1620
1621
1623
1624
1626
1631
1642
1651
1656
1661
1663
1664
1669
1670
1674
1677
1680
1682
1683
1686
1688
1691
1693
1697
1700
1703
1708
1710
1712
1713
1715
1720
1724
1726
1730
1731
1734
1736
1737
1740
1747
1748
1750
1751
1760
1762
1764
1782
1784
1791
1800
1803
1806
1807
1808
1818
1824
1826
1829
1832
1834
1843
1847
1860
1865
1866
1867
1868
1871
1872
1881
1882
1889
1897
1900
1902
1905
1907
1911
1916
1918
1925
1944
1947
1953
1956
1960
1962
1966
1967
1970
1972
1975
1977
1981
1982
1990
1991
1992
1998
2000
2001
2002
2003
2004
2005
2006
2007
2008
2009
2010
2011
2012
2014
2016
2017
2018
2019
2020
2021
2022
2023
2024
2025
2026
2027
2028
2030
2033
2035
2036
2038
2039
2041
2043
2044
2045
2046
2047
2048
2049
2052
2054
2056
2057
2058
2062
2063
2064
2067
2068
2070
2071
2072
2073
2074
2075
2076
2081
2082
2083
2084
