15
29
47
54
63
79
107
113
114
128
137
145
202
220
225
233
262
264
279
299
312
331
333
342
344
345
347
358
376
387
388
396
398
411
413
415
416
420
423
452
481
487
494
502
541
560
569
570
604
615
634
635
644
656
663
676
678
681
682
688
693
699
723
743
751
766
773
790
794
796
799
808
820
832
834
860
871
878
881
886
916
920
939
961
964
971
982
991
1001
1005
1011
1019
1027
1058
1077
1081
1091
1092
1094
1100
1109
1113
1121
1125
1133
1140
1166
1178
1210
1214
1231
1242
1246
1261
1269
1286
1304
1311
1331
1367
1377
1385
1394
1406
1410
1414
1421
1475
1483
1494
1495
1496
1501
1507
1511
1514
1529
1556
1565
1578
1579
1610
1626
1636
1640
1642
1666
1667
1681
1693
1700
1705
1716
1740
1779
1822
1855
1864
1869
1873
1880
1882
1887
1897
1898
1919
1934
1935
1938
1940
1943
1945
1951
1962
1964
1978
1982
2005
2010
2011
2012
2014
2015
2016
2019
2022
2024
2025
2031
2033
2036
2041
2043
2045
2047
2048
2051
2052
2058
2061
2065
2069
2071
2074
2075
2077
2078
2084
