2
5
47
55
58
61
74
90
91
109
110
128
158
160
170
173
194
200
215
233
235
241
256
260
278
297
330
336
341
346
348
350
353
368
411
422
428
449
456
489
512
527
535
542
543
547
567
574
603
604
605
611
627
631
646
659
663
679
680
691
709
714
715
722
723
743
745
746
752
774
787
792
801
804
812
813
828
832
839
843
850
851
882
884
885
894
895
902
908
915
924
937
941
944
954
964
976
982
994
1003
1007
1012
1018
1024
1060
1068
1081
1109
1110
1132
1140
1199
1203
1212
1213
1215
1223
1228
1231
1237
1242
1280
1286
1289
1294
1295
1308
1337
1353
1370
1375
1391
1399
1452
1471
1475
1477
1480
1482
1494
1505
1515
1531
1540
1543
1603
1642
1648
1659
1662
1663
1677
1686
1699
1715
1720
1741
1746
1750
1759
1761
1762
1765
1767
1778
1811
1850
1864
1867
1900
1905
1907
1936
1940
1959
1964
1975
1998
2002
2004
2007
2011
2014
2016
2017
2019
2023
2024
2030
2034
2035
2038
2039
2040
2042
2047
2049
2050
2057
2059
2063
2064
2065
2068
2069
2072
2073
2076
