4
5
11
13
16
18
19
23
24
28
29
35
40
48
56
63
66
71
73
77
80
92
102
107
113
115
117
121
122
135
138
147
150
151
172
175
178
180
194
196
198
202
204
207
219
220
222
224
225
226
243
244
245
248
249
253
254
260
262
267
274
275
277
279
283
284
286
288
300
301
308
318
330
331
334
336
345
346
347
351
360
366
367
370
374
377
379
386
387
395
400
405
407
420
421
422
430
434
462
463
472
480
481
491
505
506
508
510
512
515
518
520
527
530
533
534
541
542
545
547
548
553
564
565
571
574
580
583
585
589
590
594
598
622
628
642
643
645
656
662
669
670
671
674
685
688
693
695
701
702
703
705
719
723
730
731
732
733
740
743
745
746
747
752
753
756
759
761
771
775
777
778
779
780
782
784
788
792
801
804
814
834
835
836
840
842
850
851
858
865
873
876
878
884
887
897
902
903
905
918
923
927
933
934
936
938
947
948
963
975
976
984
985
994
997
999
1001
1005
1006
1008
1013
1016
1019
1021
1028
1032
1034
1043
1045
1049
1089
1091
1098
1099
1101
1104
1109
1118
1122
1126
1127
1128
1129
1134
1135
1138
1142
1146
1148
1155
1158
1167
1169
1171
1177
1178
1181
1185
1186
1195
1196
1197
1199
1200
1202
1205
1208
1212
1213
1220
1228
1231
1232
1237
1238
1239
1242
1249
1250
1254
1255
1260
1261
1266
1271
1272
1276
1282
1284
1285
1295
1298
1299
1304
1306
1309
1321
1322
1336
1339
1340
1343
1345
1352
1354
1360
1366
1369
1370
1372
1378
1392
1397
1399
1404
1410
1411
1414
1425
1427
1434
1444
1446
1453
1454
1456
1471
1474
1475
1477
1480
1485
1489
1490
1491
1494
1496
1508
1511
1516
1518
1522
1529
1538
1544
1546
1548
1553
1555
1567
1573
1574
1578
1581
1582
1583
1590
1591
1599
1600
1610
1612
1619
1620
1622
1633
1634
1636
1639
1640
1650
1655
1656
1664
1668
1669
1677
1678
1680
1685
1688
1691
1693
1703
1711
1726
1728
1730
1731
1737
1738
1740
1744
1746
1749
1750
1764
1768
1777
1779
1781
1783
1787
1789
1790
1796
1804
1806
1808
1811
1814
1819
1827
1828
1833
1835
1839
1843
1847
1852
1853
1856
1861
1862
1866
1867
1868
1871
1876
1880
1881
1882
1883
1885
1887
1888
1900
1903
1917
1918
1919
1920
1929
1934
1939
1955
1959
1969
1972
1973
1974
1979
1988
1991
1998
2000
2001
2002
2003
2004
2005
2007
2008
2009
2010
2012
2013
2014
2015
2017
2018
2019
2020
2021
2022
2023
2024
2025
2026
2027
2028
2030
2031
2034
2035
2037
2038
2040
2041
2042
2043
2044
2045
2046
2047
2048
2049
2050
2051
2052
2054
2056
2058
2061
2062
2063
2065
2066
2068
2069
2070
2071
2072
2074
2076
2077
2078
2079
2080
2081
2084
