2
11
13
15
25
35
38
45
80
97
101
103
106
111
120
123
150
170
180
225
257
260
288
294
331
350
384
397
399
411
418
429
454
468
484
489
500
574
594
603
604
660
678
715
720
723
746
752
759
783
787
792
794
797
820
821
828
878
891
899
902
918
928
954
957
980
982
986
994
1013
1020
1064
1065
1079
1110
1131
1132
1190
1194
1217
1220
1230
1232
1235
1254
1268
1273
1298
1321
1328
1335
1338
1343
1375
1429
1461
1477
1493
1518
1546
1551
1571
1589
1605
1611
1616
1625
1655
1688
1705
1719
1730
1752
1765
1770
1786
1824
1841
1855
1867
1871
1885
1886
1895
1905
1924
1970
1974
1979
1996
2000
2001
2002
2003
2004
2005
2007
2009
2010
2011
2012
2013
2014
2015
2016
2017
2018
2019
2020
2021
2022
2023
2025
2026
2027
2028
2029
2030
2031
2032
2033
2035
2036
2037
2038
2039
2040
2041
2042
2043
2044
2045
2046
2047
2048
2049
2050
2051
2052
2053
2054
2056
2057
2059
2060
2061
2062
2063
2064
2065
2067
2068
2069
2070
2071
2072
2073
2074
2075
2076
2077
2078
2079
2080
2081
2082
2083
2084
