0
1
2
6
10
11
13
15
16
17
18
19
23
28
33
35
37
38
39
41
44
46
48
49
54
55
59
60
62
63
64
68
71
72
74
78
82
83
84
86
87
89
90
93
94
95
98
99
100
103
104
106
108
109
110
111
114
116
118
119
120
121
122
124
125
126
127
131
132
135
138
144
147
149
150
151
152
153
154
156
157
158
161
163
164
166
170
175
177
180
183
188
189
190
204
206
207
208
209
213
217
218
222
223
224
225
226
227
228
229
230
231
235
237
242
243
245
247
251
252
253
255
257
258
259
262
264
265
267
268
269
270
271
272
274
275
276
277
283
284
285
287
288
289
291
294
295
296
297
303
306
309
311
312
315
316
321
324
325
328
331
335
336
341
342
346
347
348
349
350
351
352
353
354
355
356
358
359
360
361
364
368
371
372
373
375
378
379
382
383
384
385
386
387
388
389
393
394
395
396
401
409
413
414
415
416
417
419
420
421
422
423
424
425
428
429
430
433
434
435
436
437
438
439
442
443
444
445
448
450
453
454
456
458
463
464
465
466
471
472
476
477
479
481
485
487
488
490
491
493
494
495
497
499
500
502
510
512
513
517
518
519
520
521
524
525
531
534
535
543
546
547
549
551
552
555
557
559
560
563
564
567
568
569
573
574
577
579
580
582
583
585
586
590
591
593
594
596
599
600
601
605
607
609
610
614
618
619
622
624
625
629
632
633
634
638
641
643
644
650
656
657
658
659
661
666
667
670
671
673
674
675
676
678
681
686
687
690
693
695
698
701
703
707
710
711
712
715
717
720
722
723
724
728
729
732
733
734
738
740
746
747
748
750
752
754
757
759
766
768
772
774
775
778
779
781
782
783
784
785
787
790
791
792
794
797
800
801
802
807
808
809
812
813
815
817
818
820
821
823
825
826
832
835
837
839
840
845
851
852
853
856
857
858
862
863
864
866
867
869
873
874
877
878
883
885
887
888
893
894
895
896
897
898
901
902
908
909
910
911
915
917
918
919
926
928
929
936
937
939
940
941
943
945
947
948
951
954
956
957
959
960
964
965
966
967
968
972
973
974
975
976
977
979
980
984
986
987
988
991
992
994
997
998
1000
1001
1006
1007
1008
1011
1013
1014
1020
1021
1022
1023
1024
1028
1029
1030
1034
1039
1040
1041
1044
1047
1050
1052
1053
1054
1058
1059
1060
1061
1064
1066
1072
1073
1074
1076
1079
1081
1083
1088
1089
1095
1098
1099
1102
1103
1105
1106
1109
1110
1111
1113
1115
1120
1122
1124
1126
1132
1133
1134
1136
1137
1138
1140
1142
1143
1145
1146
1148
1149
1154
1156
1159
1163
1167
1169
1170
1176
1177
1179
1180
1181
1182
1183
1184
1185
1186
1187
1191
1194
1197
1198
1201
1204
1208
1213
1215
1218
1219
1220
1222
1224
1226
1227
1228
1229
1230
1240
1242
1244
1249
1252
1254
1256
1257
1258
1259
1260
1264
1265
1266
1267
1268
1269
1270
1272
1273
1274
1278
1279
1280
1282
1283
1284
1285
1288
1289
1293
1296
1298
1299
1301
1302
1303
1304
1305
1306
1307
1308
1309
1312
1313
1316
1317
1318
1322
1323
1328
1331
1333
1334
1337
1340
1341
1343
1345
1349
1350
1355
1356
1357
1360
1362
1365
1369
1370
1372
1373
1374
1378
1381
1388
1394
1396
1397
1398
1401
1402
1406
1407
1410
1414
1415
1418
1421
1422
1423
1424
1425
1426
1427
1429
1431
1432
1436
1439
1441
1444
1447
1448
1449
1450
1452
1454
1456
1457
1458
1460
1461
1463
1464
1469
1470
1475
1479
1480
1482
1483
1485
1487
1488
1489
1490
1492
1494
1496
1498
1499
1500
1502
1503
1504
1505
1506
1511
1516
1519
1520
1521
1522
1527
1528
1529
1533
1535
1537
1539
1540
1543
1546
1548
1549
1551
1552
1554
1557
1560
1563
1564
1567
1568
1572
1574
1575
1576
1579
1580
1582
1585
1586
1594
1595
1599
1606
1608
1617
1618
1619
1620
1621
1622
1623
1624
1625
1628
1630
1632
1634
1635
1636
1637
1639
1647
1649
1650
1654
1656
1660
1661
1663
1665
1667
1670
1671
1672
1674
1676
1677
1680
1681
1682
1683
1685
1688
1689
1693
1695
1696
1699
1700
1701
1702
1703
1704
1705
1709
1712
1713
1714
1716
1717
1718
1719
1723
1726
1727
1728
1730
1731
1733
1735
1736
1737
1738
1740
1741
1743
1745
1746
1747
1749
1753
1757
1761
1762
1763
1765
1766
1767
1768
1770
1771
1772
1774
1775
1778
1780
1784
1785
1787
1790
1792
1794
1795
1796
1797
1798
1801
1803
1806
1810
1811
1812
1815
1819
1822
1825
1826
1827
1833
1834
1837
1839
1840
1843
1846
1847
1848
1851
1852
1853
1855
1858
1861
1862
1864
1865
1866
1867
1868
1869
1872
1878
1880
1881
1885
1886
1887
1888
1889
1894
1895
1896
1898
1900
1901
1904
1906
1907
1910
1911
1916
1917
1918
1921
1922
1923
1925
1926
1927
1930
1933
1934
1935
1936
1938
1939
1943
1945
1948
1950
1951
1952
1953
1954
1956
1957
1958
1961
1962
1967
1969
1970
1973
1974
1976
1977
1978
1979
1980
1981
1982
1984
1987
1988
1990
1991
1994
1998
2000
2002
2003
2004
2005
2006
2007
2008
2009
2011
2012
2014
2015
2016
2017
2018
2019
2021
2022
2023
2024
2025
2026
2027
2028
2029
2030
2031
2032
2033
2035
2036
2038
2039
2042
2043
2044
2045
2046
2047
2048
2049
2050
2051
2052
2053
2055
2057
2058
2059
2060
2062
2063
2067
2069
2070
2071
2072
2073
2075
2076
2077
2078
2079
2080
2081
2082
2083
2084
