2
10
11
13
15
18
19
22
24
25
34
35
38
45
46
48
54
62
66
69
77
79
80
86
91
94
97
101
102
104
106
108
116
118
120
125
129
130
139
143
156
157
163
166
173
174
180
181
193
195
197
200
205
208
212
218
225
227
229
247
254
257
259
260
266
268
269
277
284
287
296
300
301
324
325
328
329
331
334
336
339
340
343
347
348
350
351
354
355
361
368
379
381
384
389
392
395
396
399
400
408
414
418
420
422
429
430
437
439
454
468
471
476
482
483
485
486
487
488
489
496
497
500
513
516
525
529
541
542
552
555
560
564
569
574
578
579
580
581
584
594
603
604
607
611
612
619
625
626
630
632
641
646
652
655
660
679
682
694
698
699
701
708
715
720
723
733
746
747
748
751
752
753
756
759
760
762
773
779
780
781
783
784
785
787
789
792
797
802
803
820
821
823
828
837
838
842
848
850
851
868
869
875
880
888
889
891
901
902
912
915
923
928
934
935
945
946
947
950
968
974
982
994
1001
1016
1024
1028
1030
1032
1033
1039
1046
1051
1054
1060
1061
1062
1065
1070
1080
1083
1089
1090
1093
1101
1102
1103
1104
1110
1120
1124
1128
1132
1138
1141
1143
1147
1161
1162
1166
1169
1176
1177
1185
1188
1190
1201
1203
1210
1212
1216
1217
1220
1221
1229
1230
1232
1236
1252
1255
1261
1262
1268
1273
1288
1290
1296
1298
1300
1301
1305
1307
1308
1309
1316
1317
1321
1335
1337
1343
1345
1352
1355
1360
1363
1370
1375
1391
1401
1403
1404
1405
1427
1432
1436
1442
1443
1444
1446
1448
1454
1455
1456
1457
1461
1466
1469
1477
1481
1483
1484
1487
1489
1491
1494
1495
1496
1499
1501
1508
1510
1520
1523
1533
1534
1535
1540
1544
1546
1548
1549
1550
1556
1559
1564
1567
1570
1571
1572
1575
1578
1583
1592
1594
1595
1596
1601
1606
1608
1610
1611
1618
1623
1625
1634
1636
1651
1653
1655
1656
1660
1663
1674
1675
1682
1686
1687
1693
1699
1700
1702
1708
1710
1719
1723
1728
1752
1764
1765
1766
1770
1777
1783
1786
1787
1789
1797
1804
1805
1821
1824
1825
1838
1845
1850
1852
1857
1866
1867
1870
1871
1877
1880
1884
1886
1888
1896
1897
1904
1905
1915
1921
1924
1937
1938
1945
1960
1962
1968
1970
1974
1979
1982
1991
1992
1994
2000
2001
2002
2003
2004
2008
2009
2011
2012
2013
2014
2015
2016
2017
2018
2019
2020
2021
2022
2023
2024
2025
2026
2027
2028
2029
2030
2031
2032
2033
2035
2036
2037
2038
2039
2040
2041
2042
2043
2044
2045
2047
2048
2049
2050
2051
2053
2054
2056
2057
2059
2060
2061
2062
2063
2064
2065
2067
2068
2069
2070
2071
2072
2073
2074
2075
2076
2077
2078
2079
2080
2081
2082
2083
2084
