4
14
35
38
56
68
69
70
77
93
109
113
120
149
151
164
170
225
236
243
265
269
288
293
301
319
324
325
329
336
346
348
353
355
366
369
400
430
434
435
450
470
491
519
547
555
570
580
603
607
609
626
631
632
639
642
665
670
674
698
715
728
739
743
746
747
761
781
783
838
864
869
885
896
902
947
967
968
974
1003
1005
1008
1020
1049
1061
1065
1068
1079
1103
1107
1117
1122
1140
1142
1149
1162
1169
1177
1197
1204
1212
1222
1223
1235
1236
1249
1252
1261
1274
1275
1323
1345
1429
1457
1475
1480
1482
1483
1491
1496
1516
1520
1577
1584
1587
1590
1606
1643
1660
1678
1680
1686
1688
1707
1708
1730
1741
1765
1772
1791
1796
1800
1855
1869
1882
1926
1945
1949
1960
1965
1976
2001
2002
2003
2005
2008
2009
2011
2012
2013
2014
2015
2016
2017
2018
2019
2020
2021
2022
2024
2025
2026
2028
2029
2030
2031
2032
2033
2035
2037
2039
2040
2041
2042
2044
2045
2048
2049
2052
2053
2054
2056
2057
2059
2060
2061
2062
2064
2065
2067
2068
2076
2078
2079
2080
2082
2083
2084
