8
13
14
15
18
25
30
41
42
44
46
65
70
76
80
99
100
106
108
116
117
119
125
126
135
138
154
156
160
163
164
166
167
172
175
177
179
194
196
197
213
218
226
233
234
236
243
245
246
251
257
260
261
270
272
275
276
280
284
288
301
306
308
323
326
332
334
336
341
345
348
350
354
363
364
368
376
377
388
389
395
397
399
404
405
406
407
409
414
416
420
431
432
435
437
443
445
448
464
469
480
484
489
494
499
500
509
514
523
524
529
532
533
537
539
546
548
553
559
560
564
573
579
580
585
594
595
598
605
611
613
619
625
627
635
636
638
640
655
663
665
678
680
682
685
688
689
695
699
709
713
721
723
724
727
728
730
743
745
746
749
752
754
755
756
760
761
778
782
783
795
801
804
807
810
820
821
823
830
831
834
835
836
837
840
843
845
852
854
858
868
872
874
876
878
879
883
886
890
892
894
896
899
902
903
908
909
913
915
918
926
930
934
941
947
959
966
971
980
982
986
990
993
994
996
1000
1003
1005
1006
1009
1011
1014
1032
1043
1047
1048
1051
1055
1057
1061
1062
1069
1070
1071
1076
1077
1079
1092
1096
1099
1103
1104
1106
1108
1109
1111
1128
1132
1133
1138
1140
1154
1159
1164
1171
1181
1182
1184
1188
1190
1194
1196
1197
1200
1202
1203
1205
1211
1220
1223
1233
1248
1257
1258
1262
1264
1267
1270
1275
1281
1284
1285
1286
1292
1295
1301
1304
1306
1312
1313
1319
1325
1330
1332
1334
1336
1349
1352
1354
1358
1370
1374
1377
1387
1393
1398
1400
1409
1411
1415
1419
1421
1427
1429
1432
1433
1435
1439
1443
1444
1446
1450
1454
1463
1464
1468
1469
1472
1474
1480
1481
1484
1494
1496
1500
1502
1505
1507
1514
1518
1521
1526
1529
1537
1548
1551
1557
1558
1567
1572
1581
1583
1587
1594
1597
1601
1606
1615
1619
1623
1624
1625
1631
1634
1636
1638
1644
1647
1660
1662
1664
1674
1678
1683
1686
1688
1691
1698
1701
1713
1714
1717
1718
1719
1731
1734
1736
1737
1741
1743
1744
1747
1754
1760
1761
1762
1767
1772
1774
1780
1788
1789
1791
1798
1812
1818
1822
1826
1834
1844
1847
1849
1852
1854
1855
1858
1859
1864
1865
1866
1875
1880
1889
1891
1894
1904
1907
1915
1919
1924
1926
1930
1936
1941
1942
1943
1945
1951
1953
1964
1969
1970
1974
1976
1978
1991
1992
1996
1998
2001
2002
2003
2004
2005
2007
2008
2010
2012
2013
2014
2015
2016
2017
2018
2019
2020
2021
2022
2024
2025
2026
2027
2028
2033
2035
2037
2038
2039
2040
2041
2042
2045
2046
2048
2049
2050
2052
2053
2054
2055
2057
2058
2059
2060
2061
2062
2064
2065
2067
2069
2070
2071
2073
2074
2076
2078
2079
2080
2082
2083
2084
