2
3
4
6
12
18
20
22
24
51
59
64
66
67
69
72
73
81
82
87
98
101
104
106
109
111
127
128
130
131
132
134
138
142
144
148
149
152
157
163
166
167
170
171
177
179
186
195
196
208
211
218
222
224
227
228
232
233
237
239
240
242
243
249
251
252
262
270
273
277
281
288
299
303
304
306
317
318
326
327
331
339
353
355
356
357
361
363
365
373
374
376
377
379
381
383
389
396
399
404
405
407
415
416
421
422
424
425
430
433
435
436
437
439
444
445
453
456
458
463
473
480
482
486
488
502
503
506
511
517
518
527
534
535
543
546
547
554
555
558
560
571
572
573
575
580
585
595
598
608
621
623
628
638
650
651
655
659
665
668
669
676
681
682
690
692
693
698
700
705
714
715
724
727
728
729
733
738
743
749
752
753
757
760
765
767
770
771
772
774
775
777
778
782
790
791
792
797
805
815
818
821
823
825
827
838
839
843
845
851
856
859
863
866
867
868
872
874
876
878
879
881
883
886
896
903
905
908
911
920
930
936
940
943
946
953
956
957
960
971
985
989
993
1000
1003
1007
1015
1052
1053
1054
1057
1059
1066
1068
1072
1073
1077
1080
1090
1093
1101
1120
1129
1139
1145
1150
1157
1172
1174
1175
1177
1178
1181
1201
1203
1207
1211
1215
1218
1223
1225
1228
1231
1242
1248
1252
1259
1264
1266
1267
1268
1270
1278
1280
1281
1282
1286
1287
1291
1292
1296
1300
1301
1304
1305
1306
1309
1323
1328
1329
1330
1331
1332
1340
1341
1342
1343
1365
1367
1370
1375
1376
1380
1397
1398
1400
1404
1409
1417
1418
1421
1426
1441
1444
1446
1449
1452
1459
1460
1461
1462
1465
1467
1469
1471
1472
1474
1475
1478
1481
1483
1485
1491
1492
1493
1496
1501
1502
1510
1511
1512
1514
1515
1525
1526
1528
1530
1536
1538
1541
1542
1543
1547
1548
1551
1553
1555
1557
1566
1581
1584
1585
1595
1600
1602
1614
1616
1618
1620
1622
1626
1635
1636
1637
1651
1658
1680
1683
1686
1693
1695
1697
1700
1705
1706
1715
1724
1731
1735
1736
1737
1740
1754
1755
1766
1768
1769
1772
1774
1775
1786
1793
1796
1803
1805
1808
1819
1826
1827
1829
1835
1839
1842
1844
1848
1849
1852
1857
1867
1870
1876
1879
1881
1882
1887
1898
1905
1910
1916
1917
1923
1933
1934
1938
1942
1945
1955
1956
1958
1961
1967
1969
1972
1973
1976
1980
1985
1991
1992
2000
2003
2004
2005
2008
2009
2010
2011
2012
2013
2015
2017
2018
2019
2021
2022
2023
2026
2035
2036
2039
2040
2041
2042
2044
2046
2047
2048
2050
2055
2056
2058
2059
2061
2062
2064
2065
2067
2068
2070
2071
2072
2073
2075
2076
2077
2078
2079
2080
2082
2083
2084
