46
56
81
97
100
102
106
114
116
136
137
157
169
201
209
217
243
260
265
269
301
336
346
389
394
399
420
421
439
445
462
464
468
471
474
484
487
495
526
528
541
568
580
581
591
596
605
623
644
676
681
693
720
729
733
760
761
772
783
785
786
787
788
797
800
809
831
836
843
902
933
947
949
952
962
994
1005
1008
1027
1039
1052
1103
1111
1134
1143
1146
1174
1180
1197
1212
1218
1225
1227
1255
1286
1288
1298
1301
1328
1344
1350
1357
1358
1370
1427
1431
1444
1448
1450
1458
1469
1475
1482
1489
1496
1501
1525
1532
1537
1547
1585
1603
1606
1611
1612
1658
1667
1668
1674
1680
1681
1685
1690
1705
1710
1716
1737
1741
1754
1764
1783
1790
1803
1831
1885
1895
1896
1897
1903
1961
1971
1981
1984
2000
2001
2002
2005
2007
2008
2009
2011
2012
2013
2014
2015
2018
2019
2020
2023
2024
2025
2026
2028
2029
2031
2032
2034
2035
2036
2037
2038
2040
2041
2042
2044
2045
2047
2048
2051
2052
2053
2055
2057
2058
2059
2060
2061
2065
2067
2068
2069
2070
2073
2075
2076
2078
2079
2082
