0
3
4
5
6
9
10
11
12
14
16
18
19
21
28
29
30
31
33
34
35
37
43
44
45
46
47
52
53
56
57
58
60
61
63
64
66
70
71
72
73
77
78
80
81
84
86
88
89
91
93
95
97
100
102
104
106
109
111
113
114
117
118
120
121
124
125
128
130
134
139
143
146
147
148
149
150
153
161
162
169
170
171
172
176
177
180
181
184
186
188
190
192
194
195
197
198
202
204
205
206
207
209
210
212
213
214
215
216
220
222
225
228
229
230
231
232
239
240
243
246
247
249
251
252
254
255
259
261
265
266
267
268
274
277
282
283
284
285
287
288
289
290
294
297
304
305
308
311
313
314
318
322
323
324
325
326
327
328
329
330
331
332
335
336
337
342
346
348
349
350
354
355
356
357
359
360
361
363
366
370
371
373
374
375
379
381
385
386
390
394
399
400
402
408
409
411
418
420
423
426
429
430
431
434
435
437
438
439
441
445
446
448
451
452
455
457
462
466
468
473
475
478
480
484
485
487
488
489
491
494
495
499
501
502
503
504
505
506
508
510
512
513
516
517
518
520
522
523
524
525
526
527
529
530
531
532
534
536
537
541
544
545
546
548
549
553
558
559
563
565
567
570
572
574
576
577
578
579
580
582
583
584
585
586
587
590
593
595
597
600
601
603
605
606
608
610
614
615
620
623
625
626
627
628
630
631
632
642
643
645
646
651
652
655
656
661
662
663
667
668
670
671
672
673
674
678
679
680
681
683
684
685
686
688
689
692
694
695
699
703
705
706
711
713
715
717
719
720
723
724
725
726
729
730
731
732
733
734
735
736
738
739
741
742
743
745
746
748
750
753
754
757
760
765
766
772
774
776
780
782
783
784
786
787
789
792
795
796
797
799
801
802
803
804
807
809
811
814
815
816
817
818
820
821
822
823
827
832
833
837
838
839
840
841
843
844
845
846
848
851
852
853
855
856
858
859
860
863
865
867
869
870
874
876
878
880
881
882
883
884
885
887
889
894
896
897
898
899
903
905
907
910
912
917
918
920
922
923
924
928
932
934
938
941
943
946
947
949
952
954
955
956
957
958
959
961
962
967
968
969
970
971
972
975
976
978
979
980
981
982
984
985
986
988
989
992
994
996
997
1000
1002
1005
1006
1007
1008
1009
1011
1013
1014
1015
1016
1017
1019
1020
1021
1025
1026
1027
1028
1030
1031
1036
1037
1038
1040
1041
1042
1047
1049
1052
1053
1057
1061
1068
1069
1074
1077
1081
1083
1085
1089
1093
1094
1098
1099
1100
1101
1102
1103
1104
1105
1106
1108
1109
1110
1111
1117
1121
1122
1124
1134
1135
1136
1140
1141
1145
1146
1147
1149
1154
1155
1157
1161
1162
1164
1166
1167
1169
1170
1175
1176
1178
1179
1180
1182
1183
1185
1186
1187
1190
1194
1195
1196
1198
1199
1202
1203
1204
1207
1208
1210
1212
1214
1215
1216
1217
1218
1220
1221
1223
1224
1237
1239
1242
1244
1249
1253
1254
1255
1258
1259
1260
1261
1262
1265
1268
1271
1272
1274
1275
1276
1278
1279
1280
1281
1284
1286
1287
1289
1291
1294
1300
1301
1302
1306
1309
1311
1312
1313
1315
1322
1323
1325
1326
1328
1330
1331
1332
1334
1335
1340
1342
1343
1344
1345
1353
1354
1356
1357
1358
1361
1362
1367
1370
1371
1373
1374
1376
1378
1381
1382
1383
1388
1389
1392
1394
1395
1398
1399
1400
1401
1402
1404
1405
1406
1408
1414
1415
1417
1420
1422
1424
1428
1432
1434
1437
1439
1442
1444
1447
1450
1456
1457
1459
1460
1466
1469
1471
1472
1474
1475
1476
1478
1479
1481
1484
1485
1490
1492
1494
1495
1496
1497
1502
1504
1508
1509
1510
1513
1517
1519
1520
1521
1523
1524
1526
1530
1531
1532
1533
1534
1539
1540
1541
1542
1543
1547
1549
1550
1552
1553
1555
1556
1557
1559
1563
1566
1568
1569
1570
1571
1572
1574
1579
1580
1582
1585
1587
1589
1590
1591
1592
1595
1596
1605
1606
1607
1608
1612
1614
1617
1618
1619
1622
1623
1624
1626
1627
1628
1629
1631
1632
1633
1634
1635
1642
1643
1644
1647
1648
1649
1650
1653
1654
1657
1659
1662
1665
1667
1669
1670
1673
1675
1677
1689
1691
1693
1697
1698
1702
1703
1704
1706
1708
1710
1715
1717
1718
1720
1721
1723
1724
1725
1726
1732
1733
1735
1742
1744
1746
1747
1748
1754
1755
1756
1758
1759
1762
1763
1764
1765
1768
1769
1770
1772
1773
1774
1775
1777
1779
1787
1788
1789
1795
1801
1803
1805
1808
1812
1816
1820
1821
1823
1824
1825
1826
1829
1830
1831
1833
1836
1839
1840
1844
1847
1849
1850
1853
1855
1859
1860
1864
1866
1867
1869
1870
1872
1873
1875
1876
1877
1883
1884
1885
1887
1889
1891
1894
1895
1896
1897
1899
1903
1906
1907
1911
1913
1916
1919
1920
1922
1923
1925
1927
1928
1931
1932
1934
1936
1938
1941
1942
1944
1945
1947
1948
1950
1954
1955
1963
1964
1965
1968
1969
1970
1971
1973
1974
1975
1976
1977
1978
1981
1982
1985
1987
1989
1991
1993
1994
1996
1998
2000
2001
2002
2003
2004
2005
2007
2008
2009
2011
2013
2014
2015
2016
2017
2018
2019
2020
2021
2023
2024
2025
2026
2029
2030
2031
2032
2033
2035
2037
2038
2041
2042
2043
2044
2045
2046
2047
2048
2049
2050
2051
2052
2053
2054
2057
2059
2060
2061
2062
2064
2065
2066
2067
2068
2069
2070
2071
2072
2073
2074
2076
2077
2079
2080
2081
2082
2083
2084
