6
9
10
18
43
49
51
62
69
88
107
119
146
151
157
166
167
199
211
230
243
277
278
283
288
292
293
297
300
301
308
326
335
336
363
381
387
420
445
462
464
472
487
513
532
545
548
554
556
594
602
606
625
632
638
642
662
667
683
693
724
729
733
746
763
765
778
781
784
785
786
797
810
824
825
827
836
859
860
876
878
893
986
988
999
1006
1013
1035
1044
1045
1061
1071
1078
1086
1099
1103
1124
1157
1158
1188
1207
1220
1223
1228
1234
1250
1254
1262
1264
1283
1285
1292
1328
1345
1357
1358
1359
1370
1413
1418
1420
1424
1433
1443
1476
1479
1480
1494
1496
1497
1502
1509
1573
1577
1587
1589
1592
1593
1595
1608
1622
1623
1634
1648
1649
1662
1674
1690
1695
1702
1715
1727
1745
1747
1756
1762
1765
1778
1795
1822
1825
1838
1852
1868
1870
1873
1920
1922
1923
1975
1989
1991
1996
1998
2000
2001
2003
2008
2009
2010
2014
2016
2017
2020
2022
2023
2025
2028
2033
2035
2036
2038
2040
2042
2047
2052
2054
2055
2057
2061
2069
2070
2071
2072
2075
2077
2080
2083
