1
2
3
5
11
12
16
18
19
20
29
30
32
39
41
44
46
47
50
52
53
54
57
60
61
63
64
65
66
68
70
72
74
78
79
80
81
83
85
87
88
89
93
95
100
101
102
105
107
108
115
116
118
119
120
122
124
127
130
132
133
134
135
136
138
144
146
150
152
153
156
160
161
165
166
167
169
179
184
190
191
192
194
200
201
204
205
209
213
218
219
221
224
228
231
232
234
236
238
239
240
242
243
244
249
250
251
252
253
254
255
256
258
261
262
263
264
265
266
267
268
269
270
273
275
278
279
281
283
284
285
286
287
288
290
291
292
293
300
303
304
308
309
311
316
318
319
320
321
323
325
329
331
332
335
336
338
339
340
341
345
346
353
354
355
358
359
362
363
364
365
367
370
371
372
375
376
388
391
392
393
395
397
400
402
404
406
407
411
413
415
420
422
426
427
428
431
433
436
439
441
444
445
446
448
455
460
462
465
470
472
473
475
476
477
478
479
481
482
487
489
490
491
492
494
497
498
501
502
505
506
507
508
509
513
517
524
530
531
536
538
539
540
541
542
543
545
546
547
549
553
556
563
565
566
568
569
571
573
574
581
583
585
590
593
595
601
602
605
607
609
613
617
621
622
625
628
630
632
633
634
636
638
643
646
648
650
651
652
653
654
655
657
660
661
667
670
671
673
677
683
685
687
688
689
692
693
695
697
698
699
704
706
707
708
710
711
713
714
718
721
722
723
724
725
731
732
733
738
741
742
745
746
749
751
752
753
755
757
758
760
761
762
763
764
765
766
768
769
771
775
776
779
780
781
782
784
785
786
788
791
793
794
795
796
797
800
805
809
816
818
819
820
821
825
826
827
832
834
835
836
838
841
842
843
844
850
853
857
858
859
861
862
863
864
865
866
869
870
871
873
878
879
880
882
886
887
889
895
896
897
901
903
908
909
910
911
912
914
915
917
922
923
924
925
929
930
932
934
936
939
943
944
946
947
948
949
951
953
954
957
959
962
963
964
966
968
971
974
975
977
978
979
980
981
984
985
988
989
990
991
992
993
994
999
1000
1001
1002
1003
1004
1005
1007
1008
1009
1015
1019
1022
1024
1026
1027
1030
1031
1035
1036
1038
1040
1041
1044
1047
1049
1050
1051
1053
1057
1058
1059
1060
1063
1066
1069
1072
1074
1075
1076
1077
1079
1080
1082
1085
1086
1089
1097
1099
1101
1103
1104
1105
1106
1107
1108
1109
1110
1111
1114
1116
1117
1118
1119
1121
1123
1126
1129
1131
1134
1137
1138
1139
1140
1143
1144
1146
1147
1148
1155
1156
1158
1161
1164
1166
1168
1169
1170
1171
1176
1179
1180
1181
1183
1184
1185
1187
1190
1196
1197
1198
1199
1200
1201
1203
1205
1208
1209
1210
1211
1216
1220
1221
1223
1225
1228
1235
1237
1239
1241
1243
1247
1248
1250
1252
1253
1254
1256
1257
1259
1260
1261
1263
1264
1267
1268
1272
1274
1275
1276
1277
1278
1280
1281
1283
1284
1285
1286
1289
1291
1292
1294
1295
1296
1298
1299
1301
1302
1306
1307
1313
1315
1316
1317
1318
1319
1320
1321
1322
1324
1325
1327
1328
1329
1330
1332
1334
1340
1342
1344
1345
1346
1348
1351
1355
1357
1358
1365
1366
1367
1368
1370
1373
1374
1375
1378
1381
1386
1388
1389
1391
1392
1393
1396
1397
1398
1400
1401
1403
1405
1408
1410
1411
1412
1413
1414
1419
1420
1421
1422
1423
1424
1425
1426
1427
1429
1430
1431
1432
1435
1437
1439
1440
1441
1443
1445
1446
1447
1448
1449
1452
1457
1459
1464
1465
1466
1470
1471
1472
1474
1475
1476
1477
1478
1480
1481
1484
1486
1493
1494
1496
1497
1499
1500
1503
1505
1506
1507
1508
1510
1512
1514
1517
1519
1520
1522
1529
1531
1532
1535
1536
1537
1538
1543
1544
1547
1549
1550
1551
1552
1554
1555
1559
1560
1563
1568
1571
1572
1573
1576
1578
1579
1585
1586
1591
1592
1594
1598
1600
1601
1602
1603
1604
1605
1608
1609
1611
1612
1615
1617
1619
1621
1622
1624
1626
1627
1628
1629
1630
1631
1636
1637
1639
1640
1641
1642
1643
1644
1646
1647
1649
1652
1653
1654
1655
1659
1660
1666
1667
1668
1669
1670
1671
1672
1673
1674
1675
1677
1678
1682
1685
1687
1689
1691
1693
1696
1698
1699
1705
1706
1708
1709
1711
1714
1717
1721
1724
1726
1727
1731
1732
1734
1735
1736
1740
1743
1744
1747
1750
1752
1754
1755
1757
1765
1768
1770
1772
1775
1780
1781
1782
1784
1787
1791
1792
1797
1798
1801
1802
1806
1807
1808
1810
1814
1816
1818
1820
1821
1823
1825
1826
1827
1829
1833
1834
1838
1839
1842
1843
1847
1848
1849
1852
1858
1859
1861
1862
1864
1865
1866
1867
1868
1869
1874
1875
1879
1880
1886
1888
1889
1892
1894
1897
1898
1900
1901
1902
1903
1904
1905
1907
1910
1911
1912
1913
1917
1918
1919
1920
1921
1923
1925
1927
1930
1931
1934
1935
1936
1937
1938
1939
1941
1942
1943
1945
1954
1955
1956
1960
1961
1963
1965
1967
1972
1977
1981
1983
1985
1987
1989
1990
1992
1993
1997
1998
2000
2001
2003
2004
2005
2007
2009
2010
2011
2012
2013
2014
2015
2016
2017
2018
2019
2020
2021
2022
2023
2024
2025
2026
2027
2028
2030
2031
2032
2033
2034
2036
2037
2038
2039
2040
2041
2042
2043
2044
2046
2047
2048
2049
2050
2051
2052
2054
2056
2057
2058
2061
2062
2063
2065
2066
2067
2068
2069
2070
2071
2072
2073
2074
2075
2076
2077
2078
2079
2080
2082
2083
2084
