5
9
16
17
19
23
28
32
33
34
38
39
41
49
57
63
64
66
70
78
85
88
92
93
98
100
104
107
109
113
117
120
121
128
129
130
135
136
138
149
150
151
155
156
177
187
194
199
208
210
214
217
218
219
220
223
225
228
236
238
239
243
246
255
256
265
266
267
269
272
275
277
292
293
298
309
310
315
318
320
331
332
336
337
345
363
374
376
377
386
387
389
390
392
396
400
406
410
418
420
428
430
447
452
453
456
458
462
463
470
477
478
479
480
488
496
498
504
509
513
521
523
526
532
536
539
542
543
546
550
551
553
559
564
568
571
572
574
579
584
589
591
593
607
614
618
631
633
642
643
656
663
668
679
693
695
696
699
706
710
718
720
723
726
733
739
742
743
746
750
751
752
757
763
766
770
774
776
783
790
794
795
797
801
802
805
814
815
826
827
833
835
836
845
846
856
862
865
866
868
870
878
881
883
886
887
891
896
905
908
911
912
915
918
921
929
931
933
938
939
940
943
952
954
957
959
962
964
969
972
974
975
984
988
993
997
1000
1001
1004
1006
1007
1012
1015
1019
1021
1025
1026
1030
1031
1036
1037
1039
1044
1060
1066
1071
1072
1074
1077
1080
1082
1090
1091
1094
1097
1098
1099
1110
1111
1118
1120
1136
1138
1140
1143
1145
1147
1155
1163
1166
1171
1179
1186
1190
1195
1197
1203
1204
1208
1216
1220
1224
1228
1242
1250
1258
1260
1268
1270
1281
1282
1283
1286
1294
1299
1301
1303
1306
1307
1312
1321
1323
1324
1326
1330
1342
1343
1345
1351
1363
1366
1367
1378
1379
1385
1398
1399
1401
1406
1407
1408
1414
1418
1419
1423
1432
1437
1438
1443
1449
1454
1457
1460
1463
1472
1475
1477
1483
1485
1491
1498
1506
1511
1516
1518
1524
1525
1528
1529
1536
1538
1547
1551
1555
1556
1561
1563
1568
1579
1580
1582
1586
1587
1596
1597
1606
1610
1618
1619
1627
1628
1633
1634
1639
1644
1646
1652
1654
1661
1667
1669
1678
1680
1684
1690
1692
1693
1694
1705
1712
1713
1714
1715
1716
1717
1718
1720
1721
1723
1724
1725
1730
1731
1733
1740
1745
1752
1761
1765
1773
1781
1785
1789
1791
1803
1804
1806
1807
1808
1812
1817
1818
1819
1820
1822
1823
1827
1837
1849
1853
1854
1858
1863
1864
1867
1875
1876
1886
1887
1893
1895
1903
1906
1907
1908
1909
1920
1921
1923
1934
1940
1942
1954
1956
1969
1970
1971
1974
1982
1993
1995
1997
1998
2001
2003
2006
2007
2008
2011
2013
2014
2015
2017
2018
2019
2021
2022
2023
2024
2025
2026
2030
2031
2034
2035
2036
2038
2039
2043
2044
2045
2046
2048
2049
2050
2052
2056
2057
2058
2059
2062
2063
2070
2073
2074
2076
2079
2080
2081
2083
2084
