0
1
3
4
5
6
8
9
10
11
14
15
16
18
19
20
21
22
23
24
26
27
28
29
30
31
33
34
36
37
38
39
40
42
43
44
45
46
48
49
50
51
52
53
54
55
56
57
60
61
62
64
65
66
67
68
69
70
71
72
73
74
75
76
77
78
79
81
82
84
85
87
88
90
91
92
93
95
98
99
100
101
102
104
105
106
107
108
109
110
111
113
114
115
117
118
120
121
122
125
126
127
128
130
131
132
133
134
135
136
137
139
142
143
144
145
146
147
148
153
157
158
160
161
162
163
164
165
166
167
169
170
173
174
175
176
177
178
179
181
182
183
184
185
189
190
191
192
193
194
195
197
198
201
202
203
204
205
206
207
208
209
210
211
213
216
217
221
222
223
225
226
227
228
229
230
231
232
233
234
235
237
238
239
240
241
242
243
244
245
246
247
248
249
250
251
252
253
255
256
257
261
262
263
264
265
266
267
268
269
271
273
274
275
278
279
280
282
283
285
286
287
288
289
290
291
292
294
297
298
299
300
301
304
305
307
308
309
310
311
314
315
318
319
320
321
322
323
324
325
326
327
329
331
333
334
336
339
340
341
344
347
348
349
350
351
353
354
355
356
358
359
361
362
366
367
369
370
371
372
375
377
378
379
380
381
382
383
384
385
386
387
388
389
391
392
393
394
395
396
397
399
400
401
402
403
405
406
407
408
409
410
411
412
414
415
417
418
420
422
423
424
428
430
432
433
435
437
438
439
440
442
443
444
448
449
450
451
452
453
454
456
457
458
459
460
462
463
464
465
466
467
468
470
472
473
479
480
481
483
484
486
487
489
490
491
493
494
495
496
497
499
500
501
502
503
504
505
506
507
509
512
513
514
516
517
518
519
520
521
522
523
524
525
526
527
529
530
531
532
533
534
535
536
537
539
540
541
542
543
544
545
546
549
550
552
553
556
558
559
563
564
565
567
568
569
570
571
572
573
574
576
578
579
580
581
582
583
587
588
591
592
593
594
595
596
597
598
599
600
601
602
604
605
606
607
608
610
611
612
613
614
615
617
619
620
621
623
624
625
626
628
629
630
631
632
633
634
635
636
637
638
639
642
643
644
645
646
647
648
649
650
651
652
653
654
655
656
657
658
660
661
662
663
664
665
666
669
670
675
676
677
678
679
680
681
682
683
684
685
686
687
688
689
691
692
693
694
695
696
697
699
701
702
703
704
706
707
708
709
710
711
713
714
715
716
717
718
720
721
722
723
726
727
730
732
733
735
736
737
738
739
740
742
743
744
745
746
747
749
750
752
754
755
756
759
760
762
764
765
766
767
768
770
771
772
773
775
776
777
778
779
780
782
783
784
785
787
792
793
795
797
799
800
801
802
803
804
808
809
810
811
812
813
814
816
817
820
821
823
825
826
829
830
832
833
834
835
838
839
840
841
843
844
845
847
848
851
852
854
855
857
858
859
863
866
867
868
871
872
873
874
875
876
878
879
880
881
882
883
884
885
886
887
888
889
890
892
893
894
896
897
898
900
901
902
903
904
905
907
908
909
910
911
912
913
917
918
919
920
921
922
923
925
927
928
929
930
931
932
933
934
935
937
938
939
940
941
945
946
947
948
949
951
952
953
956
957
960
961
962
963
964
965
968
969
971
972
973
975
976
977
978
982
984
985
988
990
991
992
993
994
995
996
997
999
1000
1003
1004
1005
1006
1008
1010
1011
1012
1013
1014
1015
1016
1017
1018
1019
1020
1021
1022
1023
1024
1025
1027
1028
1029
1033
1034
1035
1036
1037
1038
1040
1042
1043
1045
1046
1047
1050
1051
1053
1054
1055
1056
1057
1058
1059
1060
1061
1062
1064
1065
1066
1067
1068
1070
1071
1074
1075
1076
1077
1078
1079
1080
1082
1084
1086
1087
1089
1090
1091
1092
1095
1096
1097
1098
1099
1101
1102
1103
1106
1108
1109
1110
1111
1113
1114
1115
1117
1118
1120
1121
1122
1124
1125
1126
1127
1128
1129
1131
1132
1133
1135
1136
1137
1139
1140
1141
1142
1143
1144
1145
1147
1148
1149
1150
1153
1154
1155
1157
1158
1159
1162
1163
1164
1166
1169
1171
1172
1174
1175
1176
1177
1178
1179
1180
1181
1182
1183
1185
1186
1187
1190
1191
1192
1193
1194
1195
1196
1197
1199
1200
1201
1204
1205
1206
1208
1209
1210
1212
1213
1214
1216
1218
1219
1220
1222
1223
1224
1225
1227
1228
1229
1231
1233
1235
1236
1237
1238
1240
1241
1242
1243
1245
1246
1247
1250
1253
1254
1255
1256
1257
1259
1261
1262
1263
1264
1265
1266
1267
1270
1271
1272
1273
1274
1275
1276
1277
1278
1279
1280
1282
1283
1284
1286
1287
1289
1290
1291
1292
1293
1294
1297
1299
1301
1302
1303
1304
1305
1306
1307
1309
1310
1311
1312
1313
1314
1317
1318
1320
1321
1322
1323
1324
1325
1327
1328
1329
1330
1331
1333
1335
1336
1337
1339
1340
1343
1344
1345
1346
1347
1349
1350
1351
1352
1353
1355
1357
1359
1364
1365
1366
1367
1368
1369
1371
1373
1374
1377
1378
1379
1380
1381
1385
1386
1387
1388
1389
1390
1391
1393
1395
1396
1399
1403
1405
1406
1407
1408
1410
1411
1412
1414
1415
1416
1417
1418
1419
1421
1423
1424
1425
1426
1427
1429
1432
1433
1434
1436
1437
1438
1440
1441
1442
1444
1445
1446
1447
1449
1450
1451
1453
1454
1457
1459
1460
1462
1464
1465
1466
1467
1468
1469
1471
1472
1474
1475
1476
1477
1478
1479
1480
1481
1482
1483
1484
1486
1487
1488
1490
1491
1492
1493
1494
1495
1496
1497
1501
1502
1504
1506
1507
1508
1509
1510
1511
1512
1516
1518
1519
1522
1523
1524
1525
1526
1527
1529
1530
1532
1533
1534
1535
1537
1538
1540
1542
1544
1546
1549
1550
1551
1552
1553
1556
1559
1560
1561
1563
1564
1565
1566
1568
1570
1571
1573
1574
1575
1576
1577
1578
1579
1580
1581
1582
1583
1587
1588
1589
1591
1592
1593
1594
1595
1596
1597
1598
1599
1600
1602
1604
1606
1607
1609
1610
1613
1614
1615
1616
1617
1618
1619
1620
1621
1622
1623
1624
1627
1628
1629
1630
1631
1632
1633
1634
1635
1636
1638
1639
1640
1641
1642
1643
1645
1646
1647
1648
1649
1650
1651
1652
1653
1654
1655
1656
1657
1658
1659
1660
1661
1662
1665
1666
1667
1668
1670
1671
1672
1673
1674
1675
1676
1677
1679
1680
1681
1682
1683
1685
1686
1687
1688
1689
1691
1692
1693
1694
1695
1698
1699
1700
1701
1702
1704
1706
1707
1708
1709
1710
1711
1712
1713
1714
1715
1716
1717
1719
1720
1721
1722
1723
1724
1726
1727
1728
1729
1730
1731
1732
1733
1735
1736
1737
1740
1741
1743
1744
1745
1746
1748
1749
1750
1751
1752
1754
1755
1757
1758
1761
1763
1764
1765
1766
1769
1770
1772
1773
1774
1775
1777
1778
1779
1780
1781
1784
1789
1791
1792
1795
1796
1797
1798
1801
1802
1803
1804
1805
1806
1807
1808
1809
1811
1815
1816
1817
1818
1819
1821
1822
1825
1828
1829
1830
1831
1833
1834
1835
1838
1840
1841
1842
1843
1844
1845
1846
1847
1848
1849
1850
1852
1853
1854
1855
1858
1859
1860
1861
1862
1863
1864
1866
1867
1868
1871
1872
1874
1876
1877
1878
1879
1880
1881
1882
1883
1884
1885
1886
1887
1888
1889
1890
1891
1892
1893
1894
1895
1897
1898
1900
1902
1904
1905
1906
1907
1908
1909
1910
1911
1913
1914
1915
1918
1919
1920
1922
1923
1926
1927
1929
1930
1931
1932
1933
1935
1936
1938
1939
1940
1941
1942
1943
1944
1945
1946
1947
1949
1950
1953
1954
1955
1956
1959
1960
1961
1962
1963
1964
1965
1966
1967
1968
1969
1970
1971
1972
1973
1976
1977
1978
1979
1980
1981
1982
1983
1984
1985
1987
1988
1989
1990
1991
1992
1994
1995
1996
1997
1998
1999
2000
2001
2002
2003
2004
2005
2007
2008
2009
2010
2012
2013
2015
2016
2017
2018
2019
2020
2021
2022
2023
2024
2025
2026
2027
2028
2029
2030
2031
2032
2035
2037
2038
2040
2041
2042
2043
2044
2045
2046
2047
2048
2049
2050
2051
2056
2057
2058
2059
2061
2062
2063
2064
2065
2067
2068
2069
2070
2071
2072
2073
2074
2076
2077
2078
2079
2080
2081
2082
2083
2084
