0
1
2
3
4
6
7
8
9
10
11
12
13
14
15
16
17
18
21
22
25
26
28
29
31
32
33
34
40
41
43
44
45
49
52
54
55
58
59
60
61
62
63
64
65
66
67
68
69
70
71
72
73
74
75
76
77
78
79
81
82
83
84
86
87
88
89
90
92
93
95
96
97
98
99
100
101
102
103
105
106
108
109
110
113
114
115
116
117
118
120
122
123
124
125
126
127
128
130
131
133
135
137
138
139
141
143
144
145
147
149
150
152
153
155
156
157
158
160
161
164
165
166
167
168
169
170
171
172
173
174
175
176
177
178
179
180
183
184
186
187
190
191
192
194
195
196
197
198
199
200
201
206
207
208
209
211
213
214
215
218
219
220
221
222
223
224
225
226
227
228
230
232
233
235
236
238
240
242
243
244
245
248
249
250
251
252
253
254
256
257
258
260
261
262
264
265
266
267
270
272
273
274
276
277
278
280
282
283
284
285
286
288
289
290
291
292
293
294
296
297
299
300
302
307
308
309
310
311
312
313
314
315
316
317
318
319
320
321
323
324
325
326
327
328
329
331
332
333
334
335
336
338
339
340
341
343
345
346
347
348
351
352
353
354
356
357
358
363
364
365
366
367
369
370
371
373
374
376
377
380
381
382
383
384
385
386
387
389
390
391
393
394
396
397
398
399
400
402
403
404
406
407
409
411
412
415
416
417
418
419
420
421
424
426
427
428
429
431
432
433
434
435
437
438
440
442
444
445
447
448
449
450
452
453
454
455
456
457
459
460
462
463
466
467
470
471
472
473
475
476
477
479
481
482
483
484
485
486
487
488
489
490
491
492
493
495
496
497
498
499
500
501
502
503
504
505
507
509
510
512
513
514
515
516
517
519
522
524
525
526
527
528
529
530
531
534
536
537
539
542
544
546
547
548
549
552
553
554
555
556
558
559
560
562
563
564
565
567
568
569
570
571
572
574
575
576
577
579
580
581
583
584
586
587
588
590
591
594
596
597
598
599
600
602
603
604
605
607
609
610
611
613
614
618
620
621
624
625
627
628
630
631
633
635
636
639
642
643
646
648
649
650
651
653
654
656
657
658
659
662
663
667
668
669
670
671
672
674
675
676
680
681
682
683
684
685
687
688
689
691
693
694
696
697
699
700
702
703
705
706
707
708
709
710
711
713
714
715
716
717
718
720
721
722
723
724
725
727
728
730
731
733
734
735
736
737
740
742
743
744
745
746
747
748
749
750
751
754
755
759
760
762
763
765
766
767
769
770
771
772
773
774
775
776
778
779
780
781
782
783
784
788
789
790
792
793
794
795
797
799
800
803
804
805
807
808
809
811
813
814
815
817
818
820
821
823
825
826
827
828
829
830
831
832
833
835
836
838
840
841
843
845
846
847
848
850
851
852
853
854
855
857
858
860
861
862
864
865
866
867
868
871
873
874
875
876
877
878
880
881
882
883
884
886
887
888
889
890
891
892
893
894
895
897
898
899
900
903
904
905
907
908
910
912
913
914
915
916
917
919
923
924
925
926
927
929
930
931
934
935
936
937
938
939
940
945
946
947
949
952
955
956
957
958
959
961
963
964
965
966
967
968
969
970
971
973
974
975
976
978
979
981
982
984
985
986
987
988
989
990
993
997
999
1001
1002
1003
1005
1006
1008
1009
1010
1012
1014
1016
1017
1018
1019
1020
1022
1023
1024
1025
1026
1027
1028
1029
1031
1032
1033
1034
1035
1036
1037
1038
1039
1040
1044
1046
1047
1049
1050
1051
1052
1053
1054
1055
1056
1058
1059
1061
1062
1065
1066
1068
1069
1073
1074
1075
1076
1082
1083
1084
1085
1086
1087
1088
1089
1090
1091
1093
1094
1096
1097
1098
1099
1100
1101
1102
1103
1105
1106
1109
1110
1111
1113
1114
1116
1117
1118
1119
1120
1121
1122
1123
1125
1127
1128
1129
1132
1134
1135
1136
1137
1139
1140
1141
1142
1143
1144
1145
1146
1147
1148
1149
1150
1151
1152
1153
1155
1157
1158
1159
1160
1161
1162
1163
1166
1167
1168
1169
1170
1172
1173
1174
1175
1176
1178
1179
1180
1182
1183
1185
1186
1188
1190
1191
1192
1193
1194
1195
1196
1197
1198
1199
1200
1201
1202
1203
1204
1206
1207
1208
1209
1210
1211
1212
1213
1214
1216
1217
1218
1220
1221
1222
1223
1227
1228
1229
1231
1233
1234
1236
1238
1239
1241
1242
1243
1247
1249
1250
1252
1253
1255
1256
1257
1259
1260
1261
1262
1263
1264
1265
1266
1268
1270
1271
1272
1273
1274
1275
1276
1277
1279
1281
1283
1284
1285
1286
1287
1290
1291
1293
1294
1295
1296
1302
1303
1304
1305
1306
1307
1308
1309
1310
1311
1312
1313
1314
1316
1318
1320
1321
1322
1324
1325
1326
1327
1329
1330
1332
1333
1336
1337
1338
1339
1340
1341
1342
1344
1345
1348
1350
1351
1352
1353
1354
1355
1356
1357
1358
1360
1361
1365
1366
1367
1368
1369
1371
1373
1377
1378
1379
1380
1381
1382
1383
1384
1386
1387
1388
1389
1390
1391
1392
1393
1394
1395
1396
1397
1398
1399
1400
1401
1402
1403
1404
1405
1406
1407
1408
1409
1410
1411
1412
1414
1415
1419
1421
1423
1424
1425
1426
1429
1432
1433
1436
1437
1438
1439
1442
1443
1444
1445
1448
1451
1453
1454
1455
1456
1458
1459
1460
1461
1462
1463
1464
1465
1467
1469
1470
1471
1472
1474
1475
1477
1478
1480
1481
1482
1484
1487
1488
1489
1490
1491
1492
1494
1495
1496
1497
1498
1499
1500
1501
1502
1503
1504
1505
1506
1507
1508
1509
1510
1512
1514
1515
1516
1518
1519
1520
1521
1522
1523
1525
1526
1527
1529
1531
1532
1533
1534
1537
1538
1541
1542
1543
1544
1545
1546
1548
1549
1550
1551
1554
1555
1556
1557
1559
1562
1563
1564
1566
1567
1568
1569
1571
1573
1574
1576
1579
1580
1581
1583
1584
1585
1586
1588
1589
1590
1591
1592
1593
1594
1595
1596
1598
1599
1600
1602
1604
1605
1606
1607
1608
1609
1610
1613
1616
1617
1618
1620
1621
1624
1625
1629
1630
1631
1634
1636
1638
1639
1640
1641
1643
1644
1645
1646
1650
1651
1653
1654
1655
1658
1659
1660
1661
1662
1663
1664
1665
1666
1667
1668
1669
1671
1672
1673
1674
1675
1676
1677
1678
1680
1682
1683
1684
1685
1686
1688
1689
1690
1692
1693
1694
1695
1696
1697
1698
1699
1700
1701
1703
1704
1705
1706
1707
1708
1709
1710
1711
1712
1713
1714
1715
1716
1717
1718
1720
1721
1722
1723
1724
1725
1726
1727
1728
1729
1730
1731
1732
1734
1735
1737
1738
1740
1741
1742
1743
1746
1747
1748
1749
1750
1751
1752
1757
1759
1760
1761
1763
1764
1765
1766
1767
1768
1769
1770
1771
1772
1773
1775
1776
1778
1779
1780
1781
1782
1783
1784
1787
1788
1790
1791
1792
1793
1794
1795
1796
1798
1800
1801
1804
1806
1807
1808
1810
1811
1812
1813
1814
1815
1816
1818
1819
1821
1823
1824
1825
1826
1827
1828
1829
1831
1832
1833
1836
1837
1838
1839
1840
1841
1842
1845
1846
1847
1848
1850
1852
1853
1855
1856
1857
1858
1859
1861
1862
1864
1865
1866
1867
1868
1869
1870
1871
1873
1874
1875
1879
1880
1881
1883
1884
1886
1887
1888
1889
1890
1891
1892
1893
1895
1896
1897
1898
1899
1901
1902
1903
1904
1905
1906
1907
1908
1909
1910
1911
1913
1914
1915
1916
1917
1918
1920
1921
1922
1923
1924
1925
1926
1927
1928
1929
1931
1932
1933
1934
1935
1936
1937
1938
1939
1940
1941
1942
1944
1946
1947
1949
1950
1951
1953
1954
1955
1956
1958
1959
1960
1961
1962
1964
1966
1967
1968
1969
1971
1973
1974
1976
1977
1978
1979
1980
1981
1982
1983
1985
1986
1987
1988
1989
1990
1991
1992
1993
1994
1995
1996
1997
1998
1999
2000
2001
2002
2003
2005
2007
2008
2009
2010
2011
2012
2013
2014
2015
2016
2017
2018
2019
2020
2021
2022
2023
2024
2025
2026
2027
2028
2029
2030
2031
2032
2033
2035
2036
2037
2038
2039
2040
2041
2042
2043
2044
2045
2046
2047
2048
2049
2050
2051
2052
2053
2054
2055
2056
2057
2058
2059
2060
2061
2062
2063
2064
2065
2066
2067
2068
2069
2070
2071
2072
2073
2074
2075
2076
2077
2078
2079
2080
2081
2082
2083
2084
