4
8
15
16
17
18
19
23
29
31
32
34
35
42
43
55
58
60
63
71
72
74
75
77
78
84
85
86
88
118
127
138
139
142
156
158
163
166
167
170
171
177
182
186
187
190
191
194
195
196
198
201
205
206
211
214
218
225
235
239
241
251
258
259
261
262
269
279
280
282
288
289
292
295
302
312
317
318
327
341
345
349
351
353
358
360
362
368
371
374
375
377
378
380
395
397
399
402
414
420
421
423
433
440
445
453
460
463
473
481
486
492
497
498
501
504
505
509
511
515
519
535
538
539
542
544
546
551
553
555
558
560
569
570
574
579
586
593
595
603
605
611
612
614
617
619
625
627
632
634
642
644
648
651
653
655
661
668
670
676
679
680
681
682
684
688
697
699
703
708
709
711
712
714
717
720
723
730
732
733
736
745
746
747
749
750
752
753
759
761
765
766
770
771
774
776
784
792
800
801
803
812
813
823
833
835
851
854
858
861
864
865
867
875
878
883
885
890
902
906
911
914
915
918
920
922
927
929
930
937
943
951
952
953
956
957
959
960
961
969
974
975
977
981
984
987
994
1002
1004
1006
1013
1016
1020
1037
1041
1045
1048
1055
1057
1063
1066
1068
1069
1071
1074
1086
1093
1105
1112
1122
1124
1128
1130
1140
1143
1144
1146
1148
1155
1167
1168
1170
1177
1180
1181
1185
1186
1188
1190
1198
1199
1202
1203
1208
1216
1226
1229
1234
1236
1238
1244
1252
1253
1256
1259
1270
1277
1286
1292
1295
1298
1301
1305
1306
1311
1312
1317
1322
1334
1336
1337
1339
1340
1370
1371
1376
1377
1380
1383
1385
1395
1402
1410
1417
1420
1422
1423
1432
1433
1439
1441
1444
1447
1450
1456
1460
1469
1470
1475
1477
1480
1481
1487
1488
1494
1496
1505
1513
1516
1518
1522
1527
1543
1548
1550
1559
1561
1574
1589
1597
1604
1609
1610
1614
1619
1621
1625
1631
1637
1639
1640
1648
1654
1670
1672
1677
1680
1685
1686
1690
1692
1693
1697
1703
1705
1706
1709
1710
1713
1714
1720
1730
1742
1745
1749
1751
1754
1755
1756
1758
1759
1763
1764
1772
1798
1803
1808
1812
1814
1817
1820
1822
1823
1826
1834
1835
1837
1842
1847
1853
1858
1861
1864
1867
1874
1875
1880
1887
1888
1891
1893
1894
1896
1899
1913
1917
1918
1921
1937
1942
1944
1946
1956
1959
1963
1967
1975
1976
1985
1992
1994
1995
2002
2003
2004
2005
2007
2009
2010
2012
2013
2014
2015
2019
2020
2021
2022
2023
2024
2025
2026
2027
2028
2029
2031
2034
2035
2037
2038
2039
2040
2041
2042
2044
2045
2046
2047
2048
2049
2050
2052
2053
2054
2056
2057
2060
2061
2063
2064
2069
2070
2074
2076
2077
2078
2079
2080
2081
2082
2083
2084
