1
2
3
5
6
8
10
11
12
13
16
17
18
20
21
22
24
25
26
29
31
32
33
34
35
36
38
41
42
44
45
46
47
48
49
51
52
55
57
60
62
64
65
66
68
69
70
71
72
73
74
76
77
78
80
81
82
83
84
85
86
87
88
89
90
91
92
93
94
97
98
99
100
101
102
104
105
106
107
108
109
110
111
112
113
114
115
116
117
119
121
122
123
124
125
129
130
131
133
134
136
137
138
141
142
143
144
145
146
147
148
149
150
151
152
153
154
155
156
157
158
159
160
161
162
163
164
165
167
168
169
171
172
173
174
175
176
177
178
179
180
181
182
185
186
187
189
190
191
192
193
194
195
198
199
200
201
203
205
208
209
211
212
213
214
216
217
218
219
220
221
223
225
226
227
228
231
232
233
234
235
236
238
239
240
241
242
243
244
245
247
248
250
252
254
255
258
259
260
262
263
266
267
268
270
272
273
274
275
276
277
278
280
281
282
283
286
287
288
289
290
291
292
295
296
297
299
301
302
303
304
306
307
308
309
310
311
312
313
314
315
316
317
318
319
321
322
324
325
326
327
328
329
330
331
334
335
336
338
339
340
341
342
343
346
347
348
349
351
353
354
355
356
357
358
359
361
362
363
365
366
368
369
371
372
374
375
376
377
378
379
381
382
384
385
386
387
388
391
393
394
395
396
397
398
399
400
401
404
405
406
407
408
411
413
415
416
417
418
419
420
421
422
423
424
425
427
429
430
431
432
433
436
437
438
441
442
443
444
445
448
450
451
453
455
459
461
462
463
465
466
468
469
472
474
475
478
479
480
481
483
484
486
487
489
490
492
496
498
499
500
501
502
505
506
507
510
511
512
513
514
515
516
518
519
523
524
525
527
528
530
531
532
534
535
536
537
538
540
541
542
543
544
545
546
547
548
549
550
551
552
553
555
556
557
559
560
561
563
564
565
566
567
569
570
571
572
574
575
576
577
579
580
581
582
583
584
586
589
590
591
592
594
595
598
599
600
601
602
604
605
606
607
608
609
610
611
612
613
614
615
616
617
620
621
622
623
624
625
626
628
629
630
631
632
633
635
636
637
638
639
641
643
645
647
649
651
653
655
658
660
662
663
665
667
668
669
670
671
673
674
675
677
678
679
680
681
683
684
685
686
687
688
691
693
695
696
699
700
701
702
703
704
705
706
708
710
711
712
714
715
716
717
718
719
720
721
722
723
724
725
726
727
728
729
730
731
732
733
737
738
740
741
742
743
745
746
747
748
749
750
752
753
755
757
758
759
760
761
764
765
766
767
769
770
771
773
774
775
776
777
778
780
782
783
784
786
787
788
790
791
792
793
794
797
799
800
802
804
807
808
811
812
813
818
819
820
822
823
824
825
827
828
831
832
833
834
835
836
837
838
839
840
841
842
843
844
845
846
847
848
849
850
852
854
855
856
857
859
860
861
862
864
866
867
869
871
872
873
874
875
877
878
879
880
881
882
884
885
886
887
888
889
890
892
893
894
895
896
897
898
899
901
903
904
906
907
908
909
910
911
912
913
914
915
916
917
918
919
920
922
923
924
928
929
930
931
932
935
936
938
939
941
942
943
945
947
949
950
952
953
954
955
956
957
958
959
960
962
963
966
967
968
970
972
975
976
977
978
979
980
981
982
983
984
985
986
987
988
989
990
991
994
995
997
999
1000
1001
1002
1003
1004
1007
1008
1010
1012
1013
1015
1018
1019
1020
1021
1023
1024
1025
1026
1027
1028
1029
1032
1033
1034
1036
1037
1038
1039
1040
1042
1043
1044
1045
1046
1049
1050
1051
1053
1056
1058
1059
1061
1062
1063
1064
1065
1066
1068
1069
1070
1071
1072
1073
1075
1076
1077
1078
1079
1080
1081
1082
1084
1085
1087
1089
1091
1092
1093
1094
1095
1096
1097
1099
1100
1102
1103
1104
1105
1106
1108
1109
1110
1111
1112
1113
1114
1119
1120
1121
1122
1124
1125
1127
1128
1129
1130
1132
1133
1134
1135
1136
1137
1139
1140
1142
1143
1144
1145
1147
1149
1150
1151
1154
1155
1156
1158
1159
1160
1161
1162
1163
1164
1167
1168
1170
1171
1172
1173
1174
1175
1176
1177
1180
1182
1183
1184
1186
1187
1188
1190
1191
1193
1194
1195
1196
1197
1199
1201
1203
1204
1205
1208
1209
1211
1212
1214
1215
1216
1218
1219
1220
1221
1222
1223
1225
1226
1227
1228
1231
1233
1236
1237
1238
1240
1241
1242
1244
1245
1246
1247
1248
1250
1252
1253
1254
1255
1256
1257
1259
1261
1264
1267
1268
1269
1270
1271
1272
1273
1274
1275
1276
1278
1279
1280
1281
1282
1283
1284
1285
1286
1287
1288
1289
1291
1292
1293
1294
1295
1296
1297
1298
1299
1300
1301
1302
1305
1307
1308
1310
1311
1312
1313
1314
1315
1316
1318
1320
1321
1322
1323
1324
1325
1326
1327
1328
1329
1330
1331
1332
1333
1334
1335
1336
1338
1339
1340
1341
1342
1343
1344
1345
1346
1347
1348
1350
1352
1353
1354
1355
1356
1357
1358
1359
1360
1362
1364
1365
1366
1369
1370
1372
1374
1375
1377
1378
1380
1381
1382
1383
1385
1386
1388
1389
1390
1391
1392
1393
1394
1395
1397
1399
1400
1401
1402
1403
1404
1405
1406
1408
1409
1410
1411
1412
1413
1414
1415
1416
1417
1419
1421
1422
1423
1424
1425
1426
1427
1428
1429
1430
1431
1432
1433
1438
1440
1441
1442
1443
1444
1446
1447
1448
1449
1451
1452
1454
1455
1456
1458
1459
1460
1461
1465
1467
1469
1470
1471
1472
1473
1475
1476
1478
1479
1484
1485
1486
1488
1489
1491
1492
1493
1494
1496
1498
1501
1502
1505
1507
1512
1513
1514
1515
1518
1520
1521
1522
1523
1524
1525
1527
1528
1530
1531
1532
1533
1534
1535
1536
1537
1538
1540
1541
1542
1543
1544
1547
1548
1551
1552
1553
1554
1555
1556
1557
1558
1559
1560
1561
1562
1563
1564
1565
1566
1568
1569
1570
1571
1573
1574
1576
1577
1578
1580
1581
1583
1584
1585
1586
1587
1588
1591
1592
1594
1595
1596
1597
1598
1600
1601
1602
1603
1604
1605
1606
1607
1611
1612
1613
1616
1617
1618
1619
1620
1621
1624
1626
1628
1629
1631
1632
1634
1636
1637
1638
1639
1642
1643
1645
1646
1648
1649
1650
1652
1653
1654
1656
1658
1659
1660
1661
1662
1663
1665
1666
1668
1670
1672
1674
1675
1676
1678
1679
1681
1682
1683
1684
1685
1686
1688
1689
1690
1691
1692
1693
1694
1696
1697
1698
1700
1702
1703
1704
1705
1706
1707
1708
1709
1710
1711
1712
1713
1714
1715
1717
1718
1719
1720
1721
1723
1724
1726
1729
1730
1731
1732
1733
1734
1735
1737
1738
1739
1740
1742
1743
1744
1745
1747
1748
1749
1751
1753
1754
1755
1756
1757
1758
1759
1760
1761
1762
1763
1765
1767
1768
1769
1770
1772
1773
1774
1775
1776
1778
1779
1781
1782
1783
1785
1786
1787
1788
1789
1790
1791
1793
1794
1795
1797
1799
1800
1801
1803
1805
1806
1808
1809
1810
1811
1812
1814
1815
1817
1818
1819
1820
1822
1826
1829
1831
1832
1834
1835
1836
1837
1841
1842
1843
1844
1846
1847
1849
1851
1852
1853
1856
1857
1859
1862
1863
1864
1865
1866
1867
1870
1872
1873
1874
1875
1877
1878
1879
1881
1882
1884
1885
1887
1888
1892
1893
1894
1895
1896
1897
1899
1900
1901
1903
1904
1905
1907
1908
1910
1911
1912
1913
1914
1915
1916
1918
1920
1921
1922
1924
1925
1926
1927
1928
1929
1931
1932
1934
1935
1936
1937
1938
1939
1940
1941
1943
1944
1947
1948
1950
1951
1954
1955
1956
1957
1958
1959
1960
1961
1962
1963
1964
1965
1966
1967
1969
1971
1972
1973
1974
1977
1978
1980
1982
1983
1985
1986
1987
1988
1989
1990
1991
1992
1994
1995
1997
1998
1999
2001
2002
2003
2004
2005
2007
2008
2009
2010
2011
2012
2013
2014
2015
2016
2017
2018
2019
2020
2021
2022
2023
2024
2025
2026
2027
2028
2029
2031
2032
2033
2034
2035
2036
2037
2038
2039
2040
2041
2042
2043
2044
2045
2046
2047
2048
2049
2050
2052
2053
2055
2056
2058
2059
2061
2062
2063
2064
2065
2067
2068
2069
2070
2071
2072
2073
2074
2075
2076
2077
2078
2079
2080
2081
2082
2083
2084
