2
7
8
10
12
13
14
17
19
22
23
25
28
30
32
38
39
40
41
47
48
49
52
53
56
60
61
62
66
68
69
70
71
72
73
75
80
81
82
91
92
93
94
95
97
98
99
100
102
103
104
107
108
109
111
114
122
123
126
129
130
131
135
136
137
139
142
144
146
147
148
150
152
156
157
158
160
163
164
166
167
169
170
173
175
176
177
178
181
184
187
188
191
193
195
199
202
205
206
207
212
214
215
217
218
219
221
223
224
225
228
233
236
238
241
242
243
244
246
247
249
253
254
259
260
262
266
269
271
272
274
276
281
283
284
288
289
290
291
293
294
296
298
300
301
304
305
308
315
316
318
322
324
326
327
328
330
331
334
337
339
340
341
342
344
346
349
350
351
352
354
358
361
362
363
364
366
367
368
369
370
371
376
377
379
380
381
383
384
385
386
388
390
392
393
399
400
404
405
407
411
413
414
415
416
417
421
422
423
424
428
429
436
438
439
440
441
448
450
452
453
454
458
462
463
466
468
472
473
474
479
481
482
483
485
487
489
490
493
494
496
497
498
499
500
507
510
512
513
514
515
517
518
521
522
524
525
527
530
534
537
541
543
545
546
548
549
550
551
552
554
555
556
561
568
569
574
578
580
585
586
588
591
594
598
600
602
603
604
609
610
615
616
619
620
621
622
624
625
626
627
630
632
634
636
645
646
648
650
653
656
660
661
662
665
671
676
677
680
681
683
685
686
689
691
692
693
694
697
698
699
704
707
712
714
716
718
720
721
723
728
729
732
743
744
747
748
749
750
752
757
758
759
760
761
762
764
769
773
775
776
778
779
780
782
783
785
786
789
792
794
796
797
799
800
801
805
806
807
808
811
815
819
820
821
823
825
826
827
828
830
833
838
839
840
845
848
849
854
856
862
864
866
868
871
873
874
876
877
878
882
883
886
887
888
891
893
895
897
899
900
902
905
910
911
912
915
916
918
919
921
922
925
926
927
928
929
930
933
934
935
936
937
938
945
946
949
950
954
955
957
959
960
961
962
963
965
966
967
970
971
974
977
979
980
983
985
986
990
994
996
997
1001
1004
1006
1007
1010
1011
1014
1015
1016
1017
1018
1019
1022
1023
1024
1030
1032
1036
1037
1039
1041
1043
1044
1045
1046
1050
1054
1055
1056
1058
1059
1060
1063
1064
1065
1066
1069
1073
1078
1079
1082
1083
1084
1087
1089
1090
1091
1095
1098
1100
1101
1102
1104
1105
1108
1109
1112
1113
1115
1119
1122
1124
1127
1128
1129
1131
1132
1133
1136
1138
1139
1141
1142
1144
1145
1146
1147
1149
1151
1153
1154
1156
1160
1161
1163
1166
1168
1169
1170
1171
1172
1174
1177
1179
1180
1181
1184
1186
1187
1190
1192
1193
1195
1198
1199
1200
1201
1204
1207
1208
1209
1211
1212
1213
1215
1220
1221
1222
1223
1225
1227
1231
1235
1238
1241
1243
1246
1248
1249
1250
1252
1255
1256
1257
1262
1263
1265
1266
1268
1275
1280
1281
1282
1284
1286
1288
1291
1292
1294
1296
1298
1299
1301
1304
1308
1309
1310
1311
1312
1314
1316
1318
1320
1322
1323
1324
1325
1328
1330
1333
1340
1341
1342
1343
1347
1351
1352
1353
1355
1357
1358
1359
1360
1363
1364
1366
1367
1368
1369
1370
1372
1374
1375
1376
1377
1380
1385
1386
1387
1389
1391
1392
1396
1398
1400
1403
1405
1406
1409
1415
1417
1418
1421
1424
1425
1430
1432
1434
1435
1436
1438
1444
1445
1447
1452
1455
1456
1457
1459
1461
1462
1463
1464
1468
1469
1471
1474
1477
1482
1483
1486
1488
1490
1491
1493
1496
1497
1501
1502
1503
1506
1507
1511
1514
1515
1517
1518
1519
1520
1521
1523
1529
1533
1535
1536
1537
1539
1540
1544
1545
1546
1547
1551
1554
1558
1559
1565
1566
1571
1573
1575
1578
1579
1580
1581
1582
1583
1584
1585
1587
1588
1590
1593
1597
1598
1599
1600
1602
1604
1607
1608
1610
1612
1613
1614
1615
1616
1617
1619
1623
1624
1625
1626
1629
1633
1634
1640
1641
1644
1646
1647
1648
1650
1651
1653
1655
1656
1658
1660
1661
1668
1671
1673
1677
1678
1679
1680
1682
1684
1686
1687
1688
1690
1692
1694
1696
1703
1705
1706
1707
1713
1717
1718
1719
1722
1723
1724
1727
1728
1730
1731
1732
1733
1734
1737
1738
1739
1740
1742
1744
1745
1748
1749
1750
1752
1756
1757
1763
1765
1767
1770
1772
1773
1774
1780
1782
1783
1786
1787
1790
1792
1793
1794
1795
1797
1798
1799
1800
1801
1802
1804
1805
1806
1807
1812
1818
1820
1821
1822
1823
1824
1826
1827
1829
1833
1836
1837
1839
1841
1842
1843
1845
1846
1847
1852
1853
1857
1859
1861
1862
1863
1864
1866
1867
1869
1870
1874
1875
1879
1880
1885
1887
1889
1891
1892
1896
1898
1900
1901
1903
1905
1910
1912
1915
1918
1919
1922
1923
1924
1925
1927
1928
1931
1933
1934
1935
1939
1940
1942
1943
1944
1945
1955
1958
1960
1962
1963
1964
1965
1967
1968
1969
1970
1971
1972
1975
1977
1981
1983
1986
1991
1992
1993
1994
1995
1996
1998
2000
2002
2003
2005
2007
2008
2009
2011
2012
2013
2014
2015
2016
2017
2018
2019
2020
2021
2023
2024
2025
2026
2027
2028
2029
2030
2031
2033
2034
2035
2036
2037
2038
2039
2040
2041
2042
2044
2045
2046
2047
2048
2049
2050
2051
2052
2053
2055
2056
2057
2059
2060
2061
2062
2063
2064
2065
2066
2067
2068
2070
2071
2072
2073
2074
2075
2076
2078
2079
2081
2082
2083
2084
