0
2
3
4
10
11
13
14
15
19
30
34
43
46
48
64
65
66
70
71
73
75
78
79
81
83
91
102
107
111
117
121
123
126
128
129
152
154
155
166
175
189
196
199
206
214
225
238
239
243
249
250
251
255
256
258
259
264
265
268
274
284
288
291
292
297
301
302
305
306
309
310
312
315
318
319
320
322
327
334
335
337
341
343
349
353
363
366
376
381
385
387
388
395
400
411
415
421
426
428
430
432
434
446
447
455
464
465
466
479
484
485
486
487
488
492
499
502
503
513
518
519
521
526
532
534
539
542
546
552
553
556
564
567
568
573
581
585
590
593
598
605
606
613
622
623
625
633
645
646
650
652
656
663
666
667
669
674
677
678
681
683
685
687
689
694
695
697
699
701
702
714
716
725
738
743
747
748
749
755
757
760
761
762
774
784
785
791
794
804
808
813
814
815
820
822
823
825
827
833
840
843
854
862
863
872
876
878
880
883
884
886
890
893
896
899
900
907
910
911
916
923
924
929
936
939
946
956
962
971
981
984
985
988
993
998
1003
1005
1012
1014
1017
1019
1027
1034
1039
1040
1056
1057
1058
1061
1070
1071
1076
1077
1083
1086
1093
1094
1098
1100
1102
1106
1109
1113
1115
1121
1123
1127
1134
1136
1140
1142
1147
1148
1156
1157
1162
1165
1166
1168
1172
1174
1178
1180
1185
1186
1187
1190
1193
1197
1203
1210
1228
1239
1254
1258
1261
1262
1264
1267
1268
1270
1275
1285
1286
1297
1303
1304
1307
1310
1322
1326
1331
1333
1339
1342
1345
1349
1357
1361
1367
1368
1369
1370
1373
1374
1376
1378
1380
1383
1385
1393
1395
1397
1402
1406
1410
1429
1433
1445
1446
1450
1451
1452
1459
1463
1464
1467
1475
1476
1477
1484
1487
1490
1492
1496
1497
1501
1502
1506
1510
1511
1513
1516
1519
1523
1525
1529
1534
1536
1539
1555
1556
1566
1567
1574
1576
1580
1582
1585
1588
1595
1610
1619
1625
1627
1634
1638
1642
1643
1644
1653
1656
1662
1664
1666
1667
1669
1672
1677
1678
1683
1684
1686
1690
1692
1693
1698
1708
1713
1716
1721
1724
1726
1731
1741
1742
1748
1758
1764
1773
1778
1780
1791
1808
1812
1818
1819
1820
1822
1829
1830
1837
1843
1846
1849
1855
1863
1864
1867
1882
1884
1887
1889
1894
1904
1908
1910
1913
1916
1920
1921
1932
1934
1935
1939
1943
1945
1951
1956
1958
1960
1967
1969
1970
1972
1975
1976
1978
1982
1984
1985
1989
1990
1996
2000
2001
2003
2005
2006
2007
2008
2009
2010
2011
2014
2018
2019
2020
2022
2023
2027
2031
2032
2033
2038
2040
2041
2042
2043
2044
2045
2046
2047
2048
2050
2051
2052
2054
2056
2059
2063
2064
2067
2068
2070
2071
2074
2078
2079
2084
