1
3
4
9
11
13
16
18
25
30
31
33
42
46
51
53
59
60
62
64
65
67
72
83
100
105
113
115
119
132
139
142
147
150
163
164
167
169
175
185
191
192
194
195
201
207
208
211
225
228
243
245
246
249
252
259
263
266
275
277
283
295
297
300
301
309
318
323
327
331
336
339
347
349
351
353
354
355
359
360
374
380
386
387
390
392
396
400
404
407
411
417
422
427
430
431
432
433
436
442
456
460
463
464
466
472
477
486
493
494
496
511
516
529
543
546
551
553
559
564
565
568
573
575
579
581
583
593
594
605
607
611
613
629
632
633
634
635
638
641
642
646
651
657
668
675
676
681
688
689
695
699
718
720
721
723
739
740
746
752
754
757
772
773
776
778
779
782
784
792
797
800
801
812
815
826
829
830
833
834
840
843
845
854
858
860
863
864
866
869
873
874
885
886
895
901
904
908
909
912
913
914
915
916
918
927
931
932
935
939
941
944
945
949
951
954
955
956
957
960
965
968
972
981
984
986
991
994
1003
1006
1012
1013
1018
1019
1021
1024
1027
1039
1045
1050
1053
1055
1060
1061
1062
1066
1071
1073
1076
1084
1089
1093
1095
1102
1103
1105
1112
1117
1120
1127
1129
1140
1141
1149
1166
1168
1171
1186
1188
1196
1199
1200
1201
1203
1214
1216
1220
1222
1223
1228
1231
1239
1242
1248
1251
1254
1259
1262
1264
1268
1269
1274
1277
1279
1284
1285
1289
1291
1292
1301
1302
1305
1306
1310
1313
1314
1324
1328
1330
1332
1343
1354
1358
1370
1376
1377
1378
1379
1380
1390
1391
1396
1401
1407
1408
1421
1422
1423
1424
1426
1431
1444
1448
1450
1452
1455
1469
1478
1491
1493
1494
1503
1505
1506
1507
1508
1510
1512
1517
1518
1522
1529
1533
1537
1544
1548
1551
1553
1554
1555
1561
1570
1574
1577
1580
1588
1591
1594
1599
1606
1608
1610
1618
1619
1623
1644
1646
1648
1649
1665
1666
1669
1674
1681
1685
1688
1692
1693
1699
1710
1714
1719
1721
1726
1728
1730
1734
1740
1744
1745
1746
1747
1749
1763
1764
1765
1777
1779
1782
1785
1789
1790
1791
1800
1806
1807
1808
1812
1817
1821
1822
1829
1831
1843
1861
1867
1869
1870
1880
1887
1891
1909
1916
1918
1919
1920
1930
1933
1935
1939
1940
1941
1943
1946
1947
1948
1950
1956
1958
1960
1969
1974
1978
1980
1984
1985
1997
2000
2001
2003
2004
2005
2007
2008
2009
2010
2011
2012
2013
2015
2017
2018
2019
2022
2023
2024
2025
2026
2027
2028
2029
2031
2032
2033
2035
2037
2039
2040
2041
2042
2043
2044
2045
2046
2047
2049
2050
2051
2052
2054
2055
2058
2059
2061
2063
2064
2066
2067
2068
2069
2070
2071
2072
2074
2076
2077
2079
2081
2082
2083
2084
