3
5
36
41
71
101
104
109
143
150
158
204
206
228
249
267
275
281
283
288
292
297
305
322
325
331
347
353
362
383
400
409
410
419
432
445
465
478
502
512
517
533
534
538
555
558
585
604
624
625
639
661
666
667
670
705
720
722
745
746
753
758
782
790
841
849
864
870
886
887
905
919
967
972
974
985
993
1007
1012
1013
1024
1033
1058
1059
1066
1075
1084
1108
1121
1124
1129
1134
1168
1200
1213
1216
1228
1281
1298
1301
1303
1327
1336
1344
1350
1368
1380
1420
1424
1431
1442
1467
1474
1475
1478
1483
1489
1490
1491
1496
1531
1538
1563
1564
1565
1570
1578
1597
1614
1619
1621
1624
1632
1635
1654
1658
1666
1684
1693
1696
1712
1735
1753
1763
1765
1769
1775
1779
1788
1789
1794
1795
1814
1822
1827
1828
1835
1842
1862
1866
1870
1882
1927
1935
1947
1961
1985
1993
2000
2001
2004
2005
2007
2008
2010
2012
2018
2020
2021
2022
2023
2026
2027
2030
2031
2035
2038
2044
2046
2050
2051
2052
2054
2056
2057
2061
2062
2068
2070
2071
2072
2073
2076
2077
2078
2080
2083
2084
