1
4
6
8
9
11
15
16
17
18
19
22
23
24
28
32
34
37
38
39
41
42
45
47
48
49
52
54
56
57
58
59
64
66
69
70
72
75
76
78
79
83
84
86
87
88
89
92
93
94
98
100
101
102
103
104
105
106
107
108
109
111
113
114
117
120
121
123
124
125
128
129
130
135
136
138
142
146
149
150
151
152
153
155
156
158
161
166
167
169
170
172
173
176
177
180
184
186
188
190
191
192
194
196
199
200
204
205
207
208
209
210
211
213
214
216
217
218
219
220
222
223
229
233
234
235
236
238
239
246
248
251
253
254
255
256
264
265
266
267
268
269
272
275
277
279
281
288
290
291
292
293
298
301
304
305
309
310
315
317
320
322
323
326
329
331
332
335
337
338
339
341
343
345
346
347
350
355
359
361
363
365
366
370
374
376
377
381
383
385
386
389
390
392
394
395
397
400
406
410
411
413
414
416
418
419
420
422
423
428
429
432
435
436
437
447
448
450
451
452
453
454
456
457
458
461
462
463
464
465
470
474
477
478
479
484
485
488
489
493
496
498
499
500
504
505
506
509
512
513
515
516
517
518
521
526
530
536
538
539
542
543
544
545
546
550
551
553
558
559
562
563
568
569
571
572
574
575
576
577
578
579
581
584
587
588
591
593
595
598
601
603
606
607
608
609
614
615
618
619
624
625
629
631
632
633
635
638
641
643
646
647
648
649
650
652
654
655
656
658
659
660
665
667
669
676
679
680
682
683
685
687
688
689
691
692
693
695
696
699
704
705
706
709
710
715
718
720
722
723
725
726
727
729
731
732
733
735
739
742
743
750
751
752
755
756
757
761
762
763
765
766
770
773
774
776
777
778
781
782
783
788
790
792
793
794
797
801
805
808
809
811
812
814
815
817
819
820
823
824
826
827
829
832
833
835
836
838
840
842
849
850
851
852
855
856
858
859
860
862
864
865
866
868
869
870
875
876
878
881
883
884
886
887
888
889
891
892
893
894
895
896
902
905
909
910
911
912
914
915
916
918
921
922
923
924
929
931
932
934
938
939
943
944
950
952
953
954
955
957
958
959
961
963
964
965
966
967
969
972
973
974
975
976
977
980
982
984
988
990
991
993
994
997
998
1000
1001
1002
1003
1004
1005
1006
1007
1011
1012
1014
1015
1016
1018
1019
1021
1025
1026
1027
1030
1031
1032
1034
1036
1039
1040
1044
1045
1046
1049
1053
1056
1058
1060
1064
1066
1067
1069
1071
1073
1074
1077
1085
1086
1087
1088
1089
1090
1091
1094
1095
1097
1098
1099
1100
1103
1106
1110
1111
1113
1116
1118
1119
1120
1126
1128
1131
1133
1136
1138
1140
1141
1143
1144
1145
1146
1154
1155
1158
1160
1166
1170
1171
1172
1174
1179
1183
1186
1190
1191
1194
1199
1203
1204
1205
1208
1213
1214
1216
1218
1220
1222
1224
1228
1231
1232
1234
1235
1236
1237
1238
1240
1242
1250
1252
1254
1255
1258
1261
1262
1265
1268
1270
1275
1277
1278
1281
1282
1286
1287
1289
1292
1294
1296
1297
1299
1300
1301
1303
1304
1305
1306
1307
1311
1312
1313
1321
1323
1324
1326
1328
1329
1330
1331
1340
1342
1343
1349
1351
1352
1354
1355
1358
1362
1363
1366
1367
1368
1370
1371
1374
1376
1378
1379
1380
1385
1387
1388
1389
1391
1393
1396
1397
1398
1399
1400
1401
1404
1405
1406
1407
1408
1409
1414
1418
1420
1423
1429
1434
1435
1437
1438
1441
1443
1444
1447
1449
1450
1452
1454
1455
1460
1463
1465
1468
1471
1472
1475
1476
1477
1478
1480
1481
1482
1485
1486
1487
1489
1491
1492
1493
1495
1498
1502
1504
1505
1506
1511
1512
1514
1516
1518
1523
1525
1526
1527
1528
1529
1530
1534
1535
1536
1537
1541
1547
1548
1551
1555
1556
1557
1559
1561
1563
1566
1568
1572
1574
1575
1576
1580
1582
1584
1585
1586
1587
1588
1590
1591
1592
1594
1595
1597
1603
1604
1606
1608
1610
1611
1612
1616
1618
1619
1621
1622
1623
1624
1627
1628
1629
1631
1632
1633
1637
1639
1640
1642
1644
1646
1649
1652
1653
1654
1655
1660
1661
1662
1663
1665
1666
1667
1668
1669
1670
1674
1678
1680
1681
1682
1684
1685
1687
1688
1692
1693
1694
1695
1701
1703
1705
1706
1708
1710
1712
1713
1714
1715
1716
1717
1718
1720
1721
1723
1724
1730
1731
1733
1734
1735
1736
1737
1740
1744
1745
1746
1751
1752
1753
1754
1761
1762
1765
1766
1767
1768
1769
1773
1775
1780
1781
1783
1784
1785
1786
1787
1789
1791
1798
1800
1803
1804
1806
1807
1808
1811
1812
1813
1815
1817
1818
1819
1820
1822
1823
1824
1826
1827
1828
1830
1837
1841
1849
1850
1851
1852
1854
1856
1858
1861
1864
1865
1867
1870
1876
1877
1886
1887
1893
1895
1896
1897
1898
1899
1901
1902
1903
1904
1906
1907
1908
1913
1914
1918
1920
1921
1923
1924
1925
1926
1928
1932
1934
1940
1942
1943
1945
1951
1954
1955
1956
1960
1961
1962
1963
1970
1971
1974
1978
1980
1981
1982
1986
1990
1997
1998
1999
2001
2003
2004
2005
2006
2007
2008
2009
2010
2011
2012
2013
2014
2015
2017
2018
2019
2020
2021
2022
2024
2025
2026
2027
2028
2031
2032
2033
2034
2035
2036
2037
2038
2039
2040
2042
2043
2044
2046
2047
2048
2049
2050
2051
2052
2054
2056
2057
2058
2059
2061
2062
2063
2064
2065
2067
2068
2069
2070
2071
2072
2073
2074
2075
2076
2077
2078
2079
2080
2081
2083
2084
