4
11
17
18
29
44
51
56
58
59
60
64
66
77
88
89
90
102
107
126
127
133
137
138
144
152
154
158
162
163
166
175
178
182
190
192
194
195
198
203
204
205
211
213
218
219
220
222
225
230
233
235
239
241
242
253
255
258
267
269
281
284
285
287
288
294
297
300
326
331
339
344
354
356
360
362
367
368
370
371
372
376
377
383
384
394
396
400
405
406
409
410
412
413
416
417
419
420
422
426
433
437
444
445
447
450
452
457
462
473
482
483
484
486
496
499
500
502
506
509
511
512
515
516
518
525
530
537
541
542
549
550
560
563
571
576
577
584
588
598
600
602
605
607
613
614
622
627
631
632
633
647
652
653
654
656
657
665
668
675
680
681
683
686
688
694
700
703
706
708
709
710
712
723
728
729
733
735
737
738
739
747
749
755
757
768
771
774
778
779
784
796
801
802
805
812
814
827
830
836
840
843
845
849
855
859
860
861
863
872
878
880
881
885
886
895
902
905
906
910
913
919
923
930
937
938
939
954
958
962
967
971
975
977
979
983
984
985
991
1000
1003
1005
1007
1011
1012
1013
1016
1022
1025
1035
1036
1039
1040
1041
1044
1053
1058
1060
1069
1072
1073
1075
1082
1086
1101
1103
1105
1106
1117
1134
1137
1139
1140
1145
1150
1154
1166
1171
1172
1176
1177
1178
1179
1180
1181
1185
1190
1193
1199
1201
1205
1207
1208
1213
1217
1220
1221
1222
1223
1225
1231
1244
1247
1254
1259
1261
1270
1278
1280
1282
1284
1289
1291
1292
1295
1299
1301
1303
1306
1307
1313
1316
1319
1320
1322
1326
1330
1333
1336
1341
1344
1345
1347
1350
1356
1366
1372
1377
1380
1390
1394
1395
1396
1402
1416
1420
1421
1424
1425
1432
1441
1444
1446
1450
1452
1455
1464
1469
1475
1478
1481
1485
1490
1496
1505
1508
1510
1511
1514
1522
1530
1536
1548
1552
1554
1557
1563
1564
1565
1566
1574
1575
1577
1578
1585
1587
1590
1591
1592
1596
1601
1602
1606
1608
1617
1618
1621
1622
1623
1625
1629
1633
1637
1638
1651
1654
1663
1666
1677
1684
1688
1691
1697
1711
1715
1718
1720
1723
1724
1726
1727
1730
1731
1733
1735
1740
1754
1756
1769
1779
1782
1783
1789
1790
1812
1822
1825
1831
1835
1836
1837
1842
1846
1849
1852
1853
1856
1863
1867
1879
1881
1887
1902
1904
1905
1909
1910
1922
1927
1928
1933
1935
1941
1959
1961
1967
1972
1988
2000
2001
2003
2004
2005
2008
2011
2014
2015
2016
2017
2021
2022
2023
2025
2026
2027
2028
2031
2032
2033
2035
2036
2037
2038
2039
2041
2044
2045
2046
2047
2048
2049
2054
2056
2057
2061
2062
2063
2064
2065
2067
2068
2071
2075
2076
2077
2078
2079
2080
2081
2083
2084
