5
9
14
18
24
32
42
44
46
48
50
54
56
58
60
62
63
64
65
70
72
73
75
78
82
90
96
99
106
111
116
121
122
128
137
144
154
157
158
163
166
172
177
183
186
191
192
198
206
211
214
215
218
220
225
229
244
253
255
258
274
275
276
283
287
288
290
291
295
298
299
308
311
315
318
319
323
324
330
331
335
336
345
346
347
353
358
361
362
373
386
390
399
409
413
416
422
423
430
432
433
434
437
438
445
448
450
451
463
470
473
479
482
487
489
494
495
496
499
502
503
504
508
510
512
517
518
519
522
524
534
535
543
545
547
554
556
561
563
564
568
578
580
581
584
590
591
595
600
601
603
607
608
610
613
633
638
650
651
655
657
660
661
663
668
669
670
671
674
676
678
685
687
693
694
699
700
701
703
706
720
732
736
738
742
746
747
753
771
775
782
786
790
794
796
797
805
807
810
813
814
816
833
834
836
838
843
852
856
862
865
873
881
882
885
887
898
902
905
907
908
909
911
913
914
920
934
943
947
953
956
962
965
972
974
982
986
992
997
1002
1010
1013
1014
1015
1035
1041
1044
1052
1053
1057
1065
1066
1079
1086
1089
1093
1103
1109
1110
1113
1122
1124
1127
1142
1143
1146
1153
1155
1166
1170
1171
1173
1175
1176
1180
1188
1191
1195
1198
1211
1214
1216
1220
1223
1227
1240
1254
1258
1259
1260
1270
1274
1276
1285
1287
1289
1293
1301
1305
1310
1322
1323
1333
1336
1337
1340
1345
1350
1361
1364
1368
1373
1374
1385
1387
1391
1396
1397
1398
1400
1401
1406
1413
1426
1444
1447
1459
1472
1475
1476
1479
1483
1491
1492
1493
1494
1499
1508
1517
1522
1523
1524
1525
1526
1533
1548
1549
1554
1555
1558
1559
1561
1569
1572
1575
1576
1582
1586
1589
1590
1595
1599
1601
1607
1608
1610
1619
1622
1623
1626
1627
1628
1630
1631
1632
1634
1636
1638
1644
1645
1647
1658
1666
1668
1669
1674
1682
1683
1685
1688
1689
1692
1694
1705
1707
1709
1712
1716
1719
1720
1724
1726
1728
1730
1732
1741
1742
1743
1744
1747
1755
1757
1758
1765
1768
1769
1773
1774
1786
1790
1791
1795
1803
1805
1819
1820
1821
1831
1839
1842
1847
1850
1855
1856
1858
1866
1880
1882
1886
1887
1896
1897
1904
1918
1931
1933
1950
1967
1969
1970
1971
1972
1973
1978
1981
1984
1989
1991
1993
1996
2001
2002
2003
2005
2007
2008
2009
2010
2011
2012
2013
2014
2015
2016
2017
2018
2019
2022
2024
2025
2026
2027
2028
2029
2030
2035
2036
2038
2039
2040
2041
2042
2043
2044
2046
2049
2050
2051
2052
2053
2054
2055
2058
2059
2061
2065
2066
2067
2068
2070
2071
2074
2075
2076
2077
2079
2080
2081
2082
2083
2084
