0
1
3
5
6
8
9
10
15
16
19
20
22
23
24
26
29
30
33
40
42
45
46
47
52
55
56
58
60
65
68
72
78
79
81
82
83
96
97
100
102
105
106
109
110
111
113
114
115
116
120
124
132
136
137
138
150
157
158
162
165
169
170
171
174
175
176
177
179
180
183
184
190
191
192
195
200
201
207
208
209
211
214
217
222
224
225
226
227
228
233
235
236
238
241
242
243
251
254
256
257
259
260
261
265
268
269
271
273
276
281
286
287
288
289
290
293
298
300
301
304
306
308
311
315
317
322
324
328
331
332
334
336
337
338
339
340
341
343
344
345
346
347
349
350
351
355
356
359
360
361
362
364
366
368
377
382
383
384
385
386
387
389
390
392
393
394
395
397
399
401
403
404
407
409
411
420
421
422
424
428
429
433
434
436
437
438
439
440
441
442
445
449
450
462
464
466
468
470
471
472
474
477
478
481
482
483
484
487
488
489
492
495
496
501
503
505
513
515
516
517
518
520
521
524
525
526
527
528
530
531
536
537
538
539
540
541
542
543
545
546
547
549
550
551
553
555
561
564
565
568
569
570
573
580
581
583
585
589
591
592
596
599
602
603
604
605
606
608
611
613
614
616
618
620
622
623
625
627
632
633
634
635
638
643
644
646
649
651
652
656
657
660
663
667
669
676
678
679
681
683
684
685
686
688
691
693
695
697
699
701
703
704
711
714
715
716
720
729
730
731
733
736
739
740
743
744
747
748
751
753
755
758
759
760
761
762
766
767
770
772
773
774
779
780
781
782
783
784
785
786
787
788
789
792
796
797
800
801
804
806
809
812
813
814
815
819
821
822
824
826
827
829
830
831
832
834
835
836
839
840
842
843
850
854
856
858
862
865
867
868
869
870
874
876
877
878
879
885
887
888
889
890
891
894
896
897
898
899
900
902
903
904
905
908
909
910
911
913
915
916
917
918
919
922
923
928
929
931
932
933
936
940
943
944
945
947
948
949
952
954
955
956
957
958
960
962
964
965
966
967
968
969
973
974
975
978
979
981
983
988
990
991
992
994
995
1000
1003
1005
1006
1007
1008
1009
1010
1012
1016
1019
1021
1024
1025
1027
1028
1029
1032
1037
1039
1040
1044
1045
1047
1050
1051
1052
1055
1056
1060
1065
1066
1068
1070
1071
1074
1076
1079
1081
1082
1084
1089
1091
1098
1101
1102
1103
1109
1110
1111
1116
1119
1122
1123
1125
1126
1127
1128
1129
1130
1131
1134
1136
1139
1140
1143
1144
1146
1147
1148
1149
1153
1154
1160
1161
1162
1166
1167
1170
1171
1173
1174
1176
1180
1181
1185
1187
1190
1196
1197
1198
1201
1203
1204
1208
1209
1210
1211
1212
1213
1214
1215
1217
1218
1219
1220
1222
1223
1225
1227
1234
1235
1237
1241
1242
1244
1245
1248
1249
1253
1254
1255
1256
1257
1259
1262
1266
1267
1272
1275
1276
1277
1279
1280
1281
1282
1284
1286
1287
1288
1291
1292
1295
1298
1299
1301
1302
1304
1305
1306
1307
1308
1310
1311
1312
1314
1318
1319
1322
1324
1328
1330
1331
1333
1336
1337
1341
1343
1344
1346
1347
1348
1350
1352
1353
1356
1357
1358
1360
1365
1369
1370
1374
1375
1376
1380
1382
1387
1388
1391
1397
1398
1399
1402
1404
1405
1407
1410
1412
1418
1419
1420
1421
1423
1427
1429
1430
1431
1432
1435
1438
1442
1443
1444
1446
1448
1450
1451
1452
1454
1458
1459
1462
1463
1466
1468
1469
1472
1475
1476
1477
1481
1482
1487
1488
1489
1491
1494
1496
1498
1499
1500
1501
1502
1504
1506
1512
1514
1517
1518
1521
1523
1525
1526
1532
1533
1535
1536
1537
1538
1539
1540
1541
1542
1544
1545
1547
1548
1549
1551
1553
1554
1555
1556
1557
1559
1560
1563
1564
1565
1566
1569
1571
1573
1574
1575
1579
1582
1584
1585
1586
1587
1589
1595
1597
1599
1601
1602
1603
1604
1606
1610
1611
1612
1616
1621
1622
1627
1629
1631
1632
1633
1635
1637
1639
1640
1642
1643
1644
1645
1646
1649
1650
1651
1653
1657
1658
1660
1661
1663
1665
1667
1668
1670
1673
1674
1675
1677
1678
1680
1681
1682
1685
1686
1690
1692
1693
1696
1699
1702
1705
1706
1708
1709
1710
1714
1715
1716
1719
1721
1724
1725
1726
1727
1732
1734
1735
1736
1737
1739
1740
1741
1743
1744
1748
1749
1750
1754
1755
1757
1759
1762
1764
1765
1766
1769
1770
1772
1773
1774
1776
1777
1779
1780
1781
1783
1784
1787
1788
1789
1790
1792
1797
1801
1803
1806
1807
1808
1812
1815
1817
1819
1820
1821
1822
1823
1824
1827
1829
1831
1837
1838
1839
1847
1855
1856
1858
1860
1861
1862
1866
1867
1869
1870
1871
1873
1875
1876
1877
1879
1881
1882
1885
1886
1888
1893
1894
1895
1896
1897
1900
1901
1903
1904
1905
1907
1912
1913
1915
1917
1920
1922
1923
1926
1927
1931
1936
1940
1941
1942
1945
1950
1960
1961
1963
1965
1966
1967
1969
1970
1971
1972
1973
1974
1975
1981
1982
1984
1987
1988
1989
1990
1991
1992
1994
1995
1997
1998
2000
2001
2002
2003
2004
2005
2007
2008
2009
2010
2011
2012
2013
2014
2015
2016
2017
2018
2019
2020
2021
2022
2023
2024
2025
2026
2027
2028
2029
2030
2031
2032
2033
2034
2035
2036
2037
2038
2039
2040
2041
2042
2044
2045
2046
2047
2048
2050
2051
2052
2053
2055
2056
2057
2058
2059
2060
2061
2062
2063
2065
2067
2068
2069
2070
2071
2072
2073
2074
2075
2076
2077
2078
2079
2080
2081
2082
2084
