0
1
3
8
9
11
12
13
18
19
21
22
23
24
40
45
48
51
54
56
58
59
60
61
62
63
68
69
71
72
75
78
84
86
88
90
91
93
95
96
97
98
99
102
104
105
107
108
109
110
111
112
113
115
116
117
118
121
122
123
126
127
128
133
135
137
138
139
142
145
149
150
152
153
155
156
157
158
162
163
170
171
173
176
177
178
179
180
181
187
191
194
196
197
201
202
208
209
211
213
215
216
217
218
219
222
223
227
228
231
234
235
237
238
239
241
242
243
244
246
248
249
250
251
253
256
258
264
266
268
272
274
276
277
278
279
281
284
285
286
287
288
289
291
292
293
294
295
297
301
304
305
306
308
314
315
317
319
321
324
325
326
327
328
331
335
338
339
340
343
344
346
347
349
351
353
355
358
360
361
362
363
365
367
368
371
372
373
375
376
377
378
380
381
385
386
387
388
389
391
392
395
398
399
400
401
405
406
407
409
410
411
412
414
415
416
417
420
421
422
427
432
433
435
437
438
440
442
444
445
450
459
460
465
466
472
473
477
478
481
483
484
485
486
487
489
490
491
494
495
496
499
503
506
507
512
516
518
519
523
524
525
528
531
532
533
535
538
546
548
551
558
559
560
561
566
567
568
573
574
580
581
583
587
588
591
593
597
598
604
605
607
611
613
619
620
622
623
624
625
628
630
632
633
635
638
639
642
643
644
645
646
650
651
655
656
659
661
662
665
669
671
674
676
677
681
686
687
694
695
697
698
700
701
702
703
705
706
708
711
712
713
715
716
717
718
719
721
722
724
725
726
729
731
732
733
734
735
740
742
745
747
750
753
754
755
759
760
761
765
767
770
771
778
779
782
786
794
795
796
799
801
802
805
807
808
810
812
817
818
820
825
826
827
828
832
836
838
839
840
843
844
846
849
854
856
858
863
864
866
867
869
870
873
875
877
878
880
882
884
886
887
888
895
896
897
902
903
904
905
907
908
909
910
911
912
913
914
916
920
922
923
926
927
929
930
935
936
938
939
940
941
943
947
948
951
952
956
960
962
964
965
968
970
974
976
980
982
983
984
987
990
992
993
995
998
999
1000
1003
1004
1006
1007
1008
1010
1012
1013
1014
1016
1019
1020
1021
1022
1023
1024
1026
1029
1030
1031
1033
1036
1037
1038
1039
1040
1046
1049
1050
1051
1052
1053
1055
1056
1058
1059
1060
1062
1066
1067
1071
1073
1075
1076
1086
1088
1090
1091
1093
1094
1095
1098
1099
1101
1103
1104
1106
1107
1110
1111
1113
1114
1115
1116
1118
1121
1123
1129
1130
1132
1135
1136
1137
1139
1140
1145
1146
1147
1148
1164
1165
1167
1169
1172
1174
1175
1177
1179
1180
1181
1183
1184
1185
1186
1188
1191
1195
1198
1199
1200
1201
1202
1204
1205
1206
1209
1211
1212
1214
1215
1220
1221
1223
1224
1225
1231
1236
1241
1242
1247
1249
1250
1252
1255
1261
1262
1265
1267
1271
1272
1276
1277
1279
1280
1283
1285
1286
1289
1290
1291
1292
1294
1295
1296
1297
1300
1301
1304
1305
1306
1307
1309
1310
1312
1313
1314
1316
1320
1321
1328
1330
1331
1332
1334
1335
1336
1337
1340
1342
1345
1346
1347
1348
1349
1355
1356
1358
1361
1364
1365
1367
1370
1376
1378
1379
1380
1381
1383
1385
1386
1387
1389
1390
1399
1400
1409
1410
1411
1414
1415
1417
1418
1421
1427
1431
1432
1434
1439
1444
1450
1455
1457
1459
1462
1464
1471
1472
1475
1476
1480
1483
1484
1485
1488
1490
1491
1492
1494
1496
1499
1500
1501
1504
1507
1508
1510
1511
1514
1516
1517
1521
1522
1523
1524
1525
1527
1529
1530
1531
1532
1537
1538
1540
1542
1543
1544
1550
1553
1554
1555
1556
1557
1560
1562
1563
1564
1565
1567
1570
1575
1577
1578
1579
1584
1591
1592
1595
1596
1600
1601
1602
1607
1608
1609
1612
1614
1617
1618
1619
1620
1621
1622
1623
1624
1625
1626
1631
1632
1633
1634
1636
1638
1644
1646
1647
1649
1651
1654
1655
1659
1660
1661
1663
1664
1665
1666
1668
1669
1670
1671
1673
1674
1676
1677
1681
1682
1684
1686
1688
1689
1694
1695
1696
1697
1698
1700
1702
1703
1704
1706
1707
1708
1709
1711
1712
1714
1715
1716
1717
1719
1723
1724
1726
1728
1729
1731
1732
1733
1735
1738
1740
1741
1745
1747
1749
1750
1752
1753
1754
1755
1756
1758
1760
1762
1763
1764
1765
1766
1768
1769
1773
1774
1775
1777
1778
1780
1782
1783
1788
1789
1791
1792
1795
1796
1797
1798
1801
1806
1807
1808
1810
1811
1813
1814
1815
1817
1818
1819
1820
1821
1822
1825
1826
1828
1829
1832
1833
1835
1837
1838
1839
1840
1844
1845
1846
1847
1850
1851
1852
1853
1854
1856
1858
1859
1861
1862
1866
1867
1871
1872
1876
1877
1879
1880
1881
1883
1884
1885
1886
1889
1891
1892
1893
1894
1899
1900
1901
1902
1903
1904
1910
1911
1914
1917
1922
1923
1928
1929
1931
1932
1934
1935
1936
1940
1941
1944
1945
1949
1950
1956
1957
1958
1959
1961
1962
1963
1966
1969
1971
1972
1973
1975
1978
1985
1987
1989
1991
1993
1997
2000
2001
2003
2004
2005
2006
2007
2008
2009
2010
2012
2013
2014
2015
2016
2017
2018
2019
2021
2022
2023
2024
2026
2027
2028
2030
2031
2032
2034
2035
2036
2037
2038
2039
2040
2041
2043
2044
2045
2046
2048
2050
2054
2056
2057
2058
2059
2061
2063
2065
2067
2068
2069
2070
2071
2072
2073
2074
2075
2076
2077
2078
2082
2083
2084
