0
1
2
3
4
5
6
11
12
14
17
23
26
28
29
32
33
34
38
43
46
49
51
58
59
60
61
62
64
69
70
72
73
74
75
77
78
79
82
83
87
89
91
93
95
97
98
99
101
102
105
110
111
113
118
119
120
121
122
123
126
127
129
130
131
135
136
137
139
142
143
144
146
150
151
157
158
161
162
163
170
172
173
174
175
176
177
179
180
181
182
184
185
187
191
192
194
196
197
201
204
205
209
211
215
216
217
219
222
228
231
232
233
234
236
238
242
243
245
249
251
255
256
258
263
267
268
269
270
273
274
275
287
288
289
292
293
294
298
300
301
306
308
311
317
318
319
320
322
324
325
326
327
328
331
333
334
336
337
339
341
345
347
348
350
354
356
357
358
359
363
364
368
371
373
376
380
381
385
386
390
391
392
393
394
396
399
402
404
407
409
410
411
412
414
415
416
418
419
420
421
422
423
429
430
431
434
435
440
442
445
446
447
449
450
453
454
461
462
466
467
468
470
471
472
473
474
476
477
481
482
487
488
489
492
494
495
497
499
500
501
503
505
506
507
509
512
513
515
516
519
520
521
523
524
529
534
536
537
540
542
543
546
547
549
550
553
555
559
560
563
564
565
567
569
574
575
578
579
580
583
584
588
590
591
593
595
598
601
604
605
607
608
609
611
613
614
615
617
619
621
622
625
627
629
630
631
632
636
637
638
639
640
643
646
647
649
651
652
653
656
657
660
662
667
668
669
670
672
673
675
676
680
681
682
684
685
686
687
688
691
692
697
698
701
705
706
708
714
715
716
717
718
719
720
722
728
730
731
733
737
739
742
744
745
746
747
748
751
754
755
759
760
762
764
766
769
771
774
776
777
778
780
782
784
786
788
793
794
795
797
799
801
803
809
810
813
820
823
824
825
828
829
831
832
837
838
839
840
843
844
845
846
847
850
851
853
854
855
858
861
863
870
872
873
877
878
879
881
882
883
884
885
886
889
890
892
893
895
896
897
899
901
902
905
906
909
910
914
915
917
918
920
922
923
925
927
928
929
930
934
935
938
939
941
945
947
949
954
955
956
958
960
962
966
967
968
975
976
977
979
982
985
987
988
993
994
997
999
1000
1003
1005
1006
1007
1009
1013
1021
1025
1031
1032
1037
1038
1039
1042
1046
1047
1048
1050
1051
1052
1053
1055
1056
1058
1060
1062
1063
1066
1068
1069
1070
1071
1072
1073
1076
1079
1082
1084
1086
1089
1090
1092
1095
1096
1099
1101
1102
1103
1104
1106
1109
1110
1111
1118
1119
1122
1127
1128
1130
1132
1133
1134
1136
1139
1140
1144
1145
1147
1148
1150
1153
1155
1158
1159
1160
1161
1164
1168
1169
1171
1175
1176
1177
1178
1179
1180
1181
1182
1183
1184
1185
1191
1196
1197
1198
1201
1202
1207
1211
1213
1214
1215
1216
1218
1220
1221
1223
1224
1228
1233
1235
1236
1237
1240
1241
1242
1244
1247
1248
1249
1250
1252
1254
1257
1258
1259
1264
1267
1268
1271
1272
1273
1274
1275
1276
1283
1284
1285
1286
1291
1295
1297
1298
1301
1302
1303
1304
1305
1306
1311
1313
1315
1316
1320
1322
1328
1329
1330
1331
1333
1334
1335
1336
1338
1344
1345
1346
1347
1354
1356
1357
1358
1360
1361
1362
1366
1367
1368
1380
1382
1389
1390
1392
1395
1396
1397
1398
1399
1401
1402
1404
1406
1409
1410
1411
1413
1419
1420
1421
1423
1425
1426
1427
1429
1432
1433
1434
1437
1440
1441
1442
1444
1446
1450
1452
1453
1454
1455
1458
1461
1462
1468
1470
1471
1473
1474
1475
1477
1480
1481
1483
1484
1487
1488
1491
1493
1494
1495
1496
1499
1500
1503
1505
1511
1512
1513
1516
1518
1520
1522
1523
1525
1528
1529
1530
1532
1534
1537
1542
1543
1544
1545
1546
1548
1550
1551
1553
1554
1555
1558
1559
1561
1562
1564
1565
1567
1569
1570
1571
1572
1573
1576
1577
1578
1582
1584
1585
1588
1590
1595
1596
1598
1599
1601
1610
1611
1618
1620
1621
1622
1624
1625
1628
1631
1634
1636
1640
1643
1644
1645
1647
1651
1653
1656
1658
1659
1660
1661
1662
1663
1664
1665
1667
1668
1669
1671
1672
1675
1678
1680
1682
1683
1684
1685
1686
1689
1690
1691
1692
1696
1699
1703
1705
1707
1712
1713
1714
1715
1717
1718
1720
1728
1730
1731
1734
1737
1741
1742
1744
1745
1748
1750
1751
1752
1756
1757
1758
1760
1761
1762
1763
1765
1767
1770
1772
1775
1779
1783
1786
1787
1788
1793
1796
1797
1798
1800
1802
1804
1808
1816
1822
1826
1828
1833
1834
1836
1839
1840
1848
1849
1852
1857
1858
1864
1866
1867
1868
1871
1872
1875
1880
1883
1885
1886
1887
1891
1894
1895
1897
1898
1899
1902
1903
1904
1906
1909
1912
1915
1916
1917
1920
1921
1922
1924
1925
1927
1929
1930
1931
1934
1937
1942
1943
1945
1950
1951
1955
1959
1964
1965
1966
1969
1970
1971
1973
1974
1976
1979
1981
1982
1983
1984
1985
1986
1987
1988
1989
1994
1996
1998
2000
2001
2002
2003
2004
2005
2007
2008
2009
2010
2011
2012
2013
2014
2015
2016
2017
2018
2019
2020
2021
2022
2023
2024
2025
2027
2028
2029
2030
2031
2032
2033
2034
2035
2036
2037
2038
2039
2040
2041
2042
2043
2044
2045
2046
2047
2048
2049
2050
2051
2052
2053
2054
2055
2056
2057
2058
2059
2060
2061
2062
2063
2064
2065
2067
2068
2069
2070
2071
2072
2073
2074
2075
2076
2077
2078
2079
2080
2081
2082
2083
2084
