6
9
10
12
13
18
21
22
23
24
25
43
49
51
60
62
63
69
79
88
90
94
100
102
104
107
118
119
127
139
146
149
150
151
157
166
167
169
177
184
189
195
197
199
200
211
228
230
239
241
243
244
247
249
252
255
262
269
273
274
276
277
278
283
288
290
292
293
294
297
300
301
304
308
309
312
318
321
326
335
336
344
355
358
363
376
381
387
394
400
412
417
420
422
435
444
445
447
450
454
459
462
464
466
471
472
474
478
483
484
485
487
493
505
513
516
527
529
532
533
536
537
538
542
545
548
554
555
556
572
579
581
582
583
588
589
593
594
596
602
603
604
605
606
614
623
625
626
632
635
638
642
645
649
651
656
659
662
666
667
668
670
676
681
682
683
689
690
693
711
715
722
724
729
733
734
740
746
747
748
749
757
763
764
765
770
778
781
784
785
786
787
790
797
803
804
810
812
816
821
824
825
827
836
838
840
846
853
854
858
859
860
861
865
876
878
885
888
893
902
915
920
923
924
936
938
943
946
954
967
974
976
985
986
988
991
995
999
1006
1008
1009
1013
1025
1029
1031
1034
1035
1044
1045
1047
1056
1057
1061
1063
1065
1071
1074
1075
1076
1078
1086
1094
1099
1102
1103
1106
1113
1124
1138
1142
1145
1156
1157
1158
1166
1170
1175
1179
1188
1207
1209
1215
1216
1218
1220
1223
1225
1228
1233
1234
1237
1250
1254
1259
1261
1262
1264
1268
1272
1283
1285
1291
1292
1297
1298
1300
1301
1311
1312
1321
1322
1327
1328
1331
1341
1345
1347
1355
1357
1358
1359
1365
1370
1376
1380
1383
1388
1394
1395
1399
1401
1413
1414
1418
1420
1422
1423
1424
1427
1429
1433
1435
1443
1446
1450
1457
1476
1477
1479
1480
1487
1490
1494
1495
1496
1497
1498
1502
1503
1504
1509
1516
1517
1522
1526
1527
1532
1536
1537
1549
1550
1564
1565
1573
1574
1577
1580
1582
1587
1589
1592
1593
1595
1596
1603
1606
1608
1609
1618
1619
1622
1623
1634
1642
1648
1649
1652
1662
1672
1674
1681
1690
1695
1697
1701
1702
1712
1715
1719
1727
1728
1731
1733
1736
1745
1747
1756
1762
1765
1767
1778
1779
1783
1785
1791
1795
1801
1806
1807
1808
1813
1822
1825
1834
1838
1840
1841
1852
1866
1868
1870
1872
1873
1875
1876
1880
1886
1890
1907
1911
1920
1922
1923
1927
1932
1935
1942
1943
1960
1963
1967
1969
1970
1975
1976
1986
1988
1989
1990
1991
1996
1997
1998
2000
2001
2003
2008
2009
2010
2011
2012
2014
2016
2017
2020
2022
2023
2025
2028
2032
2033
2035
2036
2038
2039
2040
2042
2043
2046
2047
2048
2050
2052
2054
2055
2057
2061
2062
2065
2068
2069
2070
2071
2072
2075
2076
2077
2078
2080
2082
2083
