5
7
11
14
15
30
31
33
34
35
50
54
55
58
71
76
82
83
86
89
90
91
97
100
106
110
113
116
117
120
122
123
129
132
139
144
149
157
163
166
171
180
188
190
195
200
205
207
209
214
215
232
235
236
237
241
244
245
251
252
254
256
259
269
282
283
285
287
290
291
292
294
300
319
322
323
325
326
328
336
341
346
348
349
358
363
368
373
375
377
379
386
387
388
389
393
397
404
407
411
414
418
420
422
426
429
430
431
434
437
438
445
449
450
453
454
469
479
483
486
489
492
494
501
510
512
514
518
519
521
522
525
533
534
539
542
546
550
558
560
567
580
583
585
591
597
603
607
611
614
619
639
670
677
678
681
682
684
688
689
690
693
699
701
708
714
715
716
722
729
733
734
742
743
745
746
766
771
777
778
783
784
793
794
796
797
807
814
824
827
829
832
833
839
840
851
854
855
869
870
873
874
878
880
883
889
894
903
909
911
915
917
926
928
929
931
934
941
947
951
952
958
960
962
963
965
966
967
968
971
973
976
977
980
982
985
1000
1006
1008
1012
1014
1016
1019
1026
1028
1032
1043
1045
1046
1052
1055
1061
1062
1066
1075
1080
1082
1090
1093
1099
1102
1109
1110
1111
1114
1124
1128
1135
1140
1143
1144
1145
1147
1148
1150
1153
1164
1169
1177
1180
1182
1183
1185
1197
1201
1208
1211
1212
1217
1220
1221
1228
1231
1232
1233
1236
1237
1239
1260
1261
1264
1267
1268
1276
1277
1278
1281
1282
1291
1299
1301
1303
1316
1324
1325
1330
1334
1336
1339
1341
1345
1351
1352
1355
1357
1367
1370
1372
1380
1381
1391
1402
1417
1419
1426
1432
1441
1442
1443
1449
1455
1466
1467
1468
1477
1479
1480
1483
1484
1489
1491
1492
1499
1505
1514
1515
1518
1523
1528
1537
1548
1551
1552
1563
1564
1575
1576
1578
1581
1583
1591
1594
1596
1604
1611
1619
1622
1632
1633
1634
1636
1645
1646
1649
1650
1659
1661
1663
1668
1674
1678
1680
1686
1692
1693
1694
1700
1702
1710
1719
1720
1724
1731
1741
1742
1746
1748
1752
1754
1756
1765
1767
1768
1770
1775
1779
1784
1791
1792
1794
1798
1803
1804
1829
1835
1837
1839
1858
1864
1868
1869
1871
1876
1881
1884
1887
1890
1891
1894
1907
1917
1918
1925
1927
1942
1943
1944
1951
1956
1964
1968
1969
1974
1975
1976
1988
1994
1998
2000
2001
2002
2003
2004
2005
2008
2009
2010
2012
2014
2015
2016
2017
2018
2019
2020
2021
2023
2025
2026
2027
2028
2030
2031
2032
2033
2034
2035
2037
2038
2039
2040
2041
2042
2043
2044
2046
2048
2049
2050
2053
2054
2055
2056
2057
2058
2059
2061
2063
2064
2068
2069
2070
2071
2072
2073
2078
2079
2081
2082
2083
2084
