0
1
2
3
4
5
6
8
10
12
13
14
15
17
18
20
22
23
24
26
27
28
31
33
35
37
39
40
41
42
43
46
47
48
49
50
51
52
54
56
57
59
60
62
63
64
65
66
68
71
72
73
74
75
76
77
78
79
81
82
83
84
85
86
87
88
89
90
92
95
96
97
98
99
100
101
102
103
104
105
106
107
108
109
110
112
117
118
119
120
121
122
124
125
126
127
128
129
130
131
132
133
134
135
136
137
138
139
142
143
144
146
147
148
149
150
151
152
154
156
157
158
160
161
162
163
164
166
167
169
172
173
174
175
177
179
180
181
183
184
185
186
188
189
190
192
193
195
196
197
199
200
201
202
204
205
207
208
209
211
212
213
215
216
218
219
222
223
224
225
226
227
228
229
232
233
234
235
236
237
238
241
242
243
245
246
248
249
250
251
252
253
255
256
257
261
262
264
265
266
267
268
269
272
274
275
276
278
281
282
283
284
285
287
288
289
290
291
292
293
294
295
296
297
298
300
301
302
305
306
307
309
310
311
312
313
314
315
316
318
319
320
321
322
323
324
326
327
328
329
330
331
333
334
335
336
337
338
339
340
341
342
343
344
345
346
347
350
351
353
354
355
356
357
358
359
360
362
364
365
367
368
370
371
372
373
377
379
380
381
382
383
384
385
386
388
392
394
396
397
399
400
401
402
403
404
405
406
407
408
409
410
411
412
413
414
415
416
417
419
420
421
422
423
424
425
426
428
429
430
431
432
433
434
436
437
438
440
442
443
444
447
449
450
451
452
453
454
456
457
458
460
461
462
463
464
465
467
468
473
474
475
478
480
481
482
484
486
487
489
490
493
494
495
496
497
498
499
500
502
504
505
506
507
508
509
510
514
515
516
517
518
519
520
521
522
523
524
526
527
528
530
531
532
533
534
536
537
541
542
543
544
545
546
547
548
549
550
551
553
555
556
558
559
560
561
562
563
567
568
570
572
573
574
575
576
578
579
580
581
583
584
585
586
587
588
589
590
591
592
593
595
596
598
599
600
603
604
605
606
607
609
610
611
612
616
617
618
619
622
624
625
626
628
629
630
631
632
633
636
637
639
640
641
642
643
647
648
649
650
651
652
654
655
656
658
659
660
661
662
664
665
666
667
668
669
670
671
672
673
674
675
676
678
679
680
682
683
684
686
687
688
689
691
692
693
694
695
696
697
698
699
700
701
702
703
705
706
707
709
710
711
712
714
715
716
717
718
720
721
722
723
724
725
726
727
728
729
730
731
733
735
736
738
739
740
741
742
744
745
746
747
748
749
751
753
754
755
756
758
759
760
762
764
765
766
767
768
769
770
771
772
774
775
777
778
779
780
782
783
784
785
788
789
790
791
793
794
795
797
799
800
801
803
804
805
807
808
810
811
813
814
815
816
817
818
821
822
823
827
828
829
830
831
832
833
834
835
836
838
839
840
841
843
844
845
846
849
850
851
852
854
856
858
859
860
861
862
863
865
866
867
869
870
871
872
873
874
875
876
878
879
880
881
882
884
885
886
887
889
891
893
894
896
897
898
899
900
902
905
906
907
908
910
911
912
913
914
915
917
919
920
921
922
923
924
925
926
927
928
930
931
934
935
936
937
938
939
940
941
942
943
945
946
947
951
952
953
955
956
957
959
960
962
963
964
966
967
968
969
970
972
973
974
975
976
977
979
981
982
985
986
990
993
994
995
996
997
998
999
1000
1001
1002
1004
1005
1006
1008
1009
1010
1011
1012
1013
1014
1016
1018
1019
1023
1024
1025
1028
1029
1030
1031
1032
1033
1034
1035
1036
1037
1038
1040
1041
1042
1043
1044
1045
1046
1048
1049
1051
1052
1054
1056
1057
1058
1060
1061
1062
1063
1064
1065
1066
1067
1068
1069
1070
1071
1072
1073
1074
1077
1080
1082
1083
1085
1086
1087
1088
1090
1092
1093
1094
1097
1098
1100
1101
1102
1104
1105
1107
1110
1111
1112
1113
1114
1115
1116
1119
1121
1122
1123
1124
1127
1128
1131
1132
1133
1134
1137
1139
1141
1142
1143
1144
1145
1146
1147
1149
1150
1151
1152
1155
1157
1158
1159
1160
1162
1163
1165
1167
1168
1169
1170
1171
1172
1173
1174
1175
1176
1177
1178
1179
1180
1182
1183
1184
1185
1186
1188
1190
1191
1192
1193
1194
1195
1197
1198
1199
1200
1201
1202
1204
1205
1206
1207
1208
1211
1212
1214
1215
1216
1219
1220
1221
1223
1226
1227
1228
1229
1231
1233
1234
1236
1237
1238
1240
1241
1242
1243
1245
1248
1249
1250
1251
1252
1254
1255
1257
1258
1260
1261
1262
1264
1265
1268
1269
1270
1272
1273
1274
1276
1277
1278
1279
1280
1281
1282
1283
1285
1286
1287
1288
1290
1292
1294
1295
1296
1299
1300
1301
1302
1303
1304
1305
1306
1307
1308
1309
1310
1311
1312
1313
1316
1317
1318
1320
1322
1324
1326
1327
1328
1329
1330
1331
1332
1333
1336
1337
1338
1339
1340
1342
1344
1347
1348
1349
1350
1351
1352
1353
1354
1358
1359
1361
1362
1363
1365
1367
1368
1369
1372
1373
1375
1376
1377
1378
1380
1381
1385
1387
1388
1389
1390
1391
1392
1393
1394
1395
1396
1397
1399
1401
1403
1404
1405
1406
1407
1408
1410
1413
1415
1416
1417
1418
1420
1421
1422
1424
1426
1430
1431
1432
1433
1436
1437
1438
1439
1440
1442
1443
1444
1446
1447
1448
1449
1450
1451
1452
1453
1454
1455
1457
1458
1459
1460
1461
1463
1464
1466
1468
1469
1471
1474
1475
1476
1478
1479
1481
1484
1485
1486
1487
1488
1489
1491
1494
1496
1498
1499
1501
1502
1503
1504
1505
1506
1507
1508
1510
1511
1512
1514
1515
1516
1517
1520
1522
1523
1524
1526
1528
1531
1532
1533
1536
1537
1538
1540
1541
1542
1543
1545
1547
1548
1549
1551
1552
1553
1554
1557
1558
1559
1560
1561
1562
1563
1564
1565
1566
1568
1569
1570
1571
1572
1573
1576
1579
1581
1582
1583
1586
1587
1588
1589
1590
1591
1592
1594
1595
1596
1600
1603
1605
1606
1607
1608
1609
1610
1611
1612
1613
1614
1615
1616
1617
1618
1619
1620
1621
1623
1624
1625
1626
1627
1628
1629
1630
1631
1632
1635
1636
1637
1638
1640
1641
1642
1643
1644
1645
1646
1647
1648
1649
1650
1651
1653
1654
1655
1656
1658
1659
1661
1662
1665
1666
1667
1668
1670
1672
1674
1677
1678
1680
1681
1682
1683
1684
1685
1686
1688
1689
1690
1691
1693
1694
1695
1696
1697
1699
1700
1701
1704
1705
1706
1707
1709
1710
1712
1713
1714
1715
1716
1717
1718
1720
1721
1723
1725
1726
1727
1728
1730
1732
1733
1734
1735
1736
1737
1738
1739
1741
1742
1743
1745
1747
1748
1749
1752
1753
1754
1755
1756
1757
1758
1759
1760
1762
1763
1764
1765
1766
1767
1768
1769
1772
1773
1775
1776
1778
1779
1780
1782
1784
1785
1786
1788
1789
1791
1794
1795
1796
1797
1798
1802
1803
1805
1806
1808
1809
1810
1811
1814
1815
1817
1818
1819
1820
1822
1823
1825
1826
1827
1828
1830
1831
1832
1833
1834
1835
1836
1837
1838
1839
1840
1842
1843
1844
1845
1846
1847
1849
1850
1851
1852
1853
1854
1856
1857
1858
1859
1860
1863
1864
1865
1866
1867
1868
1869
1870
1875
1876
1877
1878
1879
1880
1882
1883
1885
1886
1887
1888
1891
1893
1895
1896
1899
1900
1901
1902
1903
1905
1907
1908
1909
1910
1914
1916
1917
1918
1919
1921
1923
1924
1925
1926
1928
1929
1931
1935
1936
1937
1938
1939
1940
1941
1942
1943
1944
1945
1948
1950
1953
1954
1955
1956
1957
1958
1959
1960
1961
1963
1964
1965
1966
1967
1971
1972
1973
1974
1975
1976
1978
1979
1980
1981
1984
1985
1987
1988
1989
1992
1993
1994
1995
1996
1998
1999
2000
2001
2003
2004
2005
2007
2008
2009
2010
2011
2012
2013
2014
2015
2016
2017
2018
2019
2020
2021
2022
2023
2024
2025
2028
2029
2030
2031
2033
2034
2035
2036
2037
2038
2039
2040
2042
2043
2044
2045
2046
2047
2048
2049
2050
2052
2053
2054
2055
2056
2057
2058
2059
2061
2062
2063
2064
2065
2066
2067
2068
2069
2070
2071
2072
2073
2074
2075
2076
2077
2078
2079
2080
2081
2082
2083
2084
