3
5
18
29
31
38
40
62
64
75
78
83
132
149
153
167
225
245
250
252
288
292
313
324
346
379
385
392
399
400
423
430
437
523
541
542
545
568
584
585
633
643
676
685
693
708
714
722
723
743
747
748
753
838
840
864
873
880
884
886
895
899
902
905
907
909
924
943
945
955
976
988
993
994
998
1000
1005
1008
1012
1027
1061
1086
1100
1102
1111
1133
1134
1144
1153
1166
1170
1178
1197
1199
1201
1216
1218
1223
1227
1237
1249
1261
1292
1337
1343
1354
1374
1399
1421
1443
1455
1460
1475
1489
1496
1501
1514
1555
1556
1584
1585
1596
1610
1636
1642
1652
1662
1669
1688
1693
1713
1730
1765
1769
1773
1788
1789
1826
1834
1835
1838
1839
1864
1866
1872
1887
1918
1925
1927
1934
1970
1972
1990
2001
2003
2004
2005
2007
2008
2010
2011
2012
2016
2017
2019
2020
2022
2026
2027
2028
2030
2034
2035
2036
2038
2039
2041
2042
2043
2044
2045
2046
2047
2048
2049
2050
2052
2054
2057
2058
2059
2062
2063
2064
2065
2068
2069
2070
2071
2072
2073
2074
2075
2076
2077
2079
2082
2084
