1
4
6
8
11
12
18
21
22
24
29
35
37
38
39
40
46
52
53
56
59
60
62
64
68
69
74
75
77
79
83
84
85
87
94
97
99
100
102
103
104
106
108
112
114
115
116
121
122
124
126
127
128
129
130
131
132
134
136
137
138
144
150
151
153
161
162
166
167
168
169
171
172
176
177
180
181
184
186
187
188
192
196
197
199
200
201
202
205
206
208
211
213
215
216
224
227
229
233
234
239
242
243
244
245
247
250
251
253
255
256
260
262
265
266
267
268
269
272
274
275
276
277
278
279
284
287
288
291
292
293
294
295
296
300
301
304
308
309
310
313
314
322
323
324
326
327
329
330
331
335
336
340
341
343
348
350
356
357
359
360
363
366
367
369
371
377
379
383
385
386
387
388
389
391
394
395
396
399
400
401
406
412
414
415
416
417
421
427
428
429
430
433
436
437
438
440
441
443
444
445
448
452
456
459
460
461
462
463
465
466
467
468
469
470
473
478
480
481
482
483
486
488
489
490
491
493
495
499
509
510
512
513
515
516
519
523
526
529
530
534
535
537
538
545
547
553
555
558
561
564
565
568
569
572
574
575
579
581
582
584
587
588
590
596
597
598
602
604
607
609
611
613
614
619
622
623
630
631
632
633
634
640
642
644
645
646
647
648
650
655
656
657
658
659
665
670
671
673
676
677
679
683
685
687
688
689
694
696
698
699
701
703
707
709
711
714
715
721
722
724
725
726
728
731
732
733
734
739
742
744
746
747
748
750
752
756
766
767
768
772
773
775
776
777
778
780
782
783
785
786
790
794
800
802
803
808
811
814
816
817
818
820
823
825
826
827
829
830
831
835
838
839
840
841
842
843
844
845
848
851
854
855
856
862
864
865
866
868
869
870
871
873
874
877
878
879
880
881
882
883
885
886
887
889
892
893
895
896
900
901
902
903
906
909
910
911
912
913
914
915
917
918
921
922
923
924
927
928
930
931
932
934
935
936
938
939
940
941
945
946
950
952
954
956
957
959
962
967
969
973
976
977
981
982
983
984
986
987
988
990
992
993
995
997
999
1000
1001
1002
1004
1005
1006
1007
1008
1012
1013
1017
1019
1021
1024
1027
1029
1030
1031
1032
1037
1041
1044
1048
1051
1052
1054
1056
1058
1059
1060
1061
1062
1064
1066
1069
1070
1071
1074
1075
1079
1082
1083
1085
1088
1089
1091
1094
1096
1100
1102
1103
1104
1106
1107
1108
1110
1112
1114
1116
1118
1122
1123
1124
1128
1133
1134
1135
1139
1140
1143
1144
1146
1147
1149
1150
1154
1158
1160
1161
1163
1164
1166
1167
1168
1169
1170
1171
1174
1177
1178
1179
1180
1181
1183
1185
1187
1191
1194
1196
1197
1198
1199
1200
1201
1204
1208
1210
1212
1214
1216
1218
1219
1220
1221
1222
1224
1226
1228
1231
1236
1240
1241
1243
1244
1247
1248
1249
1250
1252
1255
1256
1257
1258
1259
1260
1262
1263
1264
1265
1271
1272
1274
1277
1280
1284
1286
1289
1290
1291
1294
1296
1300
1301
1303
1304
1305
1306
1307
1308
1310
1311
1313
1316
1320
1321
1322
1323
1324
1325
1328
1329
1330
1334
1335
1341
1343
1345
1349
1351
1354
1355
1356
1357
1358
1365
1366
1369
1370
1375
1376
1383
1384
1385
1389
1391
1393
1395
1399
1402
1403
1404
1405
1407
1408
1410
1413
1416
1421
1423
1425
1426
1427
1429
1430
1432
1436
1438
1439
1441
1442
1443
1444
1446
1447
1448
1449
1450
1451
1455
1457
1459
1461
1463
1465
1474
1475
1476
1477
1478
1484
1485
1487
1488
1489
1491
1498
1500
1501
1503
1505
1507
1509
1510
1511
1512
1514
1515
1516
1518
1524
1526
1527
1529
1535
1537
1540
1541
1543
1544
1547
1548
1550
1551
1553
1555
1556
1558
1560
1561
1563
1564
1565
1566
1568
1569
1570
1572
1575
1576
1578
1580
1581
1583
1584
1585
1588
1589
1591
1593
1594
1595
1597
1599
1600
1601
1606
1610
1611
1612
1614
1615
1616
1617
1619
1620
1621
1623
1624
1625
1626
1628
1629
1631
1642
1643
1651
1653
1656
1658
1659
1661
1663
1664
1666
1667
1669
1670
1672
1674
1675
1677
1680
1681
1682
1683
1685
1686
1687
1688
1691
1692
1693
1695
1697
1698
1700
1701
1702
1703
1705
1706
1708
1710
1712
1713
1714
1715
1718
1719
1720
1721
1724
1726
1728
1729
1730
1731
1733
1734
1735
1736
1737
1738
1740
1742
1746
1747
1748
1750
1751
1755
1759
1760
1761
1762
1764
1765
1769
1772
1774
1776
1777
1779
1780
1782
1783
1784
1791
1793
1795
1796
1797
1798
1800
1803
1806
1807
1808
1812
1813
1815
1818
1820
1821
1823
1824
1826
1828
1829
1831
1832
1834
1836
1838
1839
1843
1845
1847
1848
1851
1859
1860
1862
1863
1864
1865
1866
1867
1868
1870
1871
1872
1875
1880
1881
1882
1884
1887
1889
1894
1897
1900
1901
1902
1903
1905
1907
1910
1911
1916
1917
1918
1925
1926
1927
1929
1930
1933
1934
1936
1944
1945
1947
1953
1956
1957
1960
1961
1962
1966
1967
1970
1972
1974
1975
1977
1981
1982
1987
1990
1991
1992
1993
1994
1995
1996
1997
1998
2000
2001
2002
2003
2004
2005
2006
2007
2008
2009
2010
2011
2012
2014
2015
2016
2017
2018
2019
2020
2021
2022
2023
2024
2025
2026
2027
2028
2030
2031
2032
2033
2035
2036
2038
2039
2041
2042
2043
2044
2045
2046
2047
2048
2049
2052
2054
2056
2057
2058
2061
2062
2063
2064
2067
2068
2070
2071
2072
2073
2074
2075
2076
2077
2081
2082
2083
2084
