1
4
5
19
22
28
48
68
75
87
115
128
143
148
167
172
177
178
190
192
195
209
215
223
241
252
267
277
295
297
312
338
344
353
355
357
371
375
401
407
457
489
493
503
513
529
542
546
549
555
564
567
574
579
582
585
593
611
615
666
670
671
693
695
722
739
744
748
752
767
785
808
815
824
843
845
846
864
878
904
914
915
918
924
928
935
943
947
957
964
968
972
978
993
996
1005
1013
1025
1042
1049
1061
1064
1077
1110
1130
1146
1157
1178
1201
1205
1212
1244
1250
1260
1299
1301
1309
1310
1311
1329
1330
1342
1343
1351
1357
1369
1399
1410
1424
1432
1444
1461
1462
1464
1490
1505
1524
1587
1596
1603
1606
1617
1624
1634
1649
1652
1666
1669
1672
1691
1693
1694
1702
1713
1728
1738
1744
1768
1775
1798
1824
1826
1831
1838
1839
1846
1861
1864
1865
1870
1890
1896
1897
1904
1935
1945
1978
1980
1984
2001
2004
2009
2010
2012
2017
2020
2021
2023
2026
2028
2030
2033
2039
2040
2042
2043
2044
2046
2047
2058
2067
2068
2069
2071
2076
2080
2081
2084
