1
2
4
6
11
16
17
18
19
22
23
24
25
26
28
30
35
38
40
41
42
43
44
46
48
50
51
52
53
54
55
58
60
61
62
63
64
65
68
69
70
73
74
77
78
80
83
84
86
87
89
91
93
101
103
106
109
110
113
114
117
118
120
121
123
124
126
128
129
132
134
139
141
143
144
147
148
150
151
153
154
156
157
158
161
164
167
168
169
170
171
172
174
175
178
179
180
181
183
184
186
188
189
191
199
200
201
205
207
208
209
213
215
216
217
218
221
222
225
228
229
231
233
236
238
240
241
244
245
247
251
252
257
259
260
262
266
268
269
272
274
277
280
285
286
287
288
289
291
292
293
294
300
302
303
304
306
308
310
311
312
318
319
322
324
325
326
327
328
329
330
331
332
333
334
335
337
342
345
346
351
353
354
357
359
362
363
366
368
370
373
376
378
379
381
385
386
390
391
397
402
408
412
416
417
418
420
421
422
424
426
429
431
434
435
436
437
438
441
442
444
445
446
450
452
453
454
455
457
460
462
464
466
469
470
472
473
474
477
479
481
482
484
485
487
488
489
492
495
496
499
513
514
516
517
519
520
525
527
529
532
533
534
535
538
540
542
544
548
549
551
552
553
554
555
558
559
560
561
564
568
569
570
574
579
581
583
584
585
586
590
591
593
595
598
603
604
606
607
609
610
612
613
615
617
618
621
622
625
627
629
630
634
635
636
638
643
645
646
648
649
651
653
654
658
659
660
662
665
666
667
668
670
678
682
683
684
688
692
693
695
697
698
701
704
705
706
708
710
713
714
715
716
717
718
720
723
726
728
729
730
732
733
735
737
739
740
742
743
747
748
749
750
751
752
753
755
760
761
763
764
771
772
773
774
775
776
777
781
789
790
792
793
801
805
806
808
811
813
814
815
819
820
821
823
824
825
826
827
829
831
832
833
834
837
838
840
847
848
850
851
853
862
865
867
869
871
873
876
877
878
881
882
884
887
888
894
895
896
903
905
908
909
911
915
916
917
918
919
922
923
925
928
929
934
935
938
942
945
947
949
950
951
952
954
955
956
958
964
966
967
968
970
975
976
979
980
982
983
984
986
990
991
993
994
997
998
999
1000
1001
1003
1006
1009
1010
1011
1013
1014
1018
1020
1028
1029
1030
1031
1032
1033
1037
1038
1041
1042
1045
1046
1047
1048
1049
1051
1052
1054
1055
1056
1057
1060
1062
1063
1064
1066
1067
1070
1071
1073
1075
1079
1080
1082
1086
1089
1091
1093
1095
1101
1102
1103
1105
1106
1107
1110
1113
1115
1116
1117
1118
1121
1122
1123
1124
1127
1128
1129
1132
1133
1134
1138
1140
1141
1142
1144
1145
1146
1147
1149
1151
1153
1156
1161
1162
1164
1166
1168
1170
1171
1173
1175
1178
1180
1181
1182
1183
1186
1187
1188
1190
1191
1194
1195
1197
1199
1201
1206
1207
1210
1213
1216
1217
1218
1220
1221
1223
1228
1230
1231
1232
1234
1235
1236
1240
1242
1247
1249
1250
1251
1252
1253
1260
1267
1268
1269
1275
1276
1280
1281
1283
1284
1286
1288
1291
1292
1296
1298
1300
1301
1302
1303
1304
1306
1309
1312
1314
1316
1319
1321
1323
1325
1329
1331
1332
1334
1335
1336
1338
1343
1345
1346
1349
1353
1354
1355
1357
1358
1360
1362
1367
1369
1370
1375
1379
1380
1381
1383
1385
1386
1387
1388
1393
1394
1396
1397
1401
1402
1405
1406
1408
1410
1412
1414
1417
1418
1419
1420
1424
1429
1430
1431
1434
1437
1438
1440
1441
1443
1444
1445
1446
1447
1449
1450
1452
1453
1455
1456
1457
1458
1459
1461
1462
1467
1470
1471
1475
1477
1479
1480
1481
1483
1485
1487
1490
1493
1495
1498
1499
1500
1504
1507
1509
1510
1512
1513
1514
1515
1516
1518
1519
1520
1521
1523
1525
1532
1533
1538
1539
1542
1543
1544
1546
1549
1551
1552
1555
1556
1557
1558
1559
1561
1563
1565
1567
1568
1569
1572
1573
1579
1580
1583
1585
1591
1592
1594
1595
1597
1602
1605
1610
1614
1615
1618
1620
1621
1624
1625
1626
1627
1629
1632
1634
1636
1639
1643
1647
1650
1651
1652
1654
1657
1658
1659
1661
1664
1665
1667
1668
1670
1671
1673
1674
1678
1682
1685
1686
1688
1692
1693
1695
1696
1697
1698
1703
1706
1707
1708
1710
1712
1715
1718
1720
1721
1723
1726
1728
1729
1730
1731
1736
1737
1739
1744
1749
1750
1752
1753
1755
1756
1759
1762
1764
1766
1767
1769
1770
1774
1775
1777
1778
1780
1783
1784
1787
1788
1789
1791
1792
1793
1796
1798
1800
1803
1808
1810
1811
1812
1818
1821
1824
1827
1828
1830
1831
1833
1836
1839
1841
1842
1843
1844
1849
1852
1855
1862
1867
1869
1870
1871
1873
1877
1879
1880
1881
1885
1886
1887
1888
1891
1892
1894
1895
1901
1903
1904
1905
1907
1909
1910
1911
1922
1925
1926
1928
1930
1934
1940
1941
1944
1945
1947
1949
1951
1953
1954
1956
1957
1960
1962
1964
1965
1969
1970
1972
1978
1979
1983
1986
1987
1989
1990
1992
1994
1996
1999
2000
2001
2002
2003
2004
2005
2008
2009
2011
2012
2013
2014
2015
2016
2017
2018
2019
2020
2021
2022
2023
2024
2025
2026
2027
2028
2029
2030
2031
2032
2033
2035
2036
2037
2038
2039
2040
2041
2042
2043
2044
2045
2046
2047
2048
2049
2050
2051
2052
2053
2054
2056
2057
2058
2059
2060
2061
2062
2064
2065
2067
2068
2069
2070
2071
2072
2073
2075
2076
2077
2078
2079
2080
2081
2082
2083
2084
