5
9
18
19
21
26
28
29
31
35
39
42
43
49
53
58
62
64
69
70
71
72
76
86
87
91
97
99
104
105
106
110
115
119
126
128
130
143
144
149
156
160
163
166
170
172
174
180
183
185
199
203
204
206
207
215
222
227
229
231
232
246
249
250
253
259
261
262
265
266
269
274
277
292
300
305
311
316
321
324
326
331
333
335
345
346
348
353
354
355
370
374
379
385
392
394
398
399
413
417
420
430
432
434
435
443
446
457
460
474
481
483
487
499
509
512
514
517
525
526
529
532
541
542
545
552
553
554
559
585
588
589
593
602
605
607
615
616
617
620
628
632
633
650
661
665
666
672
685
687
693
696
703
705
715
723
727
732
734
743
744
754
759
769
770
773
775
776
777
778
781
782
788
791
799
814
825
826
830
836
837
838
850
856
857
858
860
863
864
873
874
878
881
883
885
886
888
890
895
899
901
903
907
915
922
924
926
928
931
938
947
951
954
955
958
963
965
967
974
975
976
980
991
993
994
1003
1005
1011
1013
1016
1018
1019
1020
1022
1025
1033
1037
1038
1041
1051
1057
1065
1071
1072
1076
1077
1079
1081
1082
1089
1092
1093
1097
1103
1112
1120
1122
1123
1127
1128
1132
1134
1139
1140
1142
1145
1151
1157
1159
1164
1167
1169
1170
1171
1172
1176
1177
1180
1181
1190
1197
1199
1202
1204
1206
1207
1218
1220
1223
1227
1239
1241
1242
1244
1246
1253
1254
1261
1269
1270
1277
1279
1280
1281
1287
1293
1294
1299
1301
1302
1303
1306
1311
1323
1332
1338
1339
1341
1342
1345
1352
1356
1359
1362
1365
1370
1373
1377
1398
1399
1400
1402
1404
1408
1409
1419
1420
1421
1422
1432
1438
1441
1443
1444
1446
1455
1461
1479
1482
1484
1488
1494
1496
1498
1504
1505
1511
1536
1537
1539
1544
1548
1565
1567
1572
1574
1578
1585
1586
1587
1594
1596
1617
1619
1621
1626
1631
1635
1636
1640
1642
1646
1648
1665
1666
1667
1669
1676
1682
1685
1689
1700
1701
1705
1706
1713
1718
1724
1725
1726
1734
1736
1745
1752
1754
1759
1763
1765
1768
1772
1775
1778
1784
1789
1793
1797
1806
1812
1822
1837
1840
1856
1858
1861
1864
1866
1870
1880
1883
1897
1906
1907
1913
1917
1918
1920
1922
1925
1929
1933
1935
1936
1942
1945
1955
1963
1972
1981
1984
1985
1991
1996
1998
2000
2001
2003
2004
2005
2007
2009
2010
2011
2012
2013
2014
2016
2017
2018
2020
2021
2022
2023
2024
2025
2026
2027
2028
2030
2033
2034
2035
2036
2037
2038
2040
2042
2043
2044
2045
2046
2047
2048
2051
2052
2054
2055
2056
2057
2058
2059
2061
2062
2063
2064
2065
2067
2068
2069
2070
2071
2072
2073
2075
2076
2078
2079
2080
2081
2082
2083
2084
