2
5
8
13
14
15
18
23
25
26
29
30
37
40
48
53
62
64
69
84
86
92
95
100
101
104
110
125
128
130
134
147
151
161
166
167
170
176
177
192
194
204
208
218
225
234
235
241
242
243
251
252
260
266
268
269
273
274
276
280
290
293
296
301
308
309
312
313
316
318
326
328
329
331
334
335
336
342
346
347
348
351
353
355
359
361
362
364
366
377
381
386
387
394
418
419
421
430
434
445
451
454
462
464
477
479
481
483
489
491
492
495
501
502
508
513
514
515
517
534
536
541
546
555
561
566
574
590
592
594
595
604
605
609
610
611
613
614
618
623
624
627
628
629
631
632
633
637
639
642
646
648
654
656
659
665
669
670
674
675
677
681
682
683
688
689
693
695
698
699
701
708
710
715
718
728
729
730
731
732
739
747
748
751
758
765
766
769
773
776
779
782
783
786
788
791
792
794
796
797
808
812
815
820
824
836
838
839
840
848
853
857
858
863
864
869
875
885
897
902
912
913
915
923
934
936
937
938
943
950
956
972
973
974
983
994
998
1000
1014
1015
1018
1020
1023
1029
1047
1053
1059
1061
1063
1066
1071
1075
1089
1091
1096
1104
1105
1111
1113
1116
1124
1127
1128
1132
1139
1142
1144
1149
1154
1156
1161
1168
1169
1178
1181
1185
1191
1194
1199
1202
1210
1215
1218
1220
1222
1225
1231
1235
1237
1240
1249
1251
1252
1254
1268
1273
1274
1275
1279
1285
1300
1301
1302
1307
1315
1322
1323
1332
1335
1337
1355
1357
1358
1360
1369
1370
1376
1381
1389
1391
1404
1410
1417
1419
1422
1426
1429
1438
1439
1449
1452
1454
1457
1459
1460
1464
1469
1475
1479
1482
1485
1491
1496
1503
1510
1515
1516
1518
1522
1534
1537
1538
1542
1547
1549
1555
1558
1563
1567
1571
1583
1588
1592
1605
1608
1610
1618
1619
1620
1624
1626
1639
1640
1644
1645
1646
1649
1654
1664
1665
1667
1673
1677
1678
1680
1681
1682
1684
1686
1693
1698
1703
1721
1730
1733
1737
1738
1741
1754
1756
1758
1763
1769
1772
1779
1791
1796
1798
1808
1821
1825
1826
1831
1833
1834
1838
1841
1847
1848
1855
1866
1867
1870
1885
1886
1888
1900
1901
1913
1919
1928
1929
1931
1933
1956
1958
1961
1969
1973
1976
1977
1980
1985
1991
1993
1995
2000
2001
2002
2003
2004
2005
2008
2009
2011
2012
2014
2015
2016
2017
2018
2019
2020
2021
2022
2023
2024
2025
2026
2027
2028
2029
2030
2031
2032
2033
2035
2036
2037
2039
2040
2041
2042
2043
2044
2045
2046
2048
2049
2050
2052
2053
2054
2056
2057
2058
2059
2060
2061
2062
2063
2064
2065
2066
2067
2068
2069
2070
2071
2072
2073
2074
2075
2076
2077
2079
2080
2081
2082
2083
2084
