0
1
2
3
4
5
6
8
10
11
12
15
16
17
18
19
21
22
23
24
25
26
27
28
29
30
31
32
33
34
35
37
38
44
45
46
47
48
49
51
52
53
54
56
58
59
60
61
62
63
64
66
67
69
70
72
73
74
75
76
77
78
80
81
84
85
86
87
88
89
90
92
93
94
95
96
97
98
99
100
101
102
103
105
106
107
108
109
110
111
112
113
116
117
118
119
120
121
122
123
124
126
128
129
131
133
134
135
139
140
141
142
144
146
148
150
152
153
154
157
158
159
162
163
164
165
166
167
169
171
173
174
175
176
177
179
180
182
183
185
186
188
189
190
191
192
193
194
195
197
198
199
200
203
204
205
206
207
208
210
211
213
214
215
216
218
219
220
221
222
223
224
225
226
227
228
229
230
232
233
235
236
237
238
239
242
243
245
247
249
250
251
252
253
254
255
256
257
258
259
260
261
262
263
264
266
268
269
270
271
272
273
275
277
278
281
282
283
284
286
287
290
292
293
294
296
297
298
299
303
304
305
307
308
309
311
313
315
316
317
318
319
320
321
322
323
324
325
326
327
328
329
330
331
332
334
335
336
337
338
339
341
342
344
345
347
348
349
350
351
352
353
355
357
358
361
362
363
364
367
368
370
371
373
375
376
378
379
381
383
384
387
388
389
391
392
393
394
395
396
397
398
399
400
401
402
403
404
406
407
408
409
410
411
413
414
415
416
417
418
420
421
422
423
425
426
428
429
430
432
433
434
436
438
439
441
444
445
446
447
448
449
450
451
452
453
454
456
457
458
460
461
462
463
464
465
466
467
468
470
473
474
475
476
477
478
479
480
484
485
486
487
488
489
490
491
493
494
495
496
497
498
499
500
501
502
503
505
507
508
509
510
511
512
515
517
518
519
520
522
523
524
525
528
529
531
532
533
534
535
536
538
539
540
541
542
543
544
545
547
548
549
550
551
552
554
556
557
558
559
560
561
564
565
566
571
572
574
575
576
577
579
580
583
584
585
586
587
588
592
593
595
596
597
598
599
601
602
603
604
605
607
609
610
612
613
614
617
618
620
621
622
623
624
625
626
627
628
631
632
634
636
637
638
641
642
643
644
646
648
649
650
651
652
653
655
656
657
658
659
660
661
662
663
666
667
670
671
672
674
676
677
679
681
682
683
684
685
687
688
689
690
692
693
696
698
699
701
705
707
709
710
711
712
714
715
716
718
719
720
723
724
725
726
727
728
730
731
732
733
734
736
737
738
739
740
741
743
745
746
747
748
749
751
752
755
756
758
759
760
762
763
764
765
766
768
772
773
775
776
779
782
783
785
786
787
788
789
790
793
794
795
796
797
799
800
801
802
803
804
805
807
808
811
814
815
820
821
822
824
826
828
829
830
832
834
837
839
840
841
842
843
846
847
848
851
852
854
855
856
857
858
859
861
862
863
864
866
867
868
869
870
872
873
874
875
879
880
881
882
883
884
885
886
887
888
890
893
895
896
897
898
899
901
902
904
905
906
908
909
910
911
912
913
916
917
919
924
925
926
927
928
929
930
932
933
934
936
937
939
941
942
943
944
945
946
947
948
949
950
951
952
953
954
955
957
958
959
960
962
963
964
965
966
967
968
969
970
971
972
973
974
975
976
977
978
979
980
981
982
983
984
985
986
987
989
990
992
993
994
996
997
999
1003
1004
1005
1007
1008
1011
1012
1013
1014
1015
1017
1018
1020
1021
1022
1023
1024
1026
1027
1028
1029
1030
1032
1035
1036
1037
1038
1040
1041
1042
1043
1044
1047
1049
1050
1051
1053
1056
1057
1059
1060
1061
1062
1063
1064
1065
1066
1067
1068
1069
1070
1072
1073
1074
1075
1076
1078
1079
1080
1081
1082
1083
1084
1085
1086
1088
1090
1091
1095
1096
1097
1098
1099
1101
1102
1103
1104
1105
1106
1107
1108
1110
1111
1112
1113
1114
1116
1117
1118
1119
1120
1121
1122
1124
1126
1127
1128
1129
1130
1132
1133
1134
1136
1137
1138
1139
1140
1143
1145
1146
1147
1148
1149
1150
1151
1153
1154
1155
1156
1157
1158
1159
1160
1161
1162
1163
1165
1166
1167
1168
1169
1170
1171
1173
1178
1179
1180
1185
1186
1187
1188
1192
1193
1194
1195
1196
1197
1198
1199
1201
1206
1207
1208
1209
1210
1211
1212
1213
1214
1215
1216
1217
1218
1219
1221
1222
1223
1227
1228
1230
1232
1233
1234
1235
1237
1238
1240
1241
1243
1244
1246
1248
1250
1251
1252
1253
1254
1255
1257
1260
1261
1262
1263
1264
1265
1266
1268
1269
1270
1271
1272
1273
1274
1276
1277
1278
1279
1280
1281
1283
1284
1286
1287
1288
1289
1292
1293
1294
1296
1297
1298
1299
1300
1301
1303
1304
1305
1306
1307
1309
1310
1311
1312
1313
1315
1316
1318
1320
1321
1322
1323
1325
1327
1328
1330
1331
1332
1333
1334
1336
1337
1340
1341
1342
1343
1344
1345
1346
1347
1348
1350
1351
1352
1353
1354
1356
1357
1358
1359
1360
1361
1365
1367
1368
1370
1371
1372
1373
1374
1375
1376
1378
1379
1380
1381
1382
1385
1386
1387
1388
1389
1390
1391
1392
1395
1396
1397
1398
1401
1402
1403
1405
1406
1407
1409
1410
1411
1413
1414
1415
1416
1417
1418
1419
1420
1422
1423
1424
1426
1427
1429
1431
1432
1433
1434
1436
1437
1438
1439
1440
1442
1443
1445
1446
1447
1448
1449
1450
1451
1452
1453
1454
1457
1458
1459
1460
1462
1463
1466
1467
1469
1471
1472
1473
1475
1477
1479
1480
1483
1485
1486
1487
1488
1489
1491
1492
1493
1494
1496
1498
1500
1501
1502
1504
1507
1508
1509
1510
1511
1512
1514
1515
1516
1517
1518
1520
1521
1522
1524
1525
1526
1527
1528
1530
1532
1533
1535
1536
1537
1539
1540
1544
1545
1546
1547
1548
1549
1550
1551
1552
1553
1554
1556
1557
1558
1559
1564
1565
1566
1567
1568
1569
1570
1571
1572
1573
1574
1575
1576
1577
1578
1580
1581
1582
1585
1586
1587
1588
1589
1590
1592
1593
1594
1597
1600
1602
1604
1605
1606
1608
1609
1610
1611
1612
1614
1617
1618
1619
1620
1621
1622
1623
1624
1625
1626
1628
1629
1630
1631
1632
1633
1635
1636
1637
1639
1640
1643
1646
1647
1648
1649
1651
1653
1655
1656
1657
1660
1661
1662
1663
1664
1665
1666
1667
1668
1669
1670
1671
1673
1674
1675
1676
1677
1678
1679
1680
1681
1682
1683
1684
1685
1688
1689
1690
1691
1692
1694
1696
1697
1698
1699
1700
1701
1702
1703
1704
1705
1706
1707
1708
1709
1710
1711
1712
1713
1715
1716
1717
1718
1719
1721
1724
1726
1727
1729
1730
1731
1732
1733
1734
1735
1736
1737
1739
1741
1742
1743
1744
1746
1747
1749
1751
1752
1754
1755
1756
1758
1759
1760
1762
1763
1765
1766
1768
1769
1770
1772
1773
1775
1777
1778
1779
1780
1781
1783
1784
1786
1787
1789
1790
1791
1792
1794
1795
1796
1798
1799
1800
1801
1803
1804
1805
1806
1807
1808
1811
1812
1813
1814
1816
1818
1819
1820
1821
1822
1825
1826
1827
1828
1830
1831
1834
1835
1836
1837
1838
1839
1840
1841
1842
1843
1844
1845
1849
1851
1852
1853
1855
1858
1859
1860
1861
1862
1863
1865
1866
1868
1869
1871
1872
1873
1874
1875
1876
1877
1879
1880
1881
1882
1883
1885
1887
1889
1890
1893
1894
1895
1896
1897
1898
1899
1900
1901
1902
1903
1904
1905
1907
1908
1909
1910
1911
1912
1913
1914
1915
1916
1917
1918
1920
1921
1922
1923
1924
1925
1928
1930
1931
1932
1934
1938
1939
1940
1941
1942
1944
1945
1949
1950
1951
1953
1954
1956
1958
1960
1962
1964
1966
1967
1968
1970
1971
1973
1975
1978
1979
1980
1981
1982
1983
1984
1985
1986
1988
1989
1990
1991
1994
1995
1996
1997
1998
1999
2000
2001
2003
2004
2005
2007
2008
2009
2010
2011
2013
2014
2015
2016
2017
2018
2019
2020
2021
2022
2023
2024
2025
2027
2028
2029
2030
2031
2032
2033
2034
2035
2037
2038
2039
2040
2041
2042
2044
2045
2046
2047
2048
2049
2050
2051
2052
2053
2054
2055
2056
2057
2058
2059
2060
2061
2062
2063
2064
2065
2066
2067
2068
2069
2070
2071
2072
2073
2074
2076
2077
2078
2080
2081
2082
2083
2084
