1
4
5
6
12
13
15
16
18
25
26
33
40
49
50
52
54
55
57
59
62
66
67
68
69
70
72
73
74
75
76
81
82
83
90
91
94
95
100
101
104
106
107
108
109
110
111
113
114
116
117
122
125
130
132
133
135
138
142
143
144
145
147
148
150
157
163
167
170
172
173
175
176
177
182
190
192
196
197
198
199
200
201
205
206
207
209
211
212
218
219
220
222
223
224
225
230
231
235
237
238
239
241
242
243
244
245
247
248
250
251
252
253
254
255
256
257
261
266
267
272
274
275
277
278
281
283
284
288
292
295
296
297
300
302
305
306
307
310
311
313
315
319
320
321
323
324
326
327
329
331
334
335
336
340
341
343
344
345
347
350
352
353
354
358
359
363
364
366
368
370
371
374
375
376
377
378
379
383
387
388
389
392
393
394
395
400
404
405
406
407
408
409
411
412
413
414
415
416
417
422
424
430
433
434
436
438
439
440
441
442
444
445
447
451
452
453
454
455
456
458
462
464
467
477
481
484
485
486
487
488
489
490
493
497
498
501
503
504
505
506
508
509
510
512
513
514
515
516
517
519
520
521
524
528
534
535
536
541
543
545
546
548
549
550
555
559
560
567
568
570
571
575
577
581
587
588
591
593
594
595
596
598
601
603
604
606
607
610
613
614
615
616
619
620
621
628
629
630
633
634
636
641
642
647
651
653
656
658
659
668
674
676
677
678
679
680
681
682
683
684
685
688
691
692
693
694
695
698
703
705
706
707
708
709
711
712
714
715
717
718
720
726
727
728
729
730
733
734
736
738
739
740
743
745
746
747
748
751
753
754
758
759
760
761
767
768
769
770
771
772
773
774
775
776
778
784
785
786
788
789
794
796
797
799
800
801
803
806
808
809
810
811
813
815
818
820
824
826
827
828
830
833
834
835
837
838
839
840
845
848
849
850
851
854
858
860
863
865
867
869
872
877
878
879
880
881
882
884
885
886
887
888
889
892
893
897
898
908
911
912
914
916
920
925
927
928
930
932
933
934
935
939
940
944
947
948
949
953
954
957
958
959
962
963
964
965
968
973
975
976
977
979
982
983
986
987
993
995
999
1000
1003
1005
1007
1010
1012
1013
1014
1016
1020
1022
1024
1026
1027
1028
1029
1030
1032
1033
1037
1039
1040
1044
1046
1048
1049
1050
1051
1052
1053
1054
1057
1058
1059
1066
1069
1070
1072
1073
1077
1078
1080
1081
1083
1085
1086
1087
1091
1095
1099
1103
1108
1110
1112
1116
1119
1121
1122
1123
1124
1127
1128
1129
1134
1137
1139
1140
1142
1144
1145
1146
1148
1150
1154
1157
1158
1161
1162
1163
1164
1165
1168
1171
1172
1174
1175
1178
1179
1180
1181
1182
1183
1185
1187
1191
1192
1193
1196
1197
1199
1200
1201
1204
1205
1208
1209
1211
1213
1214
1216
1217
1218
1223
1224
1225
1227
1228
1231
1236
1240
1241
1242
1244
1247
1250
1254
1255
1259
1260
1264
1268
1269
1270
1274
1275
1276
1279
1281
1283
1285
1289
1290
1291
1294
1295
1299
1300
1301
1302
1303
1305
1306
1307
1310
1316
1319
1320
1321
1322
1323
1326
1327
1328
1329
1330
1331
1333
1334
1336
1339
1342
1345
1347
1349
1350
1354
1355
1356
1363
1367
1368
1370
1377
1379
1380
1381
1387
1388
1390
1393
1394
1396
1399
1403
1405
1406
1408
1410
1411
1415
1416
1417
1419
1420
1421
1423
1424
1425
1426
1427
1429
1431
1432
1436
1437
1438
1439
1440
1441
1442
1444
1446
1447
1450
1452
1453
1455
1457
1459
1461
1462
1463
1468
1469
1471
1472
1475
1476
1478
1479
1482
1483
1486
1487
1488
1490
1492
1493
1495
1496
1498
1499
1501
1502
1503
1506
1514
1517
1527
1528
1529
1530
1531
1532
1535
1538
1539
1542
1545
1547
1548
1549
1555
1556
1559
1560
1563
1564
1565
1566
1567
1570
1572
1573
1574
1577
1578
1582
1584
1585
1586
1590
1593
1594
1595
1597
1598
1608
1610
1612
1613
1614
1616
1617
1620
1622
1624
1625
1626
1628
1629
1631
1632
1634
1636
1640
1642
1645
1646
1648
1655
1656
1658
1659
1663
1664
1667
1675
1680
1681
1683
1684
1686
1690
1691
1692
1694
1696
1697
1698
1702
1703
1708
1712
1713
1715
1716
1719
1723
1730
1733
1735
1737
1738
1740
1741
1742
1743
1744
1745
1747
1748
1749
1750
1751
1754
1755
1757
1758
1760
1762
1763
1767
1768
1769
1770
1778
1780
1781
1783
1789
1791
1792
1794
1796
1798
1800
1802
1803
1804
1805
1806
1811
1814
1815
1819
1820
1822
1824
1826
1829
1830
1831
1834
1835
1836
1838
1839
1840
1842
1844
1847
1849
1850
1851
1852
1853
1854
1855
1856
1857
1858
1862
1864
1866
1867
1869
1874
1875
1877
1879
1881
1885
1886
1891
1893
1894
1895
1896
1898
1901
1906
1907
1909
1910
1911
1914
1915
1916
1917
1918
1921
1923
1926
1927
1931
1932
1934
1936
1938
1942
1945
1954
1955
1957
1958
1960
1961
1962
1963
1964
1966
1967
1969
1970
1972
1974
1975
1976
1978
1979
1982
1987
1988
1991
1992
1993
1995
2000
2002
2003
2004
2005
2007
2008
2009
2010
2011
2012
2013
2014
2015
2016
2017
2018
2019
2020
2021
2022
2023
2024
2025
2026
2027
2028
2029
2030
2031
2032
2033
2035
2036
2037
2038
2039
2040
2042
2044
2045
2046
2047
2048
2049
2050
2051
2052
2054
2056
2057
2058
2059
2061
2063
2064
2067
2068
2069
2070
2071
2072
2073
2074
2075
2076
2077
2078
2079
2080
2081
2082
2083
2084
