8
10
13
17
32
51
66
83
88
91
102
121
135
137
139
150
151
164
172
175
197
201
220
242
243
245
249
250
258
259
264
266
274
275
278
288
294
321
331
332
341
353
379
392
398
428
437
448
466
486
490
531
559
573
591
593
595
598
605
613
633
638
642
646
650
669
670
697
719
733
742
745
746
764
771
772
778
784
803
804
805
821
822
848
855
868
882
885
913
916
923
931
945
955
982
1000
1012
1044
1076
1091
1095
1103
1112
1117
1151
1153
1169
1188
1199
1231
1242
1264
1293
1304
1311
1330
1340
1351
1353
1354
1370
1377
1378
1394
1397
1424
1454
1460
1475
1484
1496
1502
1505
1511
1523
1544
1550
1556
1571
1580
1605
1618
1619
1651
1676
1693
1710
1726
1745
1752
1763
1776
1780
1788
1790
1793
1798
1801
1829
1847
1866
1887
1897
1904
1906
1908
1919
1930
1934
1940
1943
1945
1948
1954
1962
1965
1990
1991
2004
2005
2009
2010
2011
2013
2014
2016
2018
2019
2020
2032
2037
2039
2040
2046
2050
2051
2054
2058
2059
2061
2070
2072
2073
2074
2076
2080
2082
2084
