0
2
4
5
8
11
12
14
16
18
22
25
29
30
35
36
38
39
40
41
42
43
45
48
52
53
54
55
56
58
59
62
64
65
66
68
69
70
75
76
77
79
83
85
86
88
89
90
93
94
97
100
101
103
105
106
107
109
110
113
116
117
120
122
123
125
126
130
131
134
135
137
138
139
148
149
150
151
153
156
158
163
164
166
167
169
170
172
177
178
179
183
184
185
187
188
191
192
193
194
195
196
197
198
199
204
206
207
208
209
211
216
218
220
224
225
227
229
235
236
237
241
242
243
244
245
246
247
249
251
253
260
264
265
266
267
269
270
273
274
275
277
278
280
288
289
290
291
293
294
296
297
299
300
301
306
309
311
312
315
317
319
320
324
325
326
327
328
329
331
333
335
336
338
340
341
342
343
346
347
348
353
354
355
357
358
359
361
364
366
369
372
373
376
380
381
385
395
396
399
400
404
406
409
410
411
412
415
418
420
421
424
425
430
433
434
435
436
437
439
440
442
445
447
448
450
454
464
466
470
472
481
485
486
490
491
495
498
501
503
504
506
509
513
515
519
523
525
526
527
529
531
533
534
535
537
538
541
542
543
544
545
546
547
548
549
551
552
553
555
558
559
561
564
566
568
569
570
572
573
574
575
578
580
583
584
585
589
591
593
594
595
598
600
602
603
607
609
614
618
619
620
622
624
625
626
627
629
631
632
633
637
639
641
642
643
646
650
653
654
655
660
661
663
665
668
670
673
674
675
676
677
678
683
684
687
688
689
690
693
696
697
698
701
702
703
705
706
712
714
715
716
717
718
720
722
728
730
731
733
734
739
743
744
746
747
748
753
754
755
757
758
759
760
761
764
765
769
772
774
775
776
777
778
779
781
783
785
786
787
788
789
791
797
799
801
802
804
809
810
813
815
819
820
821
822
825
826
833
838
840
844
846
849
851
853
854
855
857
858
859
860
863
864
869
870
871
872
873
874
877
878
880
881
882
883
885
887
890
891
892
895
896
897
898
899
901
902
903
905
911
914
915
916
917
918
919
920
923
924
926
927
929
934
935
936
941
942
943
947
951
953
954
956
957
959
960
963
965
967
968
974
975
980
982
983
984
985
988
993
994
998
1000
1001
1003
1005
1006
1007
1008
1013
1014
1015
1017
1020
1024
1029
1030
1032
1033
1035
1039
1042
1044
1045
1047
1049
1050
1052
1053
1054
1055
1056
1060
1061
1063
1064
1065
1066
1068
1070
1072
1074
1075
1076
1079
1080
1082
1087
1088
1089
1090
1097
1099
1100
1102
1103
1105
1106
1107
1110
1112
1116
1117
1119
1120
1122
1123
1124
1125
1126
1127
1129
1133
1134
1135
1136
1139
1140
1141
1142
1144
1146
1148
1149
1150
1153
1155
1162
1163
1164
1165
1168
1169
1170
1175
1176
1177
1180
1181
1185
1191
1194
1197
1198
1199
1201
1202
1203
1204
1205
1208
1209
1210
1212
1214
1219
1221
1222
1223
1228
1232
1235
1236
1237
1239
1242
1243
1244
1248
1249
1250
1252
1254
1259
1261
1265
1268
1269
1272
1274
1275
1276
1277
1282
1289
1290
1291
1292
1295
1298
1299
1300
1303
1305
1307
1311
1312
1313
1318
1319
1322
1323
1331
1332
1334
1338
1340
1341
1343
1344
1345
1346
1355
1357
1360
1363
1365
1367
1369
1370
1372
1374
1379
1381
1382
1383
1388
1389
1391
1394
1396
1397
1398
1403
1404
1408
1414
1416
1419
1420
1421
1423
1424
1427
1429
1432
1433
1436
1438
1440
1443
1444
1447
1449
1450
1452
1455
1456
1457
1460
1463
1464
1467
1469
1472
1475
1477
1480
1481
1482
1483
1484
1485
1487
1488
1489
1490
1491
1493
1494
1495
1496
1500
1501
1508
1510
1512
1513
1514
1516
1520
1521
1522
1523
1530
1532
1533
1534
1536
1542
1544
1547
1548
1551
1553
1555
1559
1561
1563
1564
1565
1568
1572
1573
1574
1577
1579
1582
1583
1584
1587
1590
1591
1592
1593
1595
1604
1605
1606
1608
1609
1610
1611
1620
1622
1623
1624
1625
1626
1628
1629
1634
1635
1636
1639
1640
1641
1642
1643
1647
1649
1650
1653
1654
1660
1661
1662
1663
1664
1667
1669
1672
1677
1678
1679
1680
1682
1685
1686
1688
1689
1691
1695
1696
1698
1701
1703
1705
1707
1708
1709
1712
1713
1716
1718
1719
1723
1725
1727
1728
1730
1731
1732
1734
1738
1739
1741
1742
1747
1748
1750
1752
1753
1754
1755
1757
1760
1764
1765
1767
1771
1772
1776
1778
1779
1781
1782
1784
1789
1791
1793
1796
1797
1798
1800
1801
1804
1805
1806
1808
1811
1818
1819
1821
1824
1829
1831
1838
1841
1843
1844
1846
1850
1853
1855
1856
1862
1865
1867
1868
1869
1871
1872
1873
1875
1877
1880
1881
1882
1884
1885
1887
1888
1889
1894
1896
1901
1903
1904
1908
1909
1910
1914
1915
1919
1922
1924
1926
1927
1928
1930
1933
1935
1940
1941
1942
1945
1946
1947
1948
1949
1956
1960
1961
1963
1964
1965
1966
1969
1972
1973
1974
1975
1976
1978
1979
1985
1986
1987
1990
1991
1993
1996
1998
2000
2001
2002
2003
2004
2005
2007
2008
2009
2010
2011
2012
2013
2014
2015
2016
2017
2018
2019
2020
2021
2022
2023
2024
2025
2026
2027
2028
2029
2030
2031
2032
2033
2034
2035
2036
2037
2039
2040
2041
2042
2043
2044
2045
2046
2047
2048
2049
2050
2052
2053
2054
2055
2056
2057
2058
2059
2060
2061
2062
2063
2064
2065
2066
2067
2068
2071
2074
2075
2076
2077
2078
2079
2080
2081
2082
2083
2084
