2
9
10
17
18
19
41
42
45
62
65
66
71
72
73
74
76
77
78
83
98
99
103
107
110
115
120
125
128
129
132
138
139
142
146
147
150
155
163
167
169
174
176
184
186
197
205
209
214
215
229
235
237
250
253
261
262
264
265
268
277
285
287
292
306
314
315
317
320
322
331
340
341
347
348
350
359
365
373
376
377
379
383
384
385
389
395
400
406
411
422
427
428
429
430
433
434
442
453
456
457
463
472
473
479
482
483
493
494
502
509
510
515
516
519
520
521
523
560
564
568
570
584
591
593
598
599
600
601
602
611
613
622
625
631
633
643
663
680
685
686
695
697
700
702
712
713
714
718
723
724
728
731
746
750
751
754
756
763
766
772
774
775
778
783
788
794
809
810
811
812
823
826
827
829
831
833
834
840
843
851
856
858
859
874
879
881
882
886
891
895
902
907
918
928
929
930
935
936
939
943
953
954
962
967
974
975
980
983
984
986
994
995
1008
1013
1019
1024
1028
1031
1033
1039
1040
1041
1049
1050
1052
1059
1076
1079
1081
1086
1089
1090
1093
1095
1111
1117
1122
1128
1129
1131
1132
1135
1140
1144
1147
1154
1156
1157
1164
1165
1166
1171
1173
1175
1176
1183
1186
1187
1190
1193
1195
1198
1199
1201
1208
1211
1214
1217
1223
1228
1231
1233
1234
1238
1240
1244
1252
1254
1257
1260
1264
1265
1269
1270
1273
1277
1281
1286
1287
1293
1296
1299
1301
1302
1305
1307
1310
1312
1313
1318
1325
1329
1330
1333
1335
1339
1342
1346
1351
1355
1357
1358
1365
1366
1369
1370
1371
1378
1379
1383
1391
1395
1399
1401
1414
1424
1425
1429
1432
1434
1435
1454
1455
1460
1471
1474
1478
1486
1491
1493
1494
1501
1502
1504
1505
1514
1515
1533
1534
1540
1541
1551
1561
1562
1573
1576
1577
1578
1581
1585
1589
1590
1591
1592
1594
1600
1601
1610
1611
1625
1629
1634
1635
1639
1640
1645
1648
1653
1659
1663
1664
1665
1669
1673
1680
1686
1690
1692
1693
1701
1704
1705
1712
1714
1716
1721
1724
1734
1737
1740
1750
1752
1758
1762
1768
1771
1773
1779
1781
1783
1792
1803
1806
1807
1809
1811
1812
1815
1822
1832
1841
1843
1848
1860
1861
1867
1869
1871
1874
1877
1882
1883
1887
1897
1904
1916
1918
1925
1930
1931
1934
1938
1939
1940
1942
1946
1954
1957
1959
1963
1965
1969
1972
1973
1976
1978
1982
1987
1990
1992
1996
1998
1999
2001
2003
2004
2005
2006
2007
2008
2009
2011
2013
2015
2016
2017
2018
2020
2021
2022
2024
2026
2027
2028
2031
2032
2033
2034
2035
2036
2037
2038
2039
2042
2044
2046
2047
2048
2050
2051
2052
2056
2058
2061
2062
2063
2064
2066
2067
2070
2072
2073
2074
2075
2076
2077
2078
2080
2082
2084
