4
21
28
29
46
48
52
72
87
98
110
128
135
142
150
180
188
200
206
215
232
264
290
326
348
361
363
364
370
376
395
421
422
423
430
463
501
503
536
547
549
555
572
578
586
588
602
604
616
623
662
668
681
685
687
688
690
708
721
724
733
737
749
757
776
797
800
818
833
854
867
868
878
915
916
920
922
938
954
966
967
993
994
995
996
998
1000
1003
1006
1012
1013
1029
1032
1041
1042
1086
1096
1102
1105
1113
1142
1169
1180
1217
1220
1221
1247
1270
1283
1289
1301
1322
1345
1350
1383
1398
1401
1403
1404
1405
1406
1409
1410
1413
1423
1424
1469
1474
1487
1501
1537
1544
1565
1576
1588
1619
1621
1623
1624
1644
1662
1674
1708
1715
1724
1736
1763
1789
1798
1801
1806
1828
1842
1854
1856
1857
1867
1869
1870
1876
1881
1887
1889
1907
1917
1925
1929
1930
1948
1962
1984
1991
1994
1997
2000
2001
2003
2004
2005
2009
2010
2011
2014
2019
2020
2021
2023
2024
2025
2028
2029
2033
2038
2039
2042
2043
2047
2050
2051
2056
2067
2070
2073
2076
2080
2082
2083
2084
