0
5
6
14
15
17
18
19
23
24
28
34
35
36
38
39
40
42
46
48
50
51
52
53
54
55
58
59
60
61
62
63
67
68
69
71
72
74
75
76
77
78
81
82
85
86
88
92
94
99
102
104
106
108
113
115
116
117
119
121
123
125
126
127
131
132
133
137
138
142
143
144
147
148
150
151
152
153
154
156
157
159
161
164
166
167
168
170
171
172
174
175
176
177
180
181
183
191
192
196
201
202
204
208
209
211
217
218
221
228
229
231
236
237
241
243
245
248
249
250
251
252
257
259
264
265
266
269
270
274
275
276
277
280
283
285
286
287
288
290
291
292
295
296
297
300
301
304
306
307
308
311
312
315
316
317
318
319
320
321
323
327
329
330
335
336
338
339
341
342
343
346
347
348
351
354
358
360
361
362
364
365
366
368
370
371
373
380
381
383
385
389
391
393
395
397
400
401
404
406
407
408
409
410
411
412
414
416
417
422
423
426
427
430
433
434
439
441
442
445
447
448
452
455
457
460
461
462
463
466
468
470
472
477
479
480
481
482
483
484
486
490
491
495
496
497
499
501
503
504
508
513
515
516
517
519
524
527
533
537
539
541
542
543
544
545
547
548
549
552
553
554
555
558
562
567
569
572
573
574
578
581
582
584
587
588
589
590
593
595
598
599
600
603
608
610
613
614
617
618
619
621
622
623
624
625
626
627
629
635
637
638
639
641
644
645
646
648
650
652
655
657
658
659
661
662
663
669
670
671
676
677
678
681
683
684
685
686
689
693
696
698
699
709
713
715
718
719
721
722
723
724
725
727
728
729
731
732
733
737
738
739
742
743
745
748
749
751
757
759
761
762
763
764
766
767
769
771
773
777
778
779
780
784
786
788
789
791
794
796
801
802
804
805
807
813
820
826
827
828
829
830
833
835
838
839
840
843
846
850
851
857
859
860
861
864
865
874
875
876
878
879
881
885
887
890
891
892
893
895
896
897
898
902
903
908
909
910
911
913
914
915
917
919
920
923
924
925
926
929
930
931
932
933
934
935
937
938
940
941
947
948
952
954
956
957
958
962
967
973
975
976
977
978
979
980
981
982
985
986
987
988
989
992
996
997
999
1001
1002
1003
1005
1009
1015
1016
1017
1019
1021
1022
1023
1024
1026
1031
1032
1034
1035
1036
1038
1039
1047
1049
1057
1058
1061
1062
1068
1069
1070
1071
1075
1076
1077
1079
1082
1083
1086
1089
1090
1091
1094
1095
1096
1097
1098
1100
1103
1105
1106
1107
1108
1112
1115
1116
1119
1120
1121
1122
1124
1127
1129
1130
1132
1133
1136
1138
1141
1144
1146
1147
1149
1151
1155
1156
1158
1159
1160
1161
1164
1165
1167
1168
1169
1170
1171
1172
1173
1177
1180
1181
1182
1183
1185
1186
1187
1188
1191
1195
1196
1197
1198
1199
1200
1201
1204
1209
1212
1216
1218
1219
1220
1221
1223
1225
1226
1227
1228
1231
1236
1240
1244
1245
1246
1248
1249
1252
1256
1258
1260
1264
1265
1266
1276
1278
1281
1282
1283
1285
1286
1287
1289
1291
1293
1294
1295
1296
1297
1299
1301
1302
1303
1304
1307
1309
1311
1312
1315
1316
1318
1321
1322
1323
1324
1327
1330
1333
1334
1335
1338
1341
1345
1346
1347
1348
1350
1351
1353
1355
1357
1358
1359
1360
1362
1370
1372
1374
1376
1377
1378
1380
1383
1385
1388
1391
1394
1395
1396
1399
1400
1401
1403
1404
1406
1408
1422
1423
1424
1426
1431
1433
1437
1441
1442
1443
1444
1446
1449
1450
1452
1454
1455
1458
1460
1462
1466
1469
1472
1474
1477
1478
1481
1483
1484
1485
1487
1488
1489
1490
1491
1492
1494
1495
1496
1504
1505
1507
1510
1513
1515
1516
1519
1520
1521
1522
1524
1525
1528
1529
1532
1534
1535
1536
1537
1538
1539
1540
1545
1547
1550
1551
1552
1557
1558
1559
1560
1565
1566
1569
1570
1573
1575
1576
1578
1579
1581
1582
1583
1585
1587
1590
1591
1592
1593
1594
1595
1597
1598
1601
1602
1604
1609
1610
1615
1617
1619
1623
1626
1627
1630
1633
1634
1638
1639
1640
1642
1644
1645
1647
1648
1649
1650
1651
1652
1655
1656
1658
1661
1662
1663
1665
1666
1668
1669
1670
1674
1675
1676
1678
1680
1687
1688
1694
1697
1699
1700
1705
1707
1709
1710
1712
1714
1719
1720
1722
1724
1725
1727
1730
1732
1734
1735
1741
1743
1744
1747
1748
1751
1752
1753
1755
1757
1758
1759
1762
1766
1768
1770
1772
1773
1774
1775
1778
1779
1782
1786
1787
1789
1794
1796
1798
1800
1803
1804
1806
1807
1808
1817
1819
1820
1822
1824
1827
1828
1829
1830
1831
1834
1837
1838
1840
1842
1843
1845
1846
1848
1850
1852
1853
1855
1856
1861
1862
1866
1867
1874
1876
1877
1879
1882
1883
1888
1889
1893
1894
1895
1896
1897
1898
1899
1900
1902
1903
1906
1907
1909
1910
1913
1917
1918
1920
1922
1924
1926
1927
1930
1934
1935
1936
1937
1938
1941
1943
1949
1951
1953
1959
1961
1963
1965
1967
1970
1971
1972
1973
1974
1976
1977
1978
1979
1987
1992
1993
1994
1995
1996
1997
1998
2000
2001
2002
2003
2004
2005
2007
2008
2010
2011
2012
2013
2015
2016
2017
2019
2020
2021
2023
2024
2026
2027
2028
2030
2031
2032
2033
2034
2035
2037
2039
2040
2041
2042
2043
2044
2045
2047
2048
2049
2050
2051
2052
2054
2055
2056
2057
2058
2059
2062
2063
2064
2066
2067
2068
2069
2070
2071
2072
2074
2076
2077
2078
2079
2081
2082
2084
