4
19
21
24
28
29
33
42
45
46
48
49
52
53
55
66
69
71
72
76
87
93
98
102
106
110
121
125
128
135
142
149
150
162
170
180
183
188
190
191
200
206
207
215
225
227
228
231
232
235
237
243
254
263
264
266
269
270
276
283
288
290
291
297
302
311
312
314
317
318
326
328
331
335
336
339
341
347
348
359
361
363
364
366
369
370
371
372
376
377
383
392
395
398
399
407
416
417
421
422
423
430
433
434
435
444
454
462
463
473
479
480
483
493
498
501
503
513
536
537
546
547
548
549
554
555
572
578
586
588
589
590
597
600
602
604
613
614
616
622
623
626
638
646
653
654
657
658
659
662
663
667
668
671
681
683
685
687
688
690
700
701
704
708
716
717
721
724
725
733
737
740
749
755
757
762
776
781
797
800
802
803
810
818
825
827
833
852
853
854
859
860
867
868
878
883
884
888
890
894
896
897
907
909
910
914
915
916
920
922
928
938
948
949
954
966
967
968
972
975
976
979
981
989
990
993
994
995
996
998
1000
1003
1004
1005
1006
1011
1012
1013
1014
1025
1029
1031
1032
1041
1042
1051
1056
1071
1072
1086
1096
1102
1103
1105
1106
1113
1116
1124
1140
1142
1145
1157
1160
1162
1168
1169
1175
1180
1182
1183
1199
1207
1216
1217
1220
1221
1239
1242
1247
1260
1268
1270
1271
1279
1283
1284
1289
1298
1301
1303
1318
1322
1324
1331
1336
1340
1345
1350
1358
1365
1366
1368
1369
1378
1379
1383
1395
1397
1398
1399
1401
1403
1404
1405
1406
1408
1409
1410
1413
1420
1423
1424
1437
1441
1444
1447
1455
1458
1466
1469
1474
1480
1482
1485
1487
1490
1492
1496
1501
1504
1505
1508
1509
1510
1512
1513
1514
1524
1529
1537
1544
1548
1549
1562
1565
1572
1574
1576
1577
1579
1581
1588
1605
1609
1618
1619
1621
1622
1623
1624
1639
1640
1643
1644
1652
1654
1662
1674
1678
1682
1685
1686
1688
1695
1697
1708
1712
1713
1715
1719
1723
1724
1726
1736
1740
1747
1757
1763
1766
1767
1774
1775
1778
1783
1785
1786
1789
1791
1793
1794
1798
1801
1803
1806
1825
1828
1830
1837
1840
1842
1846
1853
1854
1856
1857
1867
1869
1870
1875
1876
1880
1881
1887
1889
1893
1895
1897
1901
1907
1911
1913
1916
1917
1920
1925
1928
1929
1930
1938
1948
1955
1960
1962
1965
1976
1977
1980
1983
1984
1990
1991
1994
1996
1997
2000
2001
2003
2004
2005
2007
2009
2010
2011
2012
2013
2014
2015
2016
2017
2019
2020
2021
2022
2023
2024
2025
2027
2028
2029
2031
2033
2034
2035
2038
2039
2040
2042
2043
2045
2046
2047
2048
2050
2051
2052
2053
2054
2056
2061
2062
2067
2070
2072
2073
2076
2077
2080
2081
2082
2083
2084
