5
10
11
13
14
16
18
19
20
23
24
26
31
33
35
37
39
41
42
45
46
48
51
52
54
59
60
62
68
70
71
72
73
74
75
76
78
80
82
83
85
90
92
95
97
99
100
102
103
105
106
113
114
115
117
118
126
127
128
130
131
133
136
142
143
144
145
149
153
157
159
161
163
166
167
170
173
177
178
180
182
184
188
190
191
192
193
196
200
202
206
208
211
215
218
220
221
222
223
227
232
233
236
237
238
239
243
244
245
246
249
252
253
254
255
257
258
259
260
265
266
267
268
269
271
272
277
278
281
283
286
287
288
289
290
291
292
295
296
301
304
307
310
311
314
316
317
318
323
326
328
329
330
331
334
338
341
344
345
347
353
357
358
359
360
361
362
363
364
367
368
371
374
376
380
384
386
387
389
390
392
393
394
395
396
397
399
402
404
407
409
412
416
419
422
425
426
428
429
430
433
435
436
437
439
441
443
445
450
451
452
453
454
456
458
461
462
463
465
467
468
469
470
472
477
481
483
485
487
493
494
495
496
498
503
505
507
508
509
512
513
514
515
518
519
520
521
522
523
526
527
532
534
539
541
542
543
544
545
549
550
553
554
555
556
560
563
564
567
568
569
571
573
574
578
579
580
583
584
585
586
590
593
595
599
600
602
603
605
613
615
620
621
622
624
625
629
632
634
635
636
638
639
642
644
646
647
652
653
656
657
658
662
663
665
667
668
669
670
672
674
678
679
680
682
683
685
686
689
692
694
697
698
701
704
708
709
710
716
720
723
725
726
727
728
729
730
731
732
733
734
736
738
739
741
742
743
745
746
750
752
754
761
764
765
766
767
769
773
775
776
777
778
779
781
782
783
784
788
790
792
793
794
797
801
803
809
813
814
815
822
825
828
832
833
835
837
838
839
845
849
850
854
855
858
861
863
869
873
874
878
880
881
886
887
888
889
893
894
895
897
901
902
903
905
907
909
911
913
914
915
916
917
918
920
924
927
928
930
931
934
942
944
945
947
951
954
955
957
958
959
962
965
966
967
969
971
976
978
979
985
986
988
990
994
996
998
1000
1001
1003
1005
1010
1011
1012
1013
1014
1015
1016
1018
1021
1024
1025
1027
1029
1032
1035
1037
1039
1040
1042
1043
1045
1047
1048
1050
1051
1052
1053
1054
1055
1058
1059
1061
1062
1063
1065
1067
1068
1069
1070
1071
1072
1074
1078
1079
1084
1085
1089
1090
1091
1093
1094
1099
1100
1108
1109
1110
1111
1112
1113
1114
1117
1119
1121
1126
1129
1130
1132
1133
1136
1140
1142
1144
1146
1147
1148
1150
1153
1155
1158
1159
1164
1165
1166
1167
1168
1172
1173
1175
1178
1182
1183
1185
1186
1187
1190
1191
1192
1195
1196
1197
1199
1200
1201
1202
1203
1204
1211
1212
1214
1218
1219
1220
1221
1222
1223
1225
1226
1231
1232
1235
1240
1241
1242
1244
1247
1248
1249
1253
1255
1256
1259
1260
1261
1262
1264
1265
1267
1272
1274
1277
1281
1282
1284
1286
1291
1292
1294
1295
1296
1298
1299
1301
1303
1304
1305
1306
1310
1312
1313
1319
1321
1323
1324
1326
1327
1330
1332
1334
1337
1338
1340
1342
1344
1345
1348
1350
1351
1352
1353
1358
1360
1361
1367
1370
1371
1374
1377
1378
1379
1381
1385
1387
1388
1389
1392
1395
1396
1399
1401
1404
1406
1409
1410
1411
1420
1421
1423
1426
1427
1432
1433
1434
1435
1436
1442
1443
1448
1450
1451
1453
1454
1456
1458
1460
1461
1462
1464
1467
1469
1470
1472
1473
1475
1476
1477
1480
1481
1482
1484
1485
1486
1487
1489
1494
1495
1496
1498
1500
1501
1502
1503
1505
1508
1511
1514
1516
1520
1521
1522
1523
1529
1530
1533
1536
1537
1538
1542
1548
1549
1550
1551
1554
1555
1556
1559
1560
1561
1562
1565
1567
1568
1570
1572
1573
1578
1579
1583
1584
1585
1589
1591
1593
1594
1596
1597
1600
1601
1602
1605
1606
1610
1611
1619
1624
1625
1629
1631
1632
1634
1639
1642
1649
1651
1652
1655
1656
1657
1660
1661
1662
1663
1664
1665
1668
1669
1670
1673
1674
1675
1677
1678
1679
1680
1683
1685
1687
1688
1692
1693
1699
1700
1705
1706
1708
1709
1710
1712
1713
1716
1717
1718
1719
1723
1724
1726
1730
1732
1735
1736
1737
1740
1743
1745
1746
1747
1748
1749
1751
1754
1755
1759
1760
1761
1763
1764
1765
1766
1768
1769
1771
1772
1773
1777
1778
1779
1780
1781
1783
1786
1787
1790
1792
1794
1795
1799
1800
1801
1802
1803
1804
1806
1808
1809
1810
1811
1813
1819
1823
1824
1826
1829
1833
1834
1835
1836
1838
1841
1843
1844
1847
1848
1851
1852
1856
1857
1860
1868
1869
1870
1872
1874
1875
1876
1879
1880
1882
1883
1885
1887
1889
1894
1897
1898
1903
1905
1907
1909
1913
1915
1916
1917
1918
1923
1924
1925
1927
1932
1933
1934
1937
1940
1941
1942
1943
1944
1945
1954
1955
1956
1957
1959
1962
1965
1966
1967
1968
1969
1972
1973
1974
1976
1977
1980
1981
1983
1986
1987
1988
1990
1991
1992
1996
1997
1998
2000
2001
2002
2003
2004
2005
2007
2008
2009
2010
2011
2012
2013
2014
2015
2016
2017
2018
2020
2022
2023
2024
2025
2026
2027
2028
2029
2031
2033
2034
2035
2036
2037
2039
2040
2041
2042
2043
2044
2045
2046
2047
2048
2049
2050
2051
2052
2053
2054
2055
2056
2057
2058
2059
2061
2062
2064
2065
2066
2067
2068
2069
2070
2071
2072
2073
2074
2075
2076
2077
2078
2079
2080
2081
2082
2083
2084
