2
3
4
5
8
11
26
30
35
44
52
53
59
62
64
67
74
78
83
88
91
100
101
112
113
114
120
126
137
138
141
143
144
146
156
160
163
164
166
167
174
184
185
190
194
198
209
211
214
215
221
222
223
228
234
235
241
242
246
249
251
252
278
283
288
301
318
322
324
327
332
336
339
345
349
353
354
358
366
377
379
381
386
388
392
393
395
399
400
402
404
412
414
418
432
452
453
463
468
474
483
484
485
489
492
494
499
502
503
509
511
513
521
523
524
525
527
537
542
543
549
564
565
569
579
583
585
586
593
594
595
598
600
604
609
613
618
630
632
633
635
639
643
657
659
663
668
677
683
684
696
701
713
715
716
723
731
733
736
740
743
744
745
747
765
767
770
774
775
778
783
801
803
805
820
821
823
824
826
831
833
838
840
852
856
858
861
874
881
882
883
887
892
896
902
916
919
920
928
936
939
941
947
952
955
958
961
966
968
971
976
980
982
985
994
996
1002
1003
1006
1012
1013
1014
1018
1020
1021
1022
1027
1029
1037
1043
1045
1050
1051
1057
1062
1066
1071
1081
1082
1091
1092
1103
1104
1105
1111
1114
1115
1116
1118
1122
1127
1128
1132
1133
1135
1140
1146
1155
1157
1162
1168
1170
1171
1172
1178
1181
1195
1196
1197
1198
1199
1200
1201
1202
1205
1220
1226
1228
1231
1235
1241
1247
1248
1250
1261
1264
1268
1272
1274
1275
1276
1282
1283
1284
1285
1286
1289
1291
1292
1294
1295
1301
1305
1310
1311
1320
1322
1329
1334
1354
1357
1361
1363
1368
1370
1372
1377
1378
1380
1392
1396
1398
1400
1408
1409
1416
1417
1421
1424
1429
1435
1440
1444
1446
1451
1455
1456
1460
1467
1468
1473
1475
1476
1477
1484
1491
1494
1495
1496
1497
1500
1501
1503
1507
1518
1532
1535
1538
1548
1555
1556
1557
1566
1576
1577
1578
1581
1582
1583
1588
1590
1593
1594
1599
1600
1606
1608
1613
1616
1625
1632
1642
1644
1645
1646
1647
1659
1664
1669
1671
1677
1686
1692
1702
1703
1710
1712
1714
1735
1736
1743
1747
1754
1758
1762
1773
1781
1783
1787
1790
1795
1803
1806
1810
1812
1813
1814
1815
1818
1819
1822
1825
1826
1831
1834
1844
1845
1848
1850
1858
1862
1865
1866
1867
1870
1873
1874
1875
1877
1884
1886
1888
1893
1898
1902
1915
1918
1919
1920
1927
1928
1940
1941
1943
1947
1959
1965
1974
1976
1978
1986
1990
1998
2000
2001
2003
2005
2006
2007
2008
2009
2010
2012
2013
2015
2016
2017
2018
2019
2020
2021
2023
2025
2026
2027
2028
2029
2031
2032
2033
2034
2035
2037
2038
2041
2042
2044
2045
2047
2049
2051
2052
2053
2054
2055
2056
2057
2058
2059
2061
2062
2068
2069
2072
2074
2076
2079
2080
2081
2082
2084
