0
1
2
3
4
5
6
9
10
13
15
16
17
18
19
21
22
23
24
25
26
27
28
29
30
31
32
33
34
35
36
37
38
39
40
41
42
43
44
45
48
51
55
56
58
60
62
63
64
65
66
67
68
69
70
71
72
73
75
76
78
79
82
83
86
87
88
89
90
91
92
93
94
95
97
99
100
103
104
106
107
109
111
112
113
114
115
117
120
121
122
124
125
127
128
129
130
131
133
134
135
136
138
139
142
144
145
146
147
148
149
150
152
154
156
157
158
162
164
166
167
168
170
171
172
173
174
175
177
179
180
181
184
185
186
187
188
190
191
192
194
196
197
200
202
203
204
205
206
207
208
209
211
213
214
215
217
218
219
220
221
222
223
225
228
230
231
232
233
234
235
236
238
239
240
241
242
243
244
245
246
249
251
252
254
255
256
257
260
261
262
263
265
266
268
269
272
274
275
276
277
279
280
281
282
283
284
286
287
288
290
291
292
293
297
298
299
300
302
306
307
308
309
312
313
315
316
317
318
319
320
322
323
324
325
326
328
329
331
332
333
335
336
337
338
339
340
341
342
343
344
345
346
347
348
349
350
351
353
354
355
356
358
359
360
361
362
363
364
366
367
369
370
372
374
375
376
377
378
379
380
381
382
383
386
387
388
389
390
391
392
393
394
395
396
397
398
399
400
401
404
405
406
407
409
410
411
412
413
414
416
417
418
419
420
421
422
423
424
425
426
427
428
429
430
431
432
434
435
438
439
440
441
442
443
445
446
447
448
449
450
451
452
453
454
455
456
462
463
464
465
466
468
469
472
473
474
475
476
477
478
479
480
481
483
484
485
486
488
489
490
491
492
494
495
496
497
498
499
500
501
502
503
504
505
507
509
511
513
514
515
516
517
519
520
522
523
524
525
526
529
530
531
532
533
534
535
536
537
538
539
541
542
543
545
547
548
552
555
556
557
558
559
560
561
563
564
565
567
568
570
571
573
574
575
576
577
579
580
581
582
584
585
586
588
591
592
593
596
598
603
604
605
607
608
610
611
612
613
614
615
616
617
619
620
622
623
624
625
627
628
629
630
631
632
634
635
636
637
638
639
641
642
643
644
645
646
647
648
649
650
651
652
653
654
655
656
658
659
660
661
662
663
664
665
666
667
668
669
671
672
673
674
675
676
677
678
679
680
681
682
683
684
685
687
688
689
690
691
692
694
695
696
697
698
699
700
701
702
703
706
707
708
709
710
711
712
713
714
715
716
718
719
720
722
723
725
727
728
730
731
733
738
739
740
741
742
743
745
746
747
749
750
751
752
755
759
760
762
763
765
767
769
770
771
772
773
774
775
776
777
778
779
780
781
782
783
784
785
786
787
788
789
791
793
794
796
797
798
799
800
801
804
807
808
809
810
811
812
814
815
816
817
818
820
821
822
823
824
825
826
827
828
829
831
833
834
835
836
837
838
840
841
842
844
845
846
847
848
849
851
852
853
854
855
859
862
863
864
865
866
867
869
870
871
873
874
875
876
877
878
879
880
881
882
884
885
886
887
888
889
890
891
893
896
897
898
899
900
901
903
904
905
906
908
910
916
918
919
921
923
924
926
927
928
929
930
931
932
933
935
936
937
938
939
941
943
944
945
946
947
949
950
952
954
955
956
957
958
959
960
961
964
966
967
968
969
970
972
973
975
976
978
980
982
983
984
986
987
989
990
991
993
994
996
997
999
1000
1002
1005
1006
1007
1008
1010
1012
1013
1014
1015
1017
1018
1019
1020
1021
1022
1024
1025
1032
1034
1035
1036
1037
1038
1040
1041
1042
1043
1049
1050
1051
1052
1053
1054
1056
1058
1059
1061
1063
1064
1065
1066
1067
1068
1069
1070
1071
1074
1075
1076
1077
1078
1079
1081
1082
1083
1088
1089
1090
1091
1092
1093
1095
1097
1100
1101
1102
1103
1104
1105
1107
1108
1109
1110
1111
1112
1114
1117
1118
1119
1120
1121
1122
1123
1124
1127
1130
1132
1134
1136
1137
1138
1139
1140
1141
1142
1143
1144
1148
1149
1150
1151
1153
1155
1156
1160
1161
1162
1163
1164
1166
1167
1169
1171
1172
1173
1174
1176
1178
1179
1181
1182
1183
1184
1187
1190
1193
1194
1195
1197
1198
1199
1201
1202
1203
1207
1208
1209
1211
1212
1213
1214
1215
1216
1217
1218
1219
1220
1221
1222
1223
1224
1225
1226
1227
1228
1231
1233
1235
1236
1237
1239
1240
1241
1242
1244
1246
1248
1249
1250
1251
1252
1254
1258
1259
1261
1262
1263
1265
1266
1268
1269
1270
1271
1272
1273
1274
1277
1279
1280
1281
1282
1283
1284
1285
1286
1287
1288
1289
1290
1291
1294
1295
1296
1297
1299
1300
1301
1303
1304
1305
1307
1308
1309
1310
1312
1313
1314
1315
1316
1318
1320
1321
1322
1323
1324
1325
1327
1328
1329
1330
1332
1333
1334
1335
1336
1337
1338
1339
1341
1342
1345
1346
1347
1348
1349
1350
1351
1352
1353
1354
1355
1356
1357
1358
1360
1361
1362
1363
1364
1365
1367
1369
1370
1372
1373
1374
1375
1376
1377
1379
1380
1381
1382
1383
1385
1386
1388
1389
1390
1392
1393
1394
1395
1396
1399
1400
1401
1402
1403
1404
1405
1407
1408
1409
1410
1412
1414
1417
1418
1420
1421
1423
1424
1425
1431
1432
1434
1435
1438
1439
1440
1441
1442
1445
1446
1447
1448
1449
1450
1452
1453
1455
1456
1458
1460
1461
1462
1463
1464
1466
1467
1468
1471
1472
1474
1475
1476
1477
1478
1479
1480
1481
1482
1483
1484
1485
1486
1487
1488
1489
1490
1491
1493
1494
1496
1497
1499
1501
1502
1503
1504
1505
1506
1509
1510
1511
1513
1514
1515
1516
1517
1520
1521
1523
1524
1525
1526
1527
1528
1529
1530
1531
1532
1533
1534
1535
1536
1537
1538
1539
1540
1542
1543
1544
1545
1547
1549
1550
1551
1552
1553
1554
1556
1557
1558
1562
1563
1564
1565
1566
1569
1570
1571
1572
1573
1574
1576
1577
1578
1579
1581
1582
1583
1584
1585
1587
1588
1589
1590
1591
1592
1593
1594
1596
1598
1601
1603
1608
1609
1610
1611
1613
1614
1615
1616
1617
1618
1619
1620
1621
1623
1624
1625
1626
1627
1629
1630
1632
1633
1634
1635
1636
1637
1638
1639
1640
1642
1646
1647
1649
1650
1651
1652
1653
1655
1656
1657
1658
1659
1660
1661
1662
1663
1664
1665
1666
1668
1669
1670
1671
1673
1677
1678
1680
1681
1685
1688
1690
1691
1692
1693
1694
1696
1697
1699
1700
1701
1702
1703
1704
1705
1706
1707
1710
1711
1712
1713
1714
1717
1718
1719
1721
1725
1726
1730
1731
1732
1736
1737
1738
1739
1742
1743
1744
1745
1746
1749
1751
1752
1753
1754
1756
1758
1761
1763
1765
1767
1768
1769
1770
1771
1772
1773
1775
1776
1777
1778
1779
1780
1782
1783
1784
1785
1786
1787
1788
1789
1790
1791
1792
1793
1794
1795
1796
1798
1800
1801
1802
1803
1806
1807
1808
1811
1812
1813
1814
1815
1817
1818
1819
1821
1822
1823
1825
1826
1829
1831
1832
1834
1835
1836
1839
1840
1841
1842
1843
1845
1846
1848
1849
1850
1852
1853
1854
1855
1856
1857
1858
1860
1861
1866
1867
1868
1870
1871
1872
1873
1874
1876
1877
1878
1879
1881
1882
1883
1884
1885
1887
1888
1889
1890
1891
1893
1894
1895
1896
1897
1898
1899
1900
1901
1902
1903
1905
1906
1907
1908
1909
1910
1911
1912
1913
1914
1915
1917
1918
1919
1920
1923
1925
1926
1928
1929
1930
1931
1932
1933
1934
1935
1936
1938
1939
1940
1941
1942
1943
1944
1945
1948
1949
1950
1951
1952
1953
1954
1956
1958
1959
1960
1961
1962
1963
1965
1967
1968
1969
1971
1972
1973
1975
1976
1977
1978
1981
1982
1984
1985
1988
1989
1990
1992
1993
1994
1996
1997
1998
1999
2000
2001
2002
2003
2004
2005
2006
2007
2008
2009
2010
2011
2012
2013
2014
2015
2018
2019
2020
2021
2022
2023
2024
2025
2026
2028
2029
2030
2031
2032
2033
2035
2036
2037
2038
2039
2040
2041
2042
2043
2044
2045
2046
2047
2048
2049
2050
2051
2052
2053
2054
2055
2056
2057
2058
2059
2060
2062
2063
2067
2068
2069
2070
2071
2072
2073
2074
2075
2076
2077
2078
2079
2080
2081
2082
2083
2084
