1
9
10
14
18
21
23
25
32
42
47
50
51
56
62
65
69
73
75
77
82
83
98
101
102
104
108
135
136
137
144
150
151
156
163
172
177
185
190
200
209
211
213
219
222
223
225
230
232
238
239
241
243
244
249
253
255
256
263
269
273
278
280
284
287
290
293
298
300
301
304
306
311
314
317
321
327
336
340
344
351
353
357
358
360
373
383
385
387
389
392
394
416
420
422
424
431
433
434
436
437
442
444
445
447
450
457
462
463
466
472
481
483
490
492
493
509
511
512
525
534
535
541
542
545
550
565
568
574
583
591
595
598
603
604
607
612
622
626
632
633
634
639
654
655
663
676
684
687
695
699
701
702
704
709
718
720
721
723
725
728
731
732
733
734
743
746
748
750
751
753
754
756
764
771
778
782
785
788
790
797
801
805
807
809
810
829
830
831
832
834
835
843
849
853
858
863
864
869
871
875
877
878
881
882
887
889
895
905
912
914
915
927
929
930
938
941
943
945
946
949
954
966
968
974
975
977
978
983
986
988
995
997
1005
1006
1010
1016
1019
1021
1033
1035
1036
1039
1040
1051
1058
1062
1066
1067
1070
1071
1076
1077
1085
1090
1106
1120
1121
1132
1133
1134
1140
1144
1146
1166
1172
1178
1179
1184
1190
1195
1201
1203
1205
1214
1215
1218
1220
1227
1231
1236
1237
1238
1239
1241
1242
1250
1253
1260
1262
1268
1269
1272
1277
1279
1296
1299
1300
1303
1305
1306
1308
1324
1333
1334
1336
1343
1351
1352
1354
1356
1370
1377
1378
1380
1382
1386
1387
1390
1396
1398
1399
1411
1418
1419
1420
1426
1434
1436
1437
1438
1439
1440
1444
1451
1455
1461
1462
1468
1469
1475
1483
1484
1486
1488
1496
1498
1506
1511
1514
1521
1526
1531
1538
1542
1543
1544
1548
1559
1565
1566
1568
1569
1574
1575
1578
1586
1587
1592
1593
1602
1604
1608
1610
1614
1618
1623
1629
1640
1644
1648
1652
1659
1662
1663
1672
1679
1680
1689
1696
1700
1702
1710
1715
1734
1735
1737
1741
1747
1748
1756
1759
1760
1762
1763
1769
1771
1777
1778
1779
1787
1789
1793
1796
1798
1803
1815
1820
1821
1822
1831
1838
1839
1840
1842
1843
1847
1853
1860
1866
1867
1868
1870
1886
1895
1896
1903
1905
1909
1916
1918
1919
1927
1931
1940
1942
1943
1963
1965
1967
1969
1982
1983
1984
1989
1991
1992
2000
2001
2003
2004
2005
2006
2008
2009
2010
2011
2013
2014
2015
2016
2018
2019
2020
2021
2022
2023
2025
2026
2027
2028
2030
2031
2032
2033
2035
2036
2038
2039
2040
2042
2043
2044
2045
2046
2047
2049
2050
2051
2052
2054
2055
2056
2059
2061
2062
2063
2065
2067
2068
2069
2071
2073
2074
2075
2076
2079
2080
2081
2082
2083
