0
3
5
6
8
10
12
17
18
19
21
24
25
26
29
30
35
41
49
53
57
59
70
73
74
78
83
86
88
93
101
110
115
119
121
133
139
141
142
145
150
159
170
172
174
177
182
187
191
202
204
205
207
209
215
222
228
236
237
243
249
252
261
265
267
268
269
270
275
278
281
284
288
289
291
293
294
301
302
306
315
322
326
331
332
336
342
343
345
347
350
351
358
360
366
368
371
384
386
388
392
401
402
407
409
411
414
420
422
424
425
430
434
445
447
455
456
458
464
468
472
474
477
478
494
496
501
502
505
513
519
525
527
532
533
534
535
543
549
551
556
558
560
564
565
568
570
579
581
598
599
605
609
614
615
618
626
635
638
655
657
659
662
663
670
678
680
681
682
685
687
692
701
703
704
720
722
729
731
732
733
738
739
742
743
746
747
761
768
773
783
784
788
793
796
797
801
802
804
806
812
816
823
826
839
858
861
862
864
867
872
875
876
882
886
896
899
901
902
904
908
909
914
927
929
935
942
945
947
954
957
958
959
963
964
970
975
978
979
982
984
986
988
1006
1012
1013
1016
1019
1022
1038
1039
1049
1052
1059
1060
1062
1066
1067
1068
1071
1078
1079
1080
1084
1085
1090
1092
1096
1104
1109
1112
1115
1117
1128
1129
1130
1137
1140
1143
1147
1148
1151
1162
1168
1183
1192
1196
1198
1199
1200
1201
1203
1208
1212
1214
1222
1230
1237
1247
1251
1254
1260
1263
1265
1268
1270
1275
1276
1280
1282
1284
1292
1301
1302
1306
1310
1313
1317
1332
1334
1338
1341
1344
1350
1353
1358
1361
1370
1378
1382
1383
1394
1395
1397
1399
1404
1408
1412
1417
1420
1424
1437
1441
1446
1447
1450
1453
1454
1455
1457
1471
1477
1479
1492
1495
1496
1498
1501
1502
1509
1514
1519
1520
1528
1529
1532
1537
1539
1543
1544
1563
1566
1577
1581
1585
1598
1601
1610
1618
1619
1625
1626
1627
1629
1631
1640
1646
1649
1651
1655
1659
1661
1662
1669
1671
1672
1673
1677
1678
1693
1696
1702
1705
1708
1714
1719
1730
1732
1734
1737
1746
1748
1749
1754
1762
1765
1770
1779
1782
1784
1788
1789
1792
1797
1798
1801
1802
1807
1808
1810
1811
1814
1815
1820
1823
1828
1830
1831
1834
1841
1852
1856
1857
1859
1869
1870
1879
1889
1901
1902
1911
1913
1917
1921
1929
1933
1934
1943
1946
1956
1957
1963
1968
1969
1972
1975
1976
1981
1988
1996
1998
2000
2001
2003
2004
2005
2007
2008
2011
2012
2014
2015
2017
2018
2019
2020
2023
2027
2028
2029
2030
2033
2038
2039
2040
2041
2043
2044
2047
2049
2050
2051
2052
2053
2054
2055
2056
2063
2064
2066
2067
2070
2071
2072
2073
2074
2076
2077
2078
2082
2083
