16
35
40
45
70
81
87
92
117
124
147
157
208
243
252
269
276
293
294
328
329
342
364
373
381
388
413
418
436
463
469
484
487
489
500
505
513
535
539
543
555
574
591
612
623
629
638
644
646
658
663
674
688
705
713
716
720
723
746
751
759
765
766
775
782
789
794
806
808
813
821
824
851
852
886
915
928
943
974
985
988
1020
1039
1064
1065
1070
1082
1096
1110
1170
1171
1177
1182
1187
1190
1197
1202
1208
1211
1220
1222
1227
1235
1240
1286
1287
1298
1301
1303
1313
1335
1360
1403
1406
1410
1414
1415
1426
1457
1475
1486
1487
1496
1507
1533
1537
1556
1585
1594
1595
1606
1647
1651
1663
1669
1671
1683
1684
1692
1700
1719
1744
1754
1763
1774
1786
1789
1802
1839
1858
1869
1871
1879
1885
1934
1956
1965
1969
1978
1981
2000
2002
2003
2004
2005
2007
2008
2009
2013
2018
2020
2021
2022
2025
2026
2027
2028
2029
2031
2032
2038
2040
2041
2043
2044
2045
2046
2048
2049
2051
2052
2053
2055
2058
2064
2065
2067
2070
2071
2073
2074
2077
2078
2079
2080
2082
2083
2084
