1
18
20
29
32
44
47
50
57
60
61
64
65
66
68
70
78
81
83
87
102
107
115
116
118
119
120
133
136
138
150
179
184
194
200
204
205
221
228
238
240
243
244
249
253
261
265
267
268
269
270
275
279
281
286
288
290
292
293
300
308
309
311
318
320
321
325
329
331
332
335
336
339
345
346
358
359
362
364
367
371
391
395
400
402
406
407
413
420
422
426
427
431
433
436
439
441
448
460
462
465
472
473
475
477
479
481
490
491
492
502
506
507
508
509
513
530
536
538
543
545
546
547
549
553
563
568
569
571
574
581
590
593
595
601
613
621
622
628
633
638
643
650
651
654
655
657
660
670
673
677
693
698
704
706
708
710
711
721
722
723
725
732
733
738
751
762
766
771
781
784
793
794
796
800
805
809
816
825
827
834
835
836
842
843
844
853
857
858
865
871
873
878
879
886
887
901
903
909
910
914
917
922
929
930
936
939
946
948
951
953
957
975
977
978
979
981
988
989
993
1005
1007
1009
1024
1040
1049
1050
1051
1053
1057
1058
1059
1066
1072
1082
1085
1086
1089
1097
1099
1103
1104
1105
1106
1121
1123
1126
1139
1140
1146
1155
1158
1164
1168
1170
1176
1181
1183
1187
1199
1211
1220
1228
1241
1248
1254
1257
1259
1260
1264
1272
1274
1276
1278
1281
1284
1289
1291
1292
1298
1301
1306
1307
1313
1316
1317
1318
1319
1322
1324
1325
1334
1342
1344
1345
1357
1358
1365
1367
1370
1373
1375
1386
1389
1393
1397
1398
1403
1405
1410
1412
1413
1414
1420
1421
1422
1423
1424
1426
1427
1441
1443
1446
1448
1449
1452
1465
1470
1471
1472
1475
1478
1494
1496
1497
1499
1503
1510
1512
1514
1531
1532
1537
1538
1543
1544
1547
1549
1550
1552
1554
1559
1563
1568
1571
1572
1576
1578
1585
1586
1591
1594
1601
1602
1604
1609
1611
1615
1617
1621
1622
1624
1626
1629
1630
1636
1639
1644
1647
1649
1653
1654
1666
1668
1670
1674
1675
1682
1685
1689
1691
1699
1705
1706
1709
1714
1726
1727
1734
1735
1747
1750
1754
1757
1768
1772
1775
1781
1784
1791
1807
1808
1820
1823
1825
1826
1829
1834
1839
1842
1843
1852
1859
1862
1864
1866
1867
1868
1869
1875
1880
1888
1894
1897
1901
1902
1903
1907
1917
1918
1919
1923
1927
1931
1934
1936
1938
1939
1942
1956
1963
1965
1972
1983
1987
1992
1993
1997
1998
2001
2003
2004
2005
2009
2011
2012
2013
2014
2015
2016
2017
2018
2019
2022
2023
2024
2025
2026
2028
2030
2032
2033
2034
2036
2037
2038
2039
2040
2041
2042
2043
2046
2047
2048
2049
2050
2051
2056
2057
2058
2062
2063
2065
2066
2067
2068
2069
2070
2071
2072
2073
2074
2075
2076
2077
2078
2079
2080
2082
2083
2084
