0
3
5
10
14
16
18
19
35
37
44
46
53
56
58
60
63
64
66
70
72
80
81
88
93
97
102
104
111
114
117
125
128
139
148
150
176
177
180
186
192
195
198
202
206
213
215
216
225
229
232
243
259
261
265
266
267
283
288
304
308
311
313
318
324
325
329
330
331
335
342
346
348
350
360
366
375
386
394
399
400
411
420
426
430
434
455
457
473
475
484
485
487
489
491
494
495
499
501
502
504
505
506
510
513
517
522
523
524
526
529
531
537
546
553
558
567
574
577
579
585
586
590
595
597
600
605
610
614
623
626
628
631
632
642
645
646
652
655
661
668
671
672
674
678
685
688
692
694
699
703
706
711
713
719
720
723
724
725
726
729
733
734
735
736
738
739
742
746
748
750
765
766
786
792
797
801
803
804
807
809
811
814
815
816
818
820
827
838
839
840
841
843
848
853
856
860
869
883
885
887
896
898
899
905
910
912
918
923
924
928
934
941
954
955
956
958
962
968
969
972
976
981
982
985
986
988
989
996
997
1005
1006
1007
1008
1009
1011
1013
1014
1015
1019
1021
1026
1027
1030
1037
1040
1041
1047
1053
1057
1061
1069
1074
1077
1089
1093
1094
1100
1101
1105
1106
1110
1134
1135
1140
1146
1147
1154
1155
1157
1161
1162
1169
1175
1180
1185
1186
1187
1194
1195
1198
1199
1202
1207
1208
1212
1214
1239
1249
1253
1254
1255
1259
1261
1262
1276
1278
1279
1284
1286
1287
1289
1291
1301
1302
1311
1312
1313
1315
1322
1323
1325
1330
1332
1335
1342
1343
1344
1345
1356
1358
1361
1367
1370
1373
1376
1382
1383
1389
1392
1395
1399
1401
1402
1405
1406
1408
1414
1417
1420
1422
1442
1444
1460
1466
1471
1474
1476
1484
1485
1492
1494
1495
1496
1508
1513
1519
1523
1524
1526
1530
1549
1550
1555
1557
1559
1563
1568
1569
1572
1579
1580
1589
1605
1606
1608
1612
1614
1617
1619
1622
1623
1626
1628
1629
1632
1634
1644
1648
1649
1650
1654
1659
1662
1665
1667
1669
1670
1689
1691
1698
1703
1708
1710
1717
1724
1726
1732
1744
1746
1747
1748
1756
1763
1765
1772
1773
1774
1777
1787
1789
1795
1805
1808
1812
1816
1820
1821
1823
1825
1829
1831
1839
1847
1850
1866
1870
1873
1883
1884
1887
1889
1891
1895
1897
1899
1907
1911
1925
1932
1934
1936
1938
1945
1947
1950
1963
1964
1969
1973
1981
1998
2000
2001
2002
2003
2005
2007
2008
2009
2013
2014
2015
2016
2017
2018
2019
2020
2021
2023
2024
2025
2029
2030
2031
2032
2033
2037
2041
2042
2043
2044
2045
2046
2047
2049
2050
2051
2052
2053
2054
2057
2060
2061
2062
2064
2065
2066
2067
2068
2069
2070
2071
2072
2074
2076
2077
2080
2082
2083
2084
