2
18
38
62
71
91
120
170
183
206
208
232
235
236
241
252
257
264
268
288
321
329
331
346
356
359
399
400
411
420
429
454
465
466
484
541
549
591
602
605
670
709
715
723
728
743
745
752
767
777
809
830
838
840
858
869
895
902
931
943
979
994
1003
1012
1055
1061
1110
1122
1132
1145
1151
1157
1170
1172
1190
1197
1220
1223
1241
1242
1270
1273
1301
1305
1313
1328
1333
1343
1357
1374
1404
1429
1461
1474
1475
1504
1587
1594
1605
1618
1634
1658
1678
1688
1710
1730
1745
1765
1768
1778
1783
1794
1812
1821
1831
1838
1877
1881
1895
1903
1905
1907
1924
1945
1970
1973
1991
1998
2000
2001
2002
2003
2004
2005
2007
2008
2009
2010
2011
2012
2013
2014
2015
2016
2017
2018
2019
2020
2021
2022
2023
2024
2025
2026
2027
2028
2029
2030
2031
2032
2033
2035
2036
2037
2038
2039
2040
2041
2042
2043
2044
2045
2046
2047
2048
2049
2050
2051
2052
2053
2054
2056
2057
2058
2059
2060
2061
2062
2063
2064
2065
2067
2068
2069
2070
2071
2072
2073
2074
2075
2076
2078
2079
2080
2081
2082
2083
2084
