6
18
29
75
79
97
103
180
187
197
215
243
274
275
288
296
309
331
335
336
340
341
350
389
395
428
430
445
456
486
519
538
558
564
568
581
598
631
665
670
685
714
715
722
733
747
778
783
829
835
838
840
848
864
887
902
917
922
927
939
982
983
993
1005
1012
1019
1041
1044
1051
1052
1056
1061
1089
1091
1096
1100
1102
1135
1140
1163
1166
1168
1187
1199
1222
1228
1248
1262
1265
1272
1286
1301
1305
1307
1313
1328
1345
1355
1358
1384
1405
1421
1443
1475
1501
1511
1526
1543
1544
1553
1555
1556
1572
1588
1594
1610
1615
1620
1621
1624
1663
1669
1677
1682
1683
1688
1693
1703
1710
1724
1726
1731
1736
1737
1748
1791
1800
1803
1824
1826
1867
1881
1902
1916
1918
1925
1956
1960
1966
1967
1977
1981
1990
1991
1992
1998
2000
2001
2002
2003
2004
2005
2006
2007
2008
2009
2010
2012
2014
2016
2017
2018
2019
2020
2022
2023
2024
2025
2026
2027
2028
2030
2033
2039
2041
2043
2044
2045
2047
2048
2052
2054
2056
2057
2062
2063
2064
2067
2068
2070
2071
2072
2073
2074
2081
2082
2083
2084
