0
1
2
3
4
5
10
11
13
16
18
19
22
25
26
28
30
31
33
35
38
39
40
41
45
46
47
50
53
54
57
58
60
66
68
69
70
71
72
73
74
75
76
78
80
82
83
86
87
93
94
95
97
98
100
101
102
107
109
110
112
113
115
116
117
120
122
124
126
127
130
133
135
139
142
143
144
147
149
150
152
153
154
156
157
160
161
163
164
172
179
183
184
189
190
191
192
195
201
202
205
209
211
213
214
215
216
217
219
221
223
224
225
228
229
233
236
237
238
243
245
247
249
250
251
254
255
258
263
265
266
267
268
270
271
273
274
275
277
278
279
280
281
290
292
293
294
296
299
302
304
308
309
311
312
316
320
321
322
326
328
329
332
333
335
336
339
341
342
346
348
350
351
352
354
357
358
359
361
362
363
364
366
367
368
369
371
376
383
384
387
388
394
395
400
404
407
408
411
414
416
417
420
422
423
424
426
428
429
430
433
434
436
442
448
449
451
453
454
455
462
468
470
472
474
477
478
481
482
483
484
485
488
489
493
494
495
496
499
501
502
503
505
511
512
515
519
521
522
524
525
526
527
528
530
533
534
535
537
538
541
543
545
546
548
552
554
556
561
564
567
568
569
571
579
580
584
585
586
590
592
595
598
600
603
604
605
607
609
610
611
613
614
615
621
622
626
628
630
631
634
636
642
649
652
653
655
656
657
659
660
662
663
667
668
670
673
677
680
683
685
687
688
689
692
693
694
697
699
701
703
706
708
709
710
712
715
716
717
722
723
728
729
730
731
733
734
735
743
745
746
747
748
751
752
755
759
761
762
763
765
769
770
771
772
774
775
778
781
782
783
784
785
786
792
793
796
802
805
808
812
814
815
817
818
820
821
822
824
825
826
828
829
830
832
834
835
838
839
840
841
843
844
847
848
849
853
855
856
858
863
867
868
869
870
871
874
875
876
877
878
882
884
885
886
889
893
894
896
900
901
903
904
905
908
909
911
912
913
914
919
920
921
924
925
926
931
932
934
937
941
943
946
947
950
951
952
954
957
960
962
965
968
969
972
973
975
976
977
979
980
982
983
984
985
991
993
994
1000
1001
1003
1005
1007
1011
1013
1016
1020
1022
1023
1026
1027
1029
1030
1036
1037
1038
1040
1043
1044
1047
1049
1054
1059
1063
1064
1066
1068
1074
1077
1079
1080
1081
1082
1083
1085
1087
1089
1090
1092
1095
1099
1100
1101
1103
1104
1105
1108
1109
1110
1112
1117
1118
1119
1121
1122
1124
1126
1127
1128
1129
1132
1140
1141
1142
1143
1144
1145
1148
1153
1154
1156
1164
1169
1170
1171
1175
1176
1179
1181
1182
1183
1186
1190
1191
1195
1197
1198
1200
1207
1208
1212
1215
1219
1220
1221
1223
1226
1227
1228
1229
1236
1237
1240
1241
1243
1244
1245
1249
1252
1253
1254
1255
1258
1260
1261
1262
1264
1266
1268
1269
1270
1272
1274
1278
1279
1282
1284
1286
1287
1289
1296
1297
1299
1301
1302
1306
1308
1309
1310
1311
1312
1313
1318
1320
1321
1324
1327
1329
1330
1334
1335
1336
1342
1343
1345
1346
1347
1350
1353
1358
1361
1362
1365
1366
1372
1374
1377
1378
1380
1382
1383
1386
1387
1388
1391
1395
1397
1400
1404
1405
1406
1409
1414
1416
1418
1423
1424
1425
1426
1428
1429
1431
1433
1434
1435
1439
1440
1442
1443
1446
1447
1449
1452
1453
1456
1457
1459
1460
1461
1462
1464
1467
1468
1470
1471
1472
1474
1475
1476
1477
1478
1479
1480
1482
1483
1485
1488
1490
1491
1492
1493
1494
1495
1496
1497
1499
1500
1502
1503
1510
1511
1512
1513
1514
1516
1518
1522
1527
1528
1529
1530
1533
1534
1535
1536
1538
1540
1542
1543
1549
1550
1552
1555
1556
1557
1560
1561
1566
1567
1569
1571
1572
1573
1574
1575
1577
1579
1581
1589
1590
1591
1592
1593
1594
1595
1596
1598
1602
1604
1605
1607
1609
1610
1611
1617
1619
1622
1625
1628
1631
1632
1636
1640
1642
1643
1645
1646
1651
1655
1656
1660
1661
1664
1669
1670
1672
1675
1677
1678
1681
1682
1683
1689
1692
1695
1697
1698
1701
1702
1704
1705
1706
1708
1710
1711
1713
1715
1716
1721
1722
1724
1725
1726
1730
1731
1732
1734
1736
1737
1739
1741
1742
1744
1746
1748
1750
1752
1755
1759
1763
1764
1765
1767
1768
1770
1772
1775
1776
1779
1781
1783
1784
1788
1789
1792
1794
1799
1800
1802
1803
1804
1805
1806
1807
1808
1811
1812
1813
1814
1815
1817
1819
1820
1821
1822
1824
1825
1827
1831
1835
1836
1838
1839
1841
1842
1843
1844
1845
1846
1847
1848
1849
1852
1853
1858
1859
1864
1865
1866
1867
1868
1869
1870
1872
1873
1875
1876
1877
1879
1880
1881
1882
1885
1892
1894
1895
1896
1899
1900
1904
1906
1907
1909
1912
1917
1918
1921
1923
1931
1933
1934
1935
1936
1938
1939
1940
1941
1942
1945
1947
1951
1956
1959
1960
1962
1970
1972
1973
1974
1976
1978
1982
1983
1986
1987
1988
1989
1991
1992
1997
1998
2000
2001
2002
2003
2004
2005
2006
2007
2008
2009
2010
2011
2012
2013
2014
2016
2017
2018
2019
2020
2021
2022
2023
2024
2025
2026
2027
2028
2029
2030
2031
2032
2033
2034
2035
2036
2037
2038
2039
2040
2041
2042
2043
2044
2045
2046
2049
2050
2051
2052
2053
2054
2055
2056
2057
2058
2059
2061
2062
2063
2064
2065
2066
2067
2068
2069
2070
2071
2072
2073
2074
2075
2076
2077
2078
2079
2080
2081
2082
2083
2084
