2
4
8
11
13
18
22
23
26
31
32
33
35
40
54
56
66
68
83
86
87
92
93
94
98
105
111
119
120
122
128
129
136
143
146
148
150
156
158
168
196
197
200
205
206
209
215
225
227
228
231
243
256
257
258
260
268
269
276
283
288
291
294
298
301
309
317
325
328
335
347
350
353
360
366
368
369
375
381
384
386
390
392
396
413
414
417
420
429
433
434
438
444
447
454
469
470
472
477
481
482
484
486
489
495
496
500
501
507
511
513
515
520
521
545
549
551
555
561
562
567
574
577
578
583
584
586
591
593
598
603
605
613
615
617
619
622
629
638
644
646
648
655
656
660
674
679
695
696
697
698
701
708
725
728
729
739
742
748
752
755
762
775
784
788
793
796
808
811
821
825
828
831
833
837
839
840
852
854
858
859
868
877
880
887
888
899
902
910
915
918
923
926
927
928
936
937
941
943
950
958
962
966
971
973
980
982
983
984
985
988
993
994
1000
1007
1011
1016
1018
1019
1020
1028
1033
1036
1039
1046
1051
1052
1056
1064
1065
1068
1071
1079
1080
1081
1082
1089
1092
1105
1106
1109
1118
1124
1129
1132
1136
1142
1148
1154
1156
1160
1161
1169
1170
1171
1173
1176
1180
1182
1183
1185
1186
1190
1191
1194
1195
1198
1203
1209
1211
1215
1217
1220
1222
1231
1235
1236
1237
1253
1254
1261
1265
1281
1282
1291
1293
1298
1301
1304
1305
1308
1313
1318
1325
1335
1338
1341
1353
1355
1356
1360
1363
1375
1382
1386
1388
1390
1392
1406
1412
1420
1429
1435
1436
1437
1438
1444
1447
1448
1450
1457
1461
1464
1475
1482
1483
1487
1488
1491
1492
1505
1509
1516
1518
1520
1521
1522
1523
1540
1542
1546
1550
1551
1554
1556
1563
1573
1574
1578
1583
1585
1587
1593
1595
1599
1605
1611
1614
1618
1620
1621
1624
1633
1636
1642
1647
1651
1661
1668
1672
1675
1681
1683
1687
1702
1703
1705
1708
1713
1714
1716
1718
1720
1722
1723
1726
1731
1732
1739
1744
1749
1750
1753
1754
1756
1759
1760
1761
1764
1765
1771
1776
1777
1779
1782
1786
1787
1789
1792
1795
1800
1806
1812
1824
1827
1833
1834
1836
1838
1839
1841
1858
1863
1867
1874
1875
1881
1885
1886
1887
1894
1905
1907
1908
1913
1918
1926
1928
1933
1934
1935
1938
1949
1952
1954
1956
1960
1965
1967
1970
1974
1976
1985
1987
1989
1994
2000
2001
2002
2003
2004
2008
2009
2010
2011
2012
2013
2015
2016
2017
2019
2020
2021
2022
2023
2024
2027
2028
2029
2030
2032
2033
2036
2039
2040
2041
2043
2044
2045
2046
2047
2048
2049
2050
2051
2052
2053
2056
2057
2058
2059
2060
2061
2062
2063
2064
2065
2067
2068
2069
2071
2072
2073
2075
2076
2078
2079
2080
2082
2083
2084
