11
25
29
34
35
83
113
156
157
158
190
195
218
259
265
288
301
321
328
334
354
386
390
399
400
413
422
433
434
474
489
498
518
526
563
564
633
672
715
729
743
753
779
784
785
827
831
840
851
854
857
858
882
885
902
911
915
926
929
943
947
948
949
950
1006
1013
1019
1030
1033
1043
1046
1060
1066
1074
1076
1109
1127
1140
1141
1143
1164
1188
1194
1197
1203
1221
1232
1234
1236
1241
1246
1254
1259
1269
1288
1292
1296
1301
1312
1318
1334
1338
1357
1367
1380
1402
1435
1450
1461
1469
1475
1483
1493
1500
1501
1512
1546
1566
1570
1592
1599
1629
1631
1646
1667
1672
1688
1693
1730
1732
1746
1752
1788
1836
1838
1839
1841
1844
1847
1848
1870
1880
1883
1897
1898
1925
1934
1942
1959
1962
1963
1970
1975
1980
1981
2000
2002
2005
2008
2009
2013
2014
2016
2017
2021
2023
2025
2026
2029
2031
2032
2035
2036
2039
2040
2041
2042
2044
2045
2047
2048
2049
2050
2051
2052
2053
2054
2055
2057
2058
2059
2060
2061
2062
2064
2065
2066
2068
2069
2070
2071
2072
2073
2075
2076
2078
2080
2084
