2
35
38
120
170
260
288
384
429
454
500
604
715
723
746
759
1065
1110
1132
1298
1328
1343
1429
1461
1551
1625
1730
1765
1867
1871
1905
1924
1970
2000
2001
2002
2003
2004
2005
2009
2011
2012
2013
2014
2015
2016
2017
2018
2019
2020
2021
2022
2023
2025
2026
2027
2028
2029
2031
2033
2035
2036
2037
2038
2039
2040
2041
2042
2043
2044
2045
2046
2048
2049
2051
2052
2053
2054
2056
2057
2060
2061
2062
2063
2064
2065
2067
2068
2069
2070
2071
2072
2073
2074
2075
2076
2077
2078
2079
2080
2081
2082
2083
2084
