11
13
18
24
29
30
42
43
46
55
59
69
83
86
91
92
94
95
106
110
114
123
126
127
128
129
139
142
146
148
153
158
161
163
164
173
175
176
186
190
201
209
211
215
221
224
227
230
231
236
239
241
243
244
245
249
250
252
254
256
258
260
265
277
288
289
290
294
297
298
301
302
309
310
313
316
317
327
328
331
332
346
347
353
354
355
370
373
380
385
389
392
393
397
399
402
404
405
409
410
416
418
420
422
424
434
435
443
445
453
462
466
474
477
481
488
490
497
501
504
517
523
525
526
527
531
534
537
539
542
544
546
549
550
555
558
559
567
568
584
590
593
595
605
613
619
634
635
638
641
643
656
660
667
671
675
680
683
684
692
697
700
707
708
710
711
712
719
720
721
722
725
732
743
745
748
749
752
765
767
769
771
774
777
784
786
792
801
803
805
807
813
822
827
833
835
842
843
846
850
854
864
870
873
874
878
882
884
886
889
890
892
894
896
897
899
903
908
912
915
916
918
919
924
928
929
930
934
938
945
952
960
964
967
968
969
971
976
982
984
991
994
1001
1005
1007
1012
1018
1024
1030
1032
1049
1054
1055
1061
1063
1066
1071
1074
1081
1085
1095
1100
1103
1111
1113
1119
1127
1136
1138
1140
1141
1144
1149
1157
1166
1175
1183
1188
1190
1191
1196
1203
1208
1211
1218
1219
1223
1231
1235
1236
1248
1249
1250
1254
1259
1260
1261
1264
1266
1272
1274
1278
1282
1286
1287
1291
1294
1298
1311
1312
1319
1322
1325
1329
1345
1354
1355
1358
1360
1367
1370
1374
1377
1380
1389
1392
1396
1399
1410
1411
1417
1420
1421
1422
1423
1425
1426
1435
1438
1441
1443
1466
1477
1491
1492
1494
1496
1499
1500
1514
1516
1518
1520
1524
1526
1530
1531
1537
1542
1548
1550
1561
1565
1571
1578
1583
1585
1594
1596
1604
1611
1612
1621
1628
1631
1634
1636
1639
1646
1647
1653
1664
1666
1672
1678
1680
1681
1682
1685
1688
1689
1692
1695
1701
1707
1709
1713
1714
1724
1731
1734
1737
1747
1748
1752
1759
1762
1764
1765
1768
1772
1775
1787
1795
1801
1807
1808
1811
1818
1836
1839
1846
1852
1854
1858
1864
1867
1868
1873
1880
1886
1890
1897
1905
1907
1908
1918
1921
1925
1931
1935
1941
1945
1951
1956
1959
1964
1969
1970
1977
1980
1982
1992
1994
1997
1998
1999
2000
2001
2002
2003
2004
2005
2007
2008
2009
2010
2011
2012
2013
2014
2015
2016
2017
2018
2019
2020
2024
2025
2026
2027
2028
2030
2031
2033
2034
2035
2036
2037
2038
2039
2040
2041
2042
2044
2047
2048
2049
2050
2051
2055
2056
2057
2058
2059
2061
2064
2065
2067
2068
2069
2070
2071
2072
2073
2074
2075
2076
2077
2081
2082
