2
5
6
8
11
13
14
15
17
18
19
21
24
25
26
28
29
31
32
34
36
38
39
40
42
45
46
47
49
51
53
57
62
63
64
65
66
69
70
71
73
76
77
79
80
83
86
87
91
94
95
101
103
104
105
107
110
115
116
119
120
122
123
129
130
135
138
143
144
147
148
150
153
158
165
166
167
169
170
172
174
177
178
179
180
181
183
184
185
186
195
196
197
199
203
204
206
208
211
214
215
221
222
223
228
230
231
232
235
236
237
240
241
244
246
249
250
252
253
255
257
260
261
262
264
268
273
275
277
278
281
283
284
285
287
288
291
292
293
294
297
298
301
304
305
309
311
315
316
321
322
324
326
327
329
331
332
333
335
337
338
340
343
344
345
346
350
354
355
356
359
363
366
367
368
370
373
374
376
377
381
384
385
386
387
390
392
394
395
397
398
399
400
402
405
409
411
414
415
416
417
419
420
422
425
428
429
430
432
434
436
437
438
443
446
450
452
454
461
465
466
467
468
469
470
474
476
477
481
483
484
488
489
490
491
499
500
510
512
513
514
516
517
520
521
525
527
528
529
531
532
534
536
540
541
542
545
548
549
553
554
556
559
560
563
568
569
570
571
572
574
578
579
581
584
588
589
591
593
594
595
598
602
603
604
605
613
615
616
617
620
622
624
625
628
630
633
635
636
638
642
644
649
650
652
653
654
656
657
660
661
665
666
668
669
670
672
676
677
679
685
687
691
693
697
698
699
700
701
704
705
708
709
711
717
721
722
723
724
727
728
729
732
733
737
738
739
742
743
744
745
746
747
753
754
755
760
762
767
769
770
771
772
773
774
775
776
777
778
781
782
784
785
789
791
794
796
797
799
800
806
809
813
814
816
818
819
821
828
829
831
832
834
835
836
837
838
840
841
842
853
856
858
859
860
863
864
867
868
870
872
873
874
878
881
882
883
884
886
888
889
890
895
899
901
902
903
909
916
922
924
927
928
929
931
935
936
938
939
940
942
943
946
950
951
953
954
955
957
958
960
961
963
965
966
967
968
971
974
975
976
977
979
980
982
985
987
991
993
994
996
997
999
1000
1001
1002
1003
1004
1005
1009
1010
1011
1012
1013
1016
1018
1019
1020
1022
1027
1029
1033
1035
1037
1038
1039
1040
1041
1044
1045
1046
1049
1050
1051
1055
1062
1064
1067
1071
1072
1075
1076
1077
1079
1080
1081
1085
1089
1090
1092
1093
1094
1097
1099
1100
1105
1106
1108
1109
1110
1111
1112
1113
1115
1117
1118
1122
1123
1126
1127
1128
1132
1133
1134
1140
1145
1147
1150
1151
1155
1156
1157
1161
1164
1167
1176
1177
1178
1180
1183
1185
1186
1187
1188
1190
1194
1195
1197
1199
1201
1202
1212
1214
1215
1217
1218
1220
1222
1223
1227
1228
1229
1231
1235
1237
1238
1241
1242
1245
1246
1248
1250
1252
1258
1262
1263
1268
1269
1270
1271
1273
1275
1279
1281
1282
1286
1287
1288
1290
1291
1293
1294
1297
1298
1301
1302
1303
1306
1308
1311
1312
1313
1316
1317
1318
1319
1320
1328
1330
1331
1333
1334
1335
1337
1338
1340
1341
1342
1343
1344
1345
1349
1351
1352
1355
1357
1358
1359
1362
1363
1365
1366
1367
1370
1373
1375
1376
1379
1382
1386
1393
1395
1397
1398
1399
1401
1402
1404
1409
1410
1414
1418
1419
1421
1422
1424
1425
1426
1427
1429
1430
1432
1433
1435
1436
1438
1439
1441
1443
1444
1446
1448
1450
1452
1453
1455
1458
1460
1461
1462
1467
1468
1469
1471
1474
1475
1477
1479
1484
1485
1492
1493
1494
1495
1496
1498
1500
1501
1504
1505
1508
1509
1514
1515
1518
1520
1525
1529
1532
1533
1536
1537
1538
1539
1540
1542
1543
1544
1547
1548
1549
1550
1551
1554
1555
1556
1564
1565
1570
1574
1578
1583
1584
1585
1586
1588
1589
1592
1594
1595
1596
1599
1601
1602
1603
1605
1606
1609
1610
1611
1616
1618
1619
1620
1621
1624
1625
1626
1629
1631
1633
1634
1635
1636
1637
1640
1642
1645
1646
1648
1653
1657
1658
1660
1663
1664
1665
1667
1668
1674
1675
1676
1677
1678
1681
1682
1684
1685
1688
1689
1690
1692
1693
1694
1695
1699
1700
1701
1702
1703
1705
1706
1710
1711
1712
1713
1715
1716
1719
1721
1723
1725
1726
1727
1728
1730
1732
1734
1738
1745
1746
1747
1749
1752
1754
1757
1758
1759
1760
1763
1764
1765
1766
1768
1770
1771
1772
1775
1778
1783
1784
1788
1792
1793
1794
1795
1797
1802
1806
1808
1811
1812
1815
1819
1821
1823
1826
1827
1829
1831
1835
1836
1838
1840
1842
1843
1845
1849
1854
1855
1862
1863
1866
1867
1869
1870
1871
1874
1875
1876
1877
1880
1883
1885
1886
1888
1891
1893
1894
1895
1896
1897
1901
1903
1904
1905
1907
1908
1909
1914
1916
1917
1918
1920
1921
1922
1924
1926
1928
1929
1930
1934
1935
1939
1940
1941
1945
1946
1950
1954
1955
1956
1960
1963
1964
1967
1969
1970
1971
1972
1974
1975
1976
1978
1979
1983
1985
1987
1994
1996
1998
2000
2001
2002
2003
2004
2005
2007
2008
2009
2010
2011
2012
2013
2014
2015
2016
2017
2018
2019
2020
2021
2022
2023
2025
2026
2027
2028
2029
2030
2031
2032
2033
2034
2035
2036
2037
2038
2039
2040
2041
2042
2043
2044
2045
2046
2047
2048
2049
2050
2051
2052
2053
2054
2055
2056
2057
2058
2059
2060
2061
2062
2063
2064
2065
2067
2068
2069
2070
2071
2072
2073
2074
2075
2076
2078
2079
2080
2081
2082
2083
2084
