5
11
13
16
18
22
28
29
30
42
54
64
70
71
78
83
84
86
88
91
95
100
104
106
109
110
111
114
119
121
122
129
134
158
163
165
169
170
174
175
179
180
192
193
197
201
208
221
226
227
237
239
243
245
252
256
257
265
268
271
274
280
281
288
290
294
297
298
301
309
316
322
326
327
328
330
331
337
340
343
347
348
350
354
355
360
369
375
376
379
385
386
390
393
395
396
399
400
404
405
409
413
418
422
425
429
430
431
437
439
444
445
454
455
458
465
467
468
470
477
479
480
481
484
485
488
489
498
503
507
508
513
521
525
527
530
535
536
539
542
543
545
547
548
553
555
559
565
570
574
575
582
584
585
598
603
604
611
615
621
625
629
634
636
639
649
650
656
663
669
670
676
682
683
685
686
687
688
689
693
695
698
704
708
710
712
715
720
721
723
733
743
751
753
756
760
761
777
779
788
796
800
803
807
808
812
814
819
820
831
840
842
856
860
868
869
873
875
877
886
888
889
896
899
900
909
915
916
919
928
929
931
933
936
939
940
947
954
956
957
966
973
977
978
979
982
986
990
1000
1001
1003
1006
1008
1012
1014
1026
1029
1045
1046
1052
1057
1060
1065
1072
1079
1089
1101
1110
1111
1114
1119
1120
1122
1129
1132
1135
1138
1140
1142
1153
1154
1166
1168
1169
1170
1175
1180
1183
1190
1193
1194
1195
1199
1202
1213
1220
1223
1229
1234
1236
1244
1248
1255
1257
1260
1262
1280
1286
1288
1296
1298
1299
1301
1302
1304
1305
1311
1313
1318
1320
1321
1322
1324
1325
1327
1328
1336
1345
1351
1354
1360
1367
1370
1375
1392
1393
1399
1412
1421
1444
1446
1450
1452
1460
1461
1484
1489
1493
1495
1496
1500
1501
1509
1519
1529
1535
1548
1559
1566
1572
1573
1574
1576
1583
1586
1588
1591
1599
1604
1609
1610
1612
1621
1633
1636
1639
1640
1641
1651
1652
1673
1683
1685
1687
1688
1690
1697
1705
1706
1710
1712
1724
1726
1728
1730
1731
1737
1743
1745
1746
1750
1754
1756
1758
1759
1764
1765
1768
1771
1773
1775
1780
1782
1790
1791
1793
1798
1818
1820
1828
1833
1835
1836
1839
1840
1852
1857
1861
1885
1886
1888
1896
1897
1904
1905
1907
1912
1914
1915
1917
1918
1922
1925
1926
1938
1945
1955
1964
1968
1969
1971
1972
1973
1984
1985
1987
1992
1998
2000
2002
2003
2004
2006
2009
2011
2012
2013
2014
2015
2016
2017
2019
2020
2021
2022
2023
2024
2025
2026
2027
2028
2029
2030
2031
2032
2033
2035
2036
2037
2039
2041
2042
2043
2045
2046
2048
2049
2050
2051
2052
2053
2058
2059
2060
2061
2062
2063
2064
2065
2067
2069
2071
2072
2073
2074
2075
2076
2078
2080
2083
2084
