42
148
253
346
366
406
472
489
549
550
560
565
605
715
723
786
915
918
982
1006
1110
1111
1301
1343
1475
1621
1653
1660
1682
1765
1886
1925
1998
2000
2001
2002
2003
2004
2005
2007
2008
2011
2012
2013
2014
2015
2016
2017
2018
2019
2020
2022
2023
2025
2027
2028
2030
2031
2032
2033
2034
2035
2036
2037
2038
2039
2040
2041
2042
2043
2044
2046
2047
2048
2049
2050
2051
2052
2054
2055
2057
2058
2059
2061
2062
2063
2064
2065
2067
2069
2070
2071
2072
2073
2074
2075
2076
2078
2079
2080
2081
2082
2083
2084
