0
1
5
6
7
8
9
10
11
12
13
14
16
17
18
19
20
21
22
23
24
26
28
29
30
31
32
33
34
35
36
38
40
41
42
43
44
45
46
47
49
52
53
54
56
58
60
61
63
64
66
67
68
69
70
72
73
74
75
77
78
79
81
83
84
85
89
90
92
93
95
96
98
100
104
105
106
107
108
110
111
112
113
114
115
116
117
118
120
121
122
123
125
126
128
129
130
131
133
135
136
137
139
142
143
145
148
149
150
151
152
153
155
156
157
158
160
161
162
164
165
166
167
169
171
172
173
174
175
176
177
178
179
180
181
182
183
185
186
188
190
193
194
195
196
198
199
200
201
203
204
205
206
207
208
210
211
212
213
214
215
217
218
219
220
221
222
223
224
226
227
228
229
230
231
235
236
237
238
239
240
241
242
243
244
246
247
249
250
251
252
258
259
260
261
263
264
265
267
270
272
273
274
275
277
278
280
281
282
283
284
285
286
287
288
289
290
291
292
293
294
295
296
297
299
300
301
302
304
306
307
308
309
310
311
312
313
314
315
316
319
321
324
325
326
328
329
330
331
332
333
334
336
339
340
341
342
343
344
346
348
349
350
351
354
355
357
358
359
360
361
363
365
366
367
368
369
371
373
374
375
377
378
381
383
384
385
386
387
388
389
390
391
392
393
394
395
396
398
399
400
401
404
405
406
408
409
410
411
415
418
419
420
421
422
424
429
430
431
432
433
434
435
436
437
438
439
440
441
443
445
449
451
453
455
456
457
459
460
461
463
464
465
466
467
468
469
470
471
472
473
474
475
476
477
478
480
481
482
483
485
486
487
488
489
490
491
492
493
495
496
497
499
501
502
503
505
508
509
510
511
512
513
515
516
517
518
519
520
521
522
523
524
526
528
529
531
532
533
534
535
536
537
541
542
543
544
545
546
547
548
549
550
551
552
553
554
556
558
561
563
564
566
567
568
570
571
572
573
574
578
579
580
582
583
585
587
590
592
593
594
595
596
597
598
599
600
602
606
607
608
610
612
613
615
617
619
620
621
622
623
624
625
626
627
629
630
632
633
634
635
636
637
638
639
641
642
643
645
646
648
650
651
654
655
657
658
659
660
661
663
665
666
667
668
669
670
671
672
674
676
677
678
679
680
681
682
683
684
685
686
687
688
690
691
693
697
699
700
701
702
703
706
707
708
709
710
712
714
715
716
717
718
719
720
721
722
723
728
729
730
731
733
734
736
738
739
741
743
744
745
746
747
748
749
750
751
752
753
755
756
757
758
760
761
763
764
767
768
769
771
772
773
774
775
776
777
778
779
780
782
784
785
787
788
789
790
792
793
795
796
797
799
800
802
804
806
808
810
811
813
814
815
816
818
820
821
822
823
825
826
827
828
830
831
832
836
837
838
839
840
841
843
844
845
846
847
848
850
852
853
854
855
856
857
858
859
860
861
862
863
864
865
866
867
869
870
873
874
875
876
877
878
879
880
882
884
885
886
887
888
889
890
892
894
895
896
897
898
899
900
901
902
903
904
905
906
907
909
911
912
913
914
915
917
919
920
926
929
931
932
933
934
935
938
939
941
943
944
945
947
948
950
951
953
954
955
956
957
958
960
961
962
964
965
966
967
968
969
972
973
974
975
976
977
978
979
980
981
982
983
984
985
986
987
988
989
990
991
993
994
995
996
997
999
1000
1001
1002
1003
1005
1006
1007
1009
1011
1012
1013
1015
1016
1017
1018
1019
1020
1021
1023
1024
1025
1026
1027
1028
1029
1030
1031
1032
1034
1035
1036
1037
1039
1040
1041
1042
1044
1046
1047
1048
1049
1050
1051
1052
1053
1054
1056
1058
1060
1061
1062
1063
1064
1065
1066
1067
1068
1070
1071
1074
1075
1076
1078
1080
1081
1082
1083
1084
1085
1086
1087
1088
1089
1090
1091
1092
1093
1095
1096
1098
1100
1101
1102
1103
1104
1106
1108
1109
1110
1111
1112
1113
1117
1118
1119
1120
1121
1123
1124
1126
1130
1132
1133
1135
1137
1138
1139
1140
1141
1142
1144
1145
1147
1148
1149
1151
1153
1156
1157
1159
1160
1162
1164
1166
1167
1168
1169
1170
1171
1172
1173
1174
1175
1176
1177
1178
1179
1180
1181
1182
1184
1186
1187
1188
1190
1191
1192
1193
1194
1195
1198
1199
1200
1201
1202
1203
1204
1205
1206
1208
1209
1210
1211
1212
1214
1215
1217
1218
1219
1220
1221
1222
1223
1224
1226
1228
1229
1232
1233
1235
1236
1237
1238
1239
1240
1242
1243
1244
1245
1246
1247
1248
1249
1250
1251
1254
1255
1256
1257
1258
1259
1260
1261
1262
1264
1268
1270
1271
1272
1274
1275
1276
1277
1278
1279
1282
1283
1284
1285
1288
1290
1291
1292
1293
1294
1296
1297
1299
1300
1301
1302
1303
1304
1305
1306
1307
1308
1309
1311
1313
1315
1316
1318
1319
1320
1321
1322
1323
1324
1325
1326
1327
1328
1329
1330
1331
1337
1339
1340
1341
1342
1343
1344
1345
1346
1347
1349
1350
1351
1352
1354
1355
1357
1358
1359
1362
1363
1365
1366
1369
1370
1371
1372
1374
1375
1376
1377
1378
1379
1380
1382
1384
1387
1389
1391
1392
1393
1394
1395
1396
1397
1398
1399
1400
1401
1402
1403
1404
1405
1406
1407
1409
1410
1411
1412
1413
1415
1416
1417
1418
1419
1420
1422
1423
1424
1425
1426
1427
1429
1430
1433
1434
1438
1441
1442
1443
1444
1446
1447
1448
1449
1450
1452
1453
1454
1456
1457
1458
1459
1460
1463
1466
1468
1470
1471
1472
1474
1475
1476
1477
1478
1480
1482
1483
1485
1486
1488
1490
1491
1492
1493
1496
1498
1499
1500
1502
1505
1507
1508
1509
1511
1512
1513
1515
1516
1518
1519
1520
1522
1524
1526
1527
1528
1529
1530
1531
1532
1533
1534
1535
1536
1538
1539
1540
1541
1543
1544
1548
1552
1553
1554
1556
1557
1559
1560
1561
1562
1563
1564
1565
1566
1567
1568
1569
1570
1571
1574
1575
1576
1578
1579
1581
1585
1586
1587
1588
1591
1592
1593
1594
1595
1596
1598
1599
1600
1601
1602
1603
1604
1605
1606
1608
1610
1613
1615
1616
1617
1618
1619
1620
1621
1622
1623
1624
1626
1627
1628
1629
1630
1631
1632
1633
1634
1636
1637
1638
1639
1640
1641
1642
1643
1644
1645
1647
1648
1649
1650
1652
1653
1654
1656
1657
1660
1662
1665
1666
1669
1670
1671
1672
1674
1675
1676
1677
1679
1680
1681
1682
1683
1684
1686
1688
1691
1692
1694
1696
1697
1699
1700
1701
1703
1704
1705
1706
1707
1708
1709
1710
1712
1713
1714
1715
1716
1717
1719
1720
1722
1723
1724
1725
1726
1727
1728
1729
1730
1732
1733
1734
1735
1737
1738
1740
1741
1742
1744
1745
1746
1747
1749
1750
1751
1752
1753
1754
1758
1760
1761
1762
1763
1764
1765
1766
1768
1769
1770
1771
1772
1773
1774
1777
1778
1779
1781
1782
1783
1784
1786
1787
1788
1789
1790
1791
1792
1794
1795
1796
1797
1798
1799
1800
1803
1804
1805
1806
1807
1808
1810
1812
1813
1814
1815
1816
1817
1818
1819
1820
1821
1822
1823
1824
1825
1826
1827
1829
1833
1834
1835
1836
1837
1838
1839
1841
1842
1843
1844
1846
1847
1850
1852
1855
1856
1857
1858
1859
1860
1861
1862
1864
1865
1866
1867
1869
1870
1872
1873
1875
1876
1877
1880
1881
1883
1884
1889
1890
1891
1892
1894
1895
1896
1897
1898
1899
1901
1902
1903
1904
1905
1906
1908
1909
1910
1911
1914
1915
1918
1919
1920
1921
1922
1923
1924
1925
1926
1928
1930
1931
1932
1934
1935
1937
1938
1939
1941
1942
1943
1944
1945
1948
1950
1952
1953
1954
1955
1956
1958
1959
1960
1961
1962
1963
1964
1965
1967
1969
1970
1971
1972
1973
1975
1979
1980
1981
1983
1984
1985
1987
1988
1990
1991
1992
1994
1997
1998
1999
2000
2001
2003
2004
2006
2007
2008
2009
2010
2011
2012
2013
2014
2017
2018
2019
2020
2021
2022
2024
2025
2026
2027
2028
2029
2030
2031
2032
2033
2034
2035
2036
2037
2038
2039
2040
2041
2042
2043
2044
2045
2046
2047
2048
2049
2050
2052
2054
2055
2056
2057
2058
2059
2061
2062
2063
2064
2067
2068
2069
2070
2071
2072
2073
2074
2075
2076
2077
2078
2079
2081
2082
2083
2084
