1
11
12
18
24
25
29
38
41
44
48
52
60
64
65
70
74
78
86
87
88
91
99
100
104
105
106
111
113
114
123
130
134
142
149
153
156
157
171
178
179
194
200
211
213
220
221
223
225
231
234
242
243
245
255
263
266
267
268
270
274
275
277
278
286
287
292
297
304
313
314
317
318
319
325
326
330
331
339
341
349
358
359
361
366
371
374
381
384
385
395
400
417
421
425
430
431
436
438
463
465
466
469
474
486
489
499
502
510
512
518
519
528
542
543
547
563
564
569
574
580
581
582
583
591
594
595
598
605
606
611
612
613
614
617
623
626
628
635
637
641
649
651
658
665
667
668
670
671
673
674
693
703
711
714
716
720
722
723
725
729
730
731
732
737
738
743
747
760
767
775
776
777
783
786
793
797
799
800
804
808
811
813
825
827
837
840
843
845
852
859
866
869
873
878
881
887
888
895
911
912
917
919
928
929
930
931
935
936
938
941
947
950
953
955
956
957
960
978
994
1000
1008
1012
1018
1019
1021
1026
1027
1032
1037
1044
1050
1051
1053
1062
1065
1066
1076
1077
1080
1081
1082
1089
1091
1097
1099
1103
1104
1105
1106
1111
1113
1124
1133
1139
1142
1145
1149
1164
1171
1172
1175
1180
1182
1183
1190
1195
1199
1201
1208
1212
1216
1218
1220
1222
1223
1231
1240
1246
1257
1259
1264
1278
1283
1292
1300
1301
1311
1322
1324
1325
1328
1330
1333
1334
1336
1338
1339
1340
1341
1343
1344
1353
1354
1356
1357
1358
1360
1366
1370
1374
1375
1378
1386
1402
1405
1409
1416
1417
1421
1423
1426
1433
1441
1442
1443
1444
1446
1447
1452
1455
1458
1459
1461
1469
1471
1475
1476
1484
1485
1489
1494
1496
1498
1501
1502
1512
1513
1515
1518
1523
1530
1537
1538
1543
1552
1555
1561
1563
1573
1574
1578
1580
1583
1585
1586
1591
1604
1605
1606
1607
1617
1619
1621
1624
1634
1636
1639
1645
1648
1658
1661
1663
1666
1670
1672
1674
1676
1678
1688
1693
1706
1717
1721
1723
1730
1732
1734
1735
1738
1742
1743
1745
1747
1751
1756
1763
1765
1772
1775
1783
1789
1790
1795
1797
1800
1808
1812
1817
1818
1819
1826
1829
1834
1836
1837
1842
1843
1844
1849
1852
1853
1875
1882
1887
1888
1894
1901
1904
1907
1918
1925
1926
1938
1939
1940
1943
1955
1962
1964
1969
1973
1980
1983
1987
1989
1991
1998
2003
2008
2009
2010
2011
2012
2013
2014
2015
2016
2017
2019
2022
2023
2024
2025
2026
2027
2028
2031
2032
2033
2034
2035
2036
2037
2038
2039
2040
2041
2042
2043
2044
2046
2047
2048
2049
2050
2052
2053
2056
2058
2059
2061
2062
2063
2064
2068
2069
2070
2071
2072
2073
2074
2075
2076
2077
2078
2080
2081
2082
2083
2084
