1
2
4
7
11
12
13
14
22
25
29
33
34
42
46
48
49
50
53
54
60
65
84
91
97
98
99
101
103
107
115
136
137
139
142
146
148
155
156
157
162
180
185
186
196
200
216
236
238
241
243
247
253
261
267
269
270
272
273
275
276
284
286
290
295
296
299
306
318
322
326
327
328
330
331
333
336
341
345
357
360
361
367
371
374
376
387
391
394
399
408
411
419
422
429
431
434
435
438
439
440
453
455
456
472
474
478
481
491
492
496
499
502
505
508
512
517
518
519
520
522
527
532
541
542
543
545
546
556
567
570
574
578
585
588
589
590
593
595
598
599
600
602
603
608
611
619
620
627
628
629
638
639
641
650
657
658
659
663
670
676
681
686
688
689
692
693
695
703
705
709
714
716
718
720
721
723
727
728
731
733
739
746
750
760
761
764
774
776
777
778
779
780
781
784
797
804
805
806
807
825
827
832
837
841
843
848
849
853
856
862
863
865
869
873
878
882
886
898
906
908
909
917
920
926
927
929
931
934
935
936
937
940
941
945
948
954
960
962
964
966
968
973
976
977
988
991
1002
1006
1008
1013
1019
1022
1024
1026
1035
1037
1047
1053
1061
1062
1066
1071
1080
1089
1101
1103
1105
1106
1108
1122
1128
1133
1134
1144
1154
1160
1167
1177
1183
1194
1195
1212
1214
1217
1223
1225
1227
1229
1233
1238
1240
1243
1244
1254
1256
1257
1259
1264
1268
1269
1274
1276
1281
1288
1293
1302
1305
1309
1313
1322
1323
1336
1339
1342
1345
1346
1355
1356
1359
1365
1379
1380
1385
1388
1390
1401
1404
1409
1420
1422
1424
1427
1429
1433
1434
1442
1443
1450
1455
1456
1460
1463
1468
1470
1474
1475
1477
1478
1480
1484
1488
1494
1502
1505
1508
1510
1514
1516
1522
1528
1529
1531
1532
1535
1555
1558
1567
1582
1587
1591
1594
1595
1596
1601
1604
1607
1619
1624
1629
1632
1649
1654
1658
1663
1669
1670
1678
1680
1683
1687
1688
1689
1692
1696
1707
1721
1723
1732
1735
1738
1744
1745
1747
1748
1750
1752
1756
1762
1768
1778
1779
1781
1783
1786
1787
1789
1790
1797
1814
1815
1816
1819
1820
1822
1825
1826
1833
1834
1838
1841
1844
1851
1852
1854
1856
1863
1864
1867
1872
1873
1879
1882
1884
1897
1903
1904
1907
1909
1911
1914
1917
1918
1919
1923
1930
1934
1936
1943
1945
1956
1960
1966
1975
1988
1989
1990
1994
1996
1998
1999
2000
2003
2004
2005
2009
2010
2011
2013
2014
2015
2016
2019
2020
2021
2025
2030
2031
2032
2035
2036
2037
2041
2042
2043
2044
2046
2047
2048
2049
2050
2051
2054
2055
2057
2058
2061
2063
2064
2066
2068
2069
2071
2072
2074
2075
2076
2077
2079
2082
2084
