0
2
3
4
5
6
8
9
11
12
13
15
16
17
19
20
21
22
23
24
25
26
29
30
32
34
35
38
41
44
45
47
48
49
51
52
53
54
56
57
58
59
61
62
63
64
65
66
67
68
69
71
72
73
74
75
76
77
79
80
81
82
83
84
85
86
87
88
89
90
92
93
94
95
96
97
99
101
102
103
104
105
107
109
110
111
112
113
114
115
117
118
119
120
121
122
123
124
125
126
127
128
129
130
132
134
136
137
138
139
141
142
143
144
147
148
149
150
151
154
156
158
162
163
165
166
167
168
169
170
171
172
173
174
177
178
179
180
181
183
184
185
186
187
188
190
191
192
193
194
195
196
197
198
200
203
204
205
206
207
208
209
211
213
216
217
218
219
221
222
223
225
226
227
228
229
230
231
232
233
234
235
236
238
241
242
243
244
245
246
247
248
249
250
251
252
253
257
259
260
261
262
263
264
265
266
267
268
269
270
272
274
278
280
281
282
283
284
285
288
289
290
291
294
295
297
298
299
300
301
302
304
305
306
307
308
309
312
313
314
315
317
318
319
320
321
322
323
325
326
327
328
329
330
331
332
334
335
336
337
339
340
344
346
347
349
350
351
353
356
357
358
359
361
363
364
365
367
368
369
371
373
374
375
376
377
378
379
381
382
383
384
385
388
389
391
392
394
395
396
397
398
399
400
402
403
404
406
407
408
409
411
413
414
416
418
419
420
421
422
424
426
427
428
429
430
431
432
434
435
436
437
438
439
441
442
443
445
450
451
452
453
454
455
456
457
458
460
461
463
464
466
468
469
470
471
473
477
478
479
481
482
483
484
485
486
487
488
489
490
491
492
493
494
495
497
498
499
500
501
503
505
506
507
509
510
511
512
513
515
516
517
519
520
521
523
524
525
526
527
528
530
531
532
533
534
535
536
537
538
540
542
543
544
547
548
549
550
551
552
554
555
556
558
559
560
561
562
564
565
569
570
571
574
575
577
578
579
581
583
585
586
589
591
593
594
596
598
601
602
603
604
605
606
607
608
609
610
611
613
614
615
616
617
618
619
620
622
623
624
625
626
628
629
630
632
633
634
635
636
637
638
640
641
642
643
645
646
647
648
649
650
651
652
653
654
655
656
657
659
660
661
662
665
666
667
668
669
670
671
672
675
676
678
679
680
681
682
683
685
686
687
691
692
695
698
699
700
703
706
707
708
709
711
713
714
715
716
717
719
720
721
722
723
724
725
726
727
728
729
731
732
734
737
739
740
742
744
745
746
748
749
750
751
752
754
756
757
759
760
761
762
767
768
769
770
771
773
774
775
776
777
778
779
780
782
783
784
785
787
788
789
790
792
794
795
797
800
801
802
803
804
805
807
809
810
811
812
813
814
815
816
817
818
820
821
822
823
826
827
828
829
830
831
832
833
834
835
838
839
840
841
842
843
844
845
846
847
848
849
850
851
853
854
855
856
858
859
861
863
864
865
866
868
870
872
873
874
877
878
880
881
882
883
884
885
886
887
888
889
890
891
892
893
894
895
896
897
899
901
902
903
904
905
907
908
910
911
913
915
918
919
920
922
924
925
927
928
929
930
931
932
934
935
936
938
939
940
941
942
943
945
946
948
949
950
951
952
953
954
956
957
958
959
960
962
965
966
967
969
971
972
975
976
979
980
981
982
984
986
987
989
990
991
992
993
994
995
996
997
999
1000
1001
1002
1003
1005
1007
1008
1009
1010
1011
1013
1014
1015
1016
1017
1018
1020
1021
1022
1023
1024
1025
1026
1027
1028
1029
1031
1032
1033
1034
1035
1036
1038
1041
1043
1044
1045
1046
1047
1049
1050
1051
1055
1057
1058
1059
1061
1062
1063
1064
1065
1066
1069
1070
1071
1072
1073
1074
1076
1077
1078
1079
1080
1081
1082
1083
1084
1085
1086
1089
1090
1092
1093
1095
1096
1097
1099
1102
1103
1105
1106
1107
1108
1109
1110
1111
1113
1115
1117
1119
1120
1121
1122
1123
1127
1128
1129
1130
1131
1132
1133
1134
1138
1141
1142
1143
1145
1146
1148
1149
1150
1151
1153
1155
1156
1157
1159
1161
1162
1163
1165
1167
1168
1169
1170
1171
1172
1174
1175
1177
1179
1180
1181
1182
1183
1185
1186
1187
1188
1190
1191
1192
1193
1194
1195
1197
1198
1199
1200
1201
1203
1204
1206
1207
1208
1210
1213
1214
1215
1216
1217
1218
1220
1221
1222
1223
1225
1226
1228
1230
1232
1234
1235
1236
1238
1239
1240
1241
1242
1243
1244
1245
1247
1248
1250
1252
1253
1254
1255
1256
1257
1259
1265
1267
1268
1270
1271
1273
1274
1275
1276
1277
1278
1279
1281
1282
1284
1285
1287
1288
1289
1290
1293
1294
1298
1301
1303
1304
1306
1307
1308
1309
1310
1311
1312
1313
1314
1315
1316
1317
1318
1321
1322
1323
1324
1325
1326
1328
1329
1330
1331
1333
1334
1335
1336
1338
1339
1341
1342
1343
1344
1345
1346
1348
1349
1351
1352
1353
1354
1355
1356
1357
1359
1360
1361
1362
1363
1365
1366
1367
1369
1372
1373
1374
1375
1376
1377
1378
1379
1380
1382
1385
1392
1393
1394
1395
1396
1397
1398
1399
1400
1402
1405
1408
1409
1411
1412
1413
1415
1417
1419
1420
1422
1423
1424
1426
1427
1429
1430
1431
1432
1433
1434
1438
1439
1441
1446
1447
1448
1450
1452
1453
1454
1455
1456
1458
1459
1460
1461
1462
1463
1465
1467
1468
1469
1470
1471
1472
1474
1476
1477
1478
1479
1480
1481
1484
1485
1488
1489
1490
1491
1493
1494
1495
1499
1504
1505
1508
1509
1510
1511
1512
1513
1516
1517
1518
1519
1520
1522
1524
1526
1527
1528
1529
1530
1531
1532
1533
1534
1535
1536
1538
1539
1542
1543
1544
1546
1548
1551
1552
1555
1556
1557
1558
1561
1563
1565
1566
1567
1568
1569
1571
1572
1575
1576
1577
1579
1580
1581
1582
1583
1584
1585
1586
1587
1588
1589
1590
1591
1592
1594
1595
1596
1597
1599
1600
1602
1603
1604
1605
1606
1607
1608
1609
1610
1611
1612
1613
1615
1616
1617
1618
1619
1620
1621
1623
1624
1625
1627
1628
1630
1631
1632
1633
1635
1636
1637
1639
1640
1641
1642
1643
1644
1645
1646
1648
1649
1650
1651
1653
1654
1655
1656
1658
1659
1660
1661
1662
1663
1664
1665
1666
1667
1670
1671
1672
1673
1675
1676
1677
1678
1679
1680
1682
1683
1684
1686
1687
1688
1689
1690
1691
1692
1693
1694
1695
1697
1698
1699
1700
1701
1702
1705
1706
1707
1709
1710
1712
1713
1714
1715
1716
1717
1718
1719
1720
1721
1722
1723
1724
1725
1726
1728
1730
1732
1734
1735
1736
1737
1739
1740
1742
1744
1745
1746
1747
1748
1750
1751
1752
1753
1756
1757
1758
1759
1760
1761
1762
1763
1765
1766
1767
1768
1769
1770
1772
1773
1774
1775
1777
1778
1783
1784
1786
1787
1788
1789
1790
1791
1794
1795
1796
1798
1800
1801
1802
1803
1805
1807
1810
1811
1812
1814
1815
1816
1817
1820
1821
1822
1824
1825
1827
1830
1831
1832
1833
1834
1836
1837
1838
1839
1840
1841
1843
1845
1846
1847
1848
1850
1852
1853
1854
1855
1856
1857
1859
1860
1861
1862
1863
1864
1866
1867
1868
1869
1870
1871
1872
1873
1874
1875
1876
1877
1879
1880
1881
1882
1883
1885
1886
1887
1889
1891
1894
1895
1899
1900
1901
1902
1903
1904
1905
1907
1909
1911
1915
1916
1917
1918
1919
1920
1922
1924
1926
1928
1929
1930
1931
1932
1935
1936
1938
1939
1940
1941
1942
1943
1944
1947
1950
1951
1953
1954
1955
1956
1957
1958
1960
1961
1962
1963
1964
1965
1968
1969
1970
1971
1973
1974
1975
1976
1977
1978
1979
1981
1982
1983
1984
1985
1987
1988
1989
1991
1992
1993
1994
1996
1997
2000
2001
2002
2003
2004
2005
2007
2008
2009
2010
2011
2012
2013
2014
2015
2016
2017
2018
2019
2020
2021
2022
2023
2024
2025
2026
2027
2028
2029
2030
2031
2032
2033
2034
2035
2036
2037
2038
2039
2040
2041
2042
2043
2044
2045
2046
2047
2048
2049
2050
2051
2052
2053
2054
2055
2056
2057
2058
2059
2060
2061
2062
2063
2064
2065
2066
2067
2068
2069
2070
2071
2072
2073
2074
2075
2076
2077
2078
2079
2080
2081
2082
2083
2084
