2
4
11
13
15
18
25
26
35
38
45
69
72
75
76
79
80
86
91
94
97
101
103
105
106
107
111
119
120
121
123
134
135
139
141
142
149
150
170
177
180
193
200
201
205
206
221
225
251
253
257
260
264
266
268
274
275
288
290
294
300
318
320
321
326
328
330
331
333
334
340
347
350
354
363
368
376
381
384
387
392
395
397
399
400
402
404
408
411
414
415
418
419
420
422
429
430
432
434
454
468
477
478
482
484
485
486
488
489
491
492
500
505
519
528
536
543
546
547
550
556
558
560
567
568
569
574
578
580
594
603
604
605
617
619
620
626
630
642
646
655
656
657
660
669
678
679
681
698
699
709
715
720
722
723
728
732
746
751
752
759
760
761
769
771
776
777
780
782
783
785
787
788
792
794
797
803
806
809
820
821
823
828
833
839
840
844
845
847
848
850
863
864
868
874
878
884
885
887
888
890
891
899
901
902
908
915
918
920
924
927
928
947
949
951
954
957
958
980
982
986
993
994
997
1001
1002
1011
1013
1019
1020
1022
1027
1028
1041
1044
1063
1064
1065
1079
1080
1089
1099
1103
1110
1121
1122
1127
1128
1129
1131
1132
1134
1143
1145
1148
1149
1161
1162
1166
1169
1177
1188
1190
1194
1199
1200
1203
1210
1212
1217
1218
1220
1221
1230
1232
1235
1244
1247
1248
1254
1261
1265
1268
1273
1276
1282
1298
1301
1310
1312
1313
1315
1316
1317
1321
1324
1325
1326
1328
1335
1338
1343
1345
1349
1351
1355
1357
1363
1374
1375
1377
1379
1380
1382
1393
1395
1409
1412
1420
1429
1438
1450
1452
1456
1461
1463
1468
1469
1472
1475
1477
1481
1487
1493
1495
1510
1518
1529
1530
1533
1537
1539
1546
1551
1557
1567
1571
1577
1578
1587
1589
1591
1594
1595
1605
1611
1616
1619
1623
1624
1625
1631
1632
1640
1645
1654
1655
1663
1666
1671
1673
1674
1675
1683
1687
1688
1690
1705
1710
1719
1723
1730
1739
1742
1744
1746
1751
1752
1758
1765
1768
1770
1772
1777
1786
1787
1794
1802
1804
1812
1815
1820
1822
1824
1831
1841
1845
1855
1866
1867
1868
1869
1871
1873
1880
1881
1885
1886
1895
1903
1904
1905
1915
1916
1924
1930
1936
1938
1950
1951
1955
1960
1970
1971
1974
1979
1981
1983
1994
1996
1998
2000
2001
2002
2003
2004
2005
2007
2008
2009
2010
2011
2012
2013
2014
2015
2016
2017
2018
2019
2020
2021
2022
2023
2025
2026
2027
2028
2029
2030
2031
2032
2033
2035
2036
2037
2038
2039
2040
2041
2042
2043
2044
2045
2046
2047
2048
2049
2050
2051
2052
2053
2054
2056
2057
2058
2059
2060
2061
2062
2063
2064
2065
2067
2068
2069
2070
2071
2072
2073
2074
2075
2076
2077
2078
2079
2080
2081
2082
2083
2084
