4
9
11
18
25
33
42
46
51
53
59
62
67
72
83
100
113
115
132
139
167
207
211
243
245
252
295
297
301
318
336
347
354
374
400
411
422
430
466
477
486
516
553
565
568
581
583
593
607
635
646
695
699
720
721
723
739
776
797
829
830
833
834
843
860
863
864
873
885
895
901
908
912
915
931
935
939
945
951
956
957
968
994
1003
1013
1019
1024
1050
1053
1055
1061
1062
1066
1084
1102
1103
1117
1149
1196
1199
1201
1203
1216
1220
1228
1231
1239
1251
1262
1268
1269
1285
1301
1313
1324
1343
1370
1396
1422
1444
1452
1455
1469
1510
1517
1518
1533
1548
1570
1577
1580
1591
1594
1610
1619
1623
1669
1674
1688
1749
1763
1765
1800
1808
1812
1821
1843
1867
1870
1887
1909
1918
1930
1933
1941
1956
1958
1969
1980
1984
2000
2001
2003
2005
2008
2010
2012
2013
2015
2017
2019
2022
2023
2025
2026
2027
2028
2029
2031
2035
2037
2041
2042
2043
2044
2046
2047
2049
2050
2051
2052
2054
2058
2059
2061
2063
2068
2069
2070
2071
2072
2074
2076
2077
2079
2081
2082
2084
