1
4
5
8
12
15
19
22
28
29
30
32
47
48
56
61
68
70
73
75
84
86
87
93
102
105
106
115
117
124
126
128
129
136
138
143
148
150
163
167
172
175
177
178
179
190
191
192
195
206
209
214
215
216
223
225
228
235
241
245
247
252
253
260
263
265
267
277
280
288
290
292
295
297
304
306
310
312
328
333
334
336
338
340
344
347
353
354
355
357
364
365
371
373
375
377
379
383
384
401
403
407
410
412
421
423
429
430
439
450
457
462
463
472
481
493
503
505
510
513
516
521
526
529
531
542
546
547
549
550
553
555
558
561
564
567
568
574
579
580
582
585
587
591
593
609
611
615
616
622
623
625
641
642
643
649
650
657
666
670
671
672
684
686
693
694
695
722
723
727
733
737
739
743
744
745
746
748
749
752
755
767
769
771
772
778
781
783
784
785
792
808
814
815
818
824
830
833
839
843
845
846
852
855
856
864
867
868
878
883
886
889
893
895
904
914
915
918
920
923
924
925
928
930
932
935
940
943
947
957
964
968
972
973
977
978
979
985
986
992
993
996
1005
1007
1010
1011
1012
1013
1021
1025
1033
1035
1038
1042
1045
1046
1049
1050
1061
1064
1071
1077
1081
1082
1083
1090
1092
1093
1096
1100
1105
1110
1111
1115
1125
1130
1133
1143
1146
1148
1152
1153
1156
1157
1164
1166
1167
1172
1174
1177
1178
1187
1197
1198
1201
1203
1205
1208
1212
1216
1217
1218
1220
1222
1226
1234
1236
1238
1244
1250
1254
1260
1266
1274
1275
1281
1282
1287
1299
1301
1302
1309
1310
1311
1313
1324
1329
1330
1333
1335
1342
1343
1346
1351
1357
1366
1369
1374
1380
1396
1397
1399
1410
1424
1429
1432
1443
1444
1446
1455
1461
1462
1463
1464
1474
1480
1484
1485
1488
1490
1494
1496
1497
1498
1503
1504
1505
1509
1511
1524
1526
1542
1551
1552
1561
1566
1572
1573
1587
1589
1596
1603
1605
1606
1610
1612
1617
1621
1624
1634
1635
1636
1644
1649
1652
1662
1666
1667
1669
1672
1675
1676
1680
1686
1691
1693
1694
1699
1702
1712
1713
1716
1728
1738
1744
1745
1749
1752
1763
1765
1768
1772
1775
1780
1791
1793
1798
1801
1806
1824
1826
1831
1838
1839
1840
1843
1846
1852
1857
1861
1864
1865
1866
1870
1882
1889
1890
1896
1897
1904
1905
1907
1909
1915
1917
1919
1920
1926
1935
1940
1943
1945
1966
1977
1978
1980
1981
1984
1989
1990
1991
1992
1997
2000
2001
2004
2008
2009
2010
2011
2012
2013
2015
2017
2020
2021
2022
2023
2025
2026
2027
2028
2030
2032
2033
2035
2037
2039
2040
2041
2042
2043
2044
2046
2047
2056
2058
2061
2063
2065
2067
2068
2069
2071
2072
2076
2078
2079
2080
2081
2084
