6
13
19
21
42
49
54
64
83
91
123
138
142
143
145
172
178
179
186
207
213
222
326
331
368
376
394
399
404
415
429
466
468
483
527
561
574
594
605
617
667
680
696
697
705
715
718
752
753
765
775
784
785
786
788
792
797
801
824
838
839
858
867
886
898
901
918
923
927
931
934
938
940
945
977
980
990
994
1005
1016
1019
1033
1043
1080
1122
1134
1143
1151
1154
1161
1162
1202
1203
1227
1237
1241
1249
1272
1298
1299
1301
1308
1357
1358
1370
1376
1395
1418
1432
1436
1438
1472
1500
1504
1519
1521
1537
1554
1555
1563
1565
1574
1578
1581
1585
1594
1600
1636
1641
1642
1644
1649
1650
1653
1662
1671
1682
1705
1714
1726
1739
1745
1746
1755
1756
1765
1767
1771
1772
1788
1794
1804
1821
1840
1855
1861
1867
1873
1885
1895
1898
1930
1933
1938
1943
1955
1973
1975
1987
2001
2002
2003
2004
2005
2006
2011
2013
2016
2018
2019
2022
2026
2031
2033
2034
2035
2039
2040
2043
2045
2047
2048
2050
2051
2052
2053
2055
2059
2060
2061
2062
2063
2064
2065
2071
2080
2081
2082
