2
4
5
8
13
14
17
18
19
20
22
24
27
28
29
32
33
35
38
39
42
44
45
48
49
51
52
53
55
57
58
59
60
62
63
64
65
66
69
70
71
72
73
75
77
78
83
87
91
93
97
104
106
110
111
113
116
117
123
124
125
126
127
128
131
134
135
136
138
139
142
144
148
150
157
158
162
166
167
170
171
174
175
177
180
181
183
185
188
189
190
191
192
193
195
196
197
202
205
206
207
208
209
211
215
216
218
220
221
222
225
228
229
231
232
234
235
236
237
241
243
244
245
249
251
253
254
256
262
264
268
269
270
272
273
275
276
277
282
283
288
289
290
297
300
302
304
308
309
310
312
314
315
317
318
326
327
330
331
335
336
339
341
346
347
348
349
353
354
360
361
363
364
365
366
370
376
377
378
387
390
393
394
395
398
400
402
404
405
407
409
413
421
423
424
429
430
433
434
435
437
443
444
451
453
454
457
463
464
465
466
467
470
473
477
479
480
483
484
486
491
492
493
494
499
501
502
503
505
510
512
513
515
520
522
524
525
526
531
535
536
537
538
540
542
544
545
546
547
548
549
550
554
555
556
560
563
564
566
569
571
572
576
577
578
582
583
584
586
588
589
593
595
597
598
600
601
602
604
607
611
612
613
614
616
617
620
623
624
625
626
629
631
635
638
641
642
647
651
652
653
654
655
657
658
662
663
665
667
668
670
671
676
680
681
682
683
684
685
687
688
690
698
699
700
701
703
704
708
709
710
712
716
717
721
723
725
726
728
729
730
731
732
734
737
740
741
742
743
744
745
749
750
753
755
757
759
762
764
765
767
768
774
780
781
784
785
793
794
795
800
802
803
805
806
808
810
813
817
818
819
824
827
829
833
835
838
840
841
845
849
852
853
854
856
859
860
861
864
866
867
868
869
870
871
872
874
875
878
881
882
883
884
885
886
890
893
894
895
896
897
899
901
902
905
907
908
914
915
916
919
920
922
923
924
926
927
928
931
933
936
938
939
941
942
945
948
949
953
954
955
956
959
962
963
965
966
967
968
972
973
975
976
978
979
981
982
983
985
986
987
992
993
995
996
999
1000
1003
1004
1005
1006
1009
1012
1013
1014
1015
1016
1020
1021
1026
1027
1029
1030
1031
1032
1033
1035
1037
1039
1041
1042
1045
1049
1051
1052
1059
1061
1062
1064
1067
1069
1071
1073
1076
1077
1080
1085
1086
1092
1093
1095
1097
1099
1100
1101
1102
1103
1105
1106
1108
1110
1111
1115
1121
1124
1127
1129
1133
1134
1139
1144
1145
1146
1151
1154
1156
1157
1160
1163
1164
1165
1166
1168
1169
1170
1175
1177
1179
1180
1181
1183
1184
1185
1195
1197
1198
1199
1200
1201
1202
1203
1204
1207
1213
1215
1217
1218
1221
1223
1227
1228
1229
1233
1238
1239
1240
1241
1242
1243
1245
1249
1250
1251
1252
1253
1257
1260
1262
1265
1268
1269
1270
1271
1275
1276
1277
1278
1279
1282
1284
1285
1286
1289
1290
1295
1298
1299
1300
1301
1302
1303
1304
1305
1310
1311
1316
1317
1319
1322
1324
1325
1326
1328
1331
1334
1336
1339
1340
1345
1353
1355
1359
1363
1364
1365
1366
1367
1368
1369
1372
1374
1376
1378
1379
1385
1393
1394
1395
1397
1398
1399
1400
1401
1403
1404
1405
1406
1408
1409
1410
1411
1413
1416
1418
1419
1420
1421
1423
1424
1426
1427
1429
1430
1431
1432
1433
1434
1435
1437
1438
1439
1444
1446
1447
1448
1451
1452
1458
1460
1465
1466
1467
1468
1469
1472
1474
1475
1476
1478
1480
1482
1484
1485
1486
1487
1490
1492
1495
1496
1501
1504
1505
1507
1508
1509
1510
1511
1512
1513
1514
1515
1516
1517
1522
1524
1525
1527
1529
1531
1532
1535
1537
1538
1541
1544
1546
1547
1548
1549
1550
1554
1556
1560
1562
1565
1566
1567
1568
1570
1572
1574
1576
1577
1579
1581
1582
1583
1584
1585
1587
1588
1589
1590
1591
1592
1602
1605
1607
1609
1611
1618
1619
1620
1621
1623
1624
1626
1632
1636
1638
1639
1640
1642
1643
1649
1651
1652
1654
1655
1656
1658
1662
1663
1665
1666
1667
1672
1674
1676
1678
1679
1680
1682
1686
1688
1690
1691
1692
1693
1695
1696
1697
1698
1699
1704
1708
1710
1713
1715
1717
1719
1723
1724
1725
1727
1728
1730
1734
1736
1737
1740
1745
1747
1751
1752
1754
1756
1758
1761
1763
1764
1765
1766
1767
1770
1771
1772
1774
1775
1778
1779
1783
1785
1786
1789
1790
1794
1795
1797
1798
1801
1803
1805
1808
1812
1819
1820
1823
1825
1826
1828
1831
1833
1836
1837
1838
1839
1840
1842
1843
1844
1846
1847
1850
1853
1854
1856
1858
1861
1862
1863
1864
1865
1866
1869
1870
1872
1876
1878
1880
1881
1883
1887
1888
1889
1893
1894
1898
1899
1901
1902
1903
1906
1907
1913
1914
1916
1917
1918
1920
1923
1925
1928
1929
1930
1931
1938
1940
1941
1945
1947
1948
1949
1951
1954
1955
1956
1959
1962
1963
1964
1969
1973
1976
1978
1979
1980
1982
1983
1984
1987
1988
1989
1990
1991
1994
1995
1996
1997
1998
2000
2001
2003
2004
2005
2007
2009
2011
2012
2013
2014
2015
2016
2017
2018
2019
2020
2021
2023
2024
2025
2026
2027
2028
2029
2030
2031
2033
2034
2035
2036
2037
2038
2039
2040
2042
2043
2044
2045
2046
2047
2048
2049
2050
2051
2052
2053
2054
2056
2057
2058
2062
2063
2064
2065
2066
2067
2068
2069
2070
2071
2072
2073
2074
2075
2076
2077
2079
2080
2081
2082
2083
