0
1
5
14
16
18
20
26
31
38
39
41
56
57
59
63
67
68
72
74
76
81
88
96
99
110
111
115
122
124
128
130
134
135
138
139
143
150
151
158
161
164
177
178
185
187
188
200
202
206
211
214
219
222
225
226
228
231
233
243
247
250
251
253
255
257
259
261
265
269
270
272
274
284
287
291
295
301
308
314
323
327
328
330
331
336
339
342
346
354
359
361
387
389
390
391
392
400
408
411
420
421
426
427
430
433
435
436
445
461
465
468
474
479
481
484
490
491
494
495
496
501
507
513
518
522
524
527
528
532
533
534
539
542
544
546
547
554
558
564
567
572
574
579
582
584
594
595
598
599
600
605
608
610
613
617
618
620
625
626
628
629
635
642
651
652
656
662
686
687
699
701
711
719
726
732
743
746
761
765
766
776
781
782
784
801
803
808
813
817
818
820
822
825
826
827
833
835
838
840
843
845
861
863
864
866
875
878
882
886
888
892
893
901
902
908
912
913
916
917
919
920
923
928
929
936
937
941
954
956
957
960
961
962
964
967
968
969
972
977
981
983
988
994
999
1006
1013
1014
1021
1027
1035
1041
1048
1052
1054
1059
1061
1066
1074
1079
1080
1086
1088
1090
1098
1106
1107
1110
1111
1115
1116
1121
1122
1124
1127
1128
1136
1140
1143
1148
1154
1155
1156
1159
1160
1166
1171
1174
1175
1177
1180
1185
1195
1197
1198
1200
1207
1231
1249
1252
1254
1257
1262
1270
1274
1276
1284
1287
1289
1299
1301
1305
1309
1310
1312
1318
1324
1326
1330
1342
1345
1349
1351
1357
1358
1359
1361
1365
1369
1376
1383
1385
1387
1388
1389
1390
1391
1395
1398
1399
1402
1411
1413
1415
1417
1418
1420
1421
1422
1424
1440
1443
1446
1447
1449
1463
1464
1468
1472
1479
1480
1489
1491
1492
1496
1501
1506
1516
1526
1527
1529
1535
1540
1561
1562
1564
1568
1572
1575
1576
1578
1580
1583
1586
1587
1589
1594
1610
1616
1626
1638
1644
1645
1650
1656
1660
1666
1667
1669
1672
1677
1683
1688
1691
1699
1705
1709
1712
1717
1723
1739
1742
1760
1763
1764
1765
1767
1768
1771
1780
1782
1786
1789
1790
1791
1795
1806
1807
1808
1817
1821
1839
1841
1843
1850
1855
1857
1862
1869
1873
1876
1879
1881
1882
1885
1886
1896
1901
1904
1909
1913
1940
1943
1944
1955
1958
1969
1972
1982
1983
1991
1992
1996
1998
2001
2003
2004
2005
2007
2008
2009
2012
2013
2014
2015
2016
2017
2019
2022
2024
2027
2028
2030
2031
2033
2034
2036
2037
2038
2039
2040
2041
2042
2043
2044
2046
2047
2048
2049
2050
2051
2052
2053
2054
2055
2056
2057
2063
2065
2069
2070
2071
2072
2073
2074
2076
2079
2080
2081
2083
2084
