4
11
13
15
24
34
66
101
106
121
123
129
150
156
172
177
197
205
218
221
245
269
325
331
335
336
346
371
396
399
400
406
418
420
422
424
441
445
486
529
534
579
613
617
622
643
660
674
678
721
722
732
747
754
772
777
778
786
833
838
844
871
878
888
902
911
915
920
928
939
962
971
976
982
1006
1013
1018
1040
1045
1051
1061
1089
1103
1111
1127
1140
1145
1167
1175
1180
1204
1220
1233
1244
1249
1261
1272
1325
1345
1352
1358
1370
1380
1405
1410
1417
1429
1432
1434
1474
1475
1477
1483
1492
1496
1514
1520
1533
1543
1561
1578
1604
1610
1619
1635
1650
1672
1688
1695
1701
1730
1747
1752
1756
1761
1763
1790
1826
1833
1837
1868
1881
1883
1886
1900
1905
1907
1923
1945
1959
1960
1964
1987
1992
1994
2001
2003
2004
2005
2008
2010
2012
2013
2014
2015
2016
2018
2019
2024
2025
2026
2027
2031
2033
2034
2036
2037
2038
2039
2040
2041
2042
2044
2046
2048
2049
2050
2051
2054
2055
2057
2058
2059
2061
2062
2064
2065
2068
2069
2070
2071
2073
2075
2076
2079
2081
2082
2084
