0
1
5
8
10
12
13
16
17
18
19
21
22
24
25
26
30
31
32
35
37
38
40
41
42
44
46
51
52
53
54
55
57
60
61
62
64
65
67
68
69
71
72
74
75
77
79
80
81
82
83
86
87
89
91
92
94
97
98
99
100
101
102
103
104
105
106
107
109
110
111
112
119
122
124
126
128
131
132
134
139
144
145
148
149
150
151
157
158
159
160
161
163
164
169
170
172
173
175
177
178
179
181
183
184
186
188
190
191
192
195
197
199
200
202
204
206
208
209
215
220
221
222
224
225
227
231
232
236
238
241
242
243
249
250
251
252
253
254
257
258
260
264
266
270
274
275
276
277
278
281
283
284
288
292
294
295
296
301
308
311
312
313
315
316
317
321
322
324
325
326
329
330
331
333
334
335
336
339
342
345
348
349
353
354
356
359
361
364
366
368
369
371
374
379
381
384
386
387
391
392
395
396
399
400
404
405
408
409
412
413
416
417
419
420
422
426
427
428
429
430
431
434
435
437
438
439
442
443
444
448
451
452
453
454
456
457
461
462
463
466
467
470
473
475
477
480
482
485
489
491
495
497
499
501
507
508
510
511
512
515
516
517
519
521
524
528
529
532
534
537
541
542
543
545
546
547
548
549
553
556
559
560
564
565
573
574
575
576
577
578
588
591
593
594
595
596
598
604
607
608
609
610
611
613
614
615
621
627
629
630
631
637
638
640
641
642
643
646
649
651
652
653
655
656
660
663
667
668
670
672
674
675
676
678
679
682
685
686
688
689
692
693
694
695
696
697
698
699
701
705
707
708
713
715
719
723
725
728
729
731
732
733
734
735
738
744
745
746
747
752
753
754
755
759
760
762
763
765
767
769
771
773
775
776
777
779
781
782
783
784
786
788
789
793
794
800
801
804
807
808
814
816
818
823
826
827
829
830
831
833
836
837
838
839
840
841
842
845
851
853
856
857
858
860
863
864
865
867
869
870
873
874
877
879
880
881
882
883
887
888
890
894
895
896
901
902
905
907
908
910
914
918
919
921
923
926
928
929
931
933
935
936
939
941
943
947
952
954
955
956
958
959
961
962
964
965
968
972
974
975
980
983
985
986
990
991
992
993
994
999
1000
1003
1004
1006
1013
1014
1015
1018
1019
1020
1024
1029
1030
1032
1033
1039
1044
1046
1051
1052
1054
1055
1056
1058
1059
1060
1061
1062
1063
1064
1065
1066
1070
1071
1072
1074
1076
1078
1081
1082
1086
1089
1094
1095
1099
1101
1103
1106
1107
1112
1118
1119
1122
1127
1128
1129
1133
1135
1136
1138
1140
1141
1142
1143
1145
1146
1148
1149
1151
1154
1158
1161
1162
1168
1169
1170
1171
1172
1174
1175
1178
1179
1180
1182
1183
1184
1185
1187
1190
1191
1193
1194
1195
1196
1198
1199
1200
1201
1206
1208
1213
1214
1216
1217
1218
1219
1220
1222
1227
1228
1229
1231
1233
1235
1237
1241
1244
1247
1249
1251
1254
1257
1262
1264
1265
1268
1270
1271
1273
1275
1277
1279
1280
1281
1282
1284
1285
1288
1290
1291
1295
1301
1302
1303
1304
1305
1306
1307
1308
1313
1318
1320
1322
1323
1324
1330
1333
1335
1336
1338
1339
1340
1341
1342
1344
1345
1347
1351
1353
1354
1355
1357
1358
1360
1363
1365
1368
1369
1370
1373
1374
1376
1381
1382
1386
1388
1389
1395
1397
1398
1399
1401
1410
1412
1415
1418
1421
1423
1425
1426
1429
1431
1435
1440
1441
1444
1446
1449
1450
1451
1452
1454
1455
1456
1457
1458
1460
1461
1462
1464
1468
1472
1474
1477
1478
1480
1481
1482
1484
1485
1491
1492
1497
1499
1501
1503
1504
1506
1509
1512
1514
1518
1520
1521
1523
1524
1527
1533
1535
1537
1538
1539
1543
1544
1547
1548
1550
1552
1555
1556
1557
1560
1561
1563
1568
1570
1573
1578
1580
1583
1584
1588
1589
1593
1594
1595
1601
1602
1605
1609
1616
1618
1620
1621
1622
1624
1626
1627
1629
1631
1633
1635
1636
1639
1643
1644
1645
1650
1651
1653
1656
1658
1663
1665
1667
1668
1669
1672
1673
1678
1679
1680
1683
1684
1685
1686
1687
1688
1689
1690
1694
1695
1699
1700
1701
1702
1703
1704
1705
1706
1707
1710
1716
1717
1719
1721
1722
1723
1726
1727
1728
1730
1732
1735
1741
1742
1744
1745
1746
1748
1750
1752
1755
1756
1761
1762
1763
1764
1765
1766
1769
1772
1773
1776
1777
1779
1787
1789
1790
1792
1793
1794
1795
1796
1798
1800
1802
1805
1806
1807
1808
1811
1814
1815
1818
1819
1822
1823
1825
1826
1831
1832
1833
1834
1836
1838
1839
1841
1842
1843
1848
1854
1855
1856
1858
1859
1861
1863
1866
1867
1870
1873
1874
1875
1880
1881
1882
1883
1884
1885
1886
1888
1893
1895
1896
1897
1898
1900
1904
1908
1909
1910
1913
1917
1920
1922
1923
1925
1926
1927
1928
1932
1933
1934
1938
1939
1940
1941
1943
1945
1950
1953
1958
1961
1962
1963
1964
1965
1968
1969
1971
1972
1973
1974
1977
1978
1981
1983
1984
1985
1988
1989
1991
1998
2000
2001
2002
2003
2004
2005
2007
2008
2009
2010
2011
2012
2013
2014
2015
2016
2017
2018
2019
2020
2021
2022
2023
2024
2026
2027
2028
2029
2030
2031
2032
2033
2035
2036
2037
2039
2040
2041
2042
2044
2045
2046
2047
2048
2049
2050
2051
2052
2053
2054
2055
2056
2057
2058
2059
2060
2061
2062
2063
2064
2065
2067
2068
2069
2071
2072
2073
2074
2075
2076
2077
2078
2079
2080
2082
2083
2084
