1
2
3
5
6
7
8
9
10
11
12
13
14
15
16
17
18
19
20
21
23
24
25
26
27
28
30
33
35
38
39
40
41
42
43
45
48
50
51
53
54
55
56
57
59
60
61
62
63
64
65
66
68
69
71
73
74
75
76
78
80
81
83
85
86
87
88
89
91
92
93
94
95
96
97
98
99
101
102
104
105
106
107
108
109
110
114
115
116
117
118
119
120
121
122
124
125
126
127
129
131
132
133
134
135
137
138
139
141
142
143
144
146
148
149
150
151
152
153
156
157
158
159
160
161
162
163
164
165
166
167
168
170
171
172
173
174
175
179
180
181
182
183
184
185
190
191
193
194
195
196
197
198
199
200
201
202
203
206
208
209
211
212
214
217
218
219
220
221
222
226
227
229
230
231
233
235
236
238
240
241
242
243
244
245
247
248
249
251
252
256
257
258
259
260
262
264
266
267
268
269
271
272
273
274
275
276
277
279
280
281
284
285
287
288
290
291
292
293
295
296
298
299
300
301
303
305
306
307
308
309
311
312
314
315
316
317
318
319
321
323
324
325
329
330
331
333
334
335
336
337
338
340
341
342
344
346
347
348
352
353
354
355
357
359
360
361
362
363
364
365
368
369
371
372
376
378
381
382
383
384
385
386
387
388
390
391
392
393
395
397
399
400
401
402
404
405
406
410
411
412
413
414
415
416
417
419
420
422
423
424
425
426
427
428
429
430
431
433
434
435
438
439
441
442
443
444
446
447
449
450
451
452
453
454
456
458
459
460
461
462
463
464
467
468
469
470
471
472
473
474
477
478
480
482
483
485
486
491
493
494
495
496
503
504
505
507
508
510
511
512
513
514
516
517
520
523
525
527
529
530
533
534
535
537
538
541
542
543
544
545
546
548
549
550
551
552
553
554
556
558
559
560
561
564
567
568
569
570
573
574
579
580
581
582
583
584
585
586
587
588
589
590
592
593
594
595
596
598
599
600
602
603
604
607
608
610
611
612
613
614
616
617
619
620
621
622
623
624
625
626
627
630
631
633
634
635
636
638
639
641
642
644
645
646
648
649
650
651
652
653
655
656
657
658
659
662
663
666
667
668
669
670
672
674
676
677
679
680
681
682
683
684
686
687
688
690
691
693
694
695
696
697
698
699
700
701
702
703
704
705
706
707
708
709
710
711
713
714
715
716
717
718
719
720
721
723
724
726
727
729
730
731
732
736
737
743
744
745
746
747
748
750
751
752
753
754
756
757
759
760
761
765
767
768
769
770
771
773
774
775
778
779
782
783
784
785
786
787
788
789
790
791
792
793
794
796
797
800
802
803
804
805
806
807
808
810
811
814
815
816
817
818
819
823
824
825
827
829
831
832
833
834
835
836
837
838
839
840
841
843
844
845
846
847
848
849
851
852
853
854
855
856
857
858
860
861
862
863
864
865
866
867
868
869
870
871
873
874
876
877
880
881
882
883
886
887
888
889
890
892
893
894
895
896
897
899
901
902
903
904
905
906
908
909
910
911
912
914
915
916
918
919
920
922
923
924
926
927
928
930
931
932
933
934
935
937
938
939
940
941
942
943
944
945
946
948
949
950
951
952
954
955
956
957
959
960
962
963
964
965
967
968
970
971
973
974
975
978
979
980
981
982
983
984
985
987
989
990
992
993
994
995
997
998
999
1000
1001
1002
1003
1004
1005
1006
1009
1010
1011
1012
1013
1015
1016
1018
1019
1020
1021
1022
1024
1025
1026
1027
1028
1029
1030
1032
1033
1034
1035
1036
1037
1040
1041
1044
1045
1046
1047
1048
1049
1050
1051
1053
1054
1055
1057
1058
1059
1060
1061
1062
1065
1067
1068
1069
1071
1072
1074
1077
1078
1079
1080
1081
1082
1083
1085
1086
1087
1088
1089
1091
1092
1093
1096
1099
1100
1101
1104
1105
1106
1107
1108
1109
1110
1111
1112
1114
1115
1116
1117
1118
1120
1121
1123
1124
1125
1127
1128
1129
1131
1132
1133
1134
1135
1136
1137
1138
1139
1140
1141
1142
1143
1144
1145
1146
1147
1148
1149
1150
1151
1154
1157
1158
1160
1161
1164
1165
1166
1168
1169
1170
1171
1172
1173
1175
1176
1177
1178
1179
1180
1181
1182
1183
1184
1185
1187
1188
1190
1191
1192
1193
1194
1195
1197
1199
1201
1202
1203
1204
1205
1206
1207
1208
1211
1212
1213
1218
1220
1221
1222
1226
1228
1229
1230
1231
1234
1236
1237
1238
1239
1242
1243
1244
1245
1246
1247
1248
1249
1250
1251
1253
1254
1255
1256
1258
1259
1260
1261
1262
1263
1265
1266
1268
1269
1270
1272
1274
1275
1276
1277
1280
1281
1282
1283
1284
1285
1286
1287
1289
1290
1291
1292
1293
1294
1295
1296
1298
1299
1300
1301
1302
1303
1304
1305
1306
1307
1308
1310
1311
1312
1314
1315
1316
1317
1318
1320
1321
1322
1323
1324
1327
1328
1330
1333
1334
1335
1337
1338
1341
1342
1343
1344
1345
1346
1347
1348
1349
1350
1351
1352
1353
1356
1358
1359
1360
1363
1364
1365
1366
1367
1368
1370
1371
1372
1373
1374
1375
1376
1377
1378
1379
1383
1386
1387
1389
1390
1391
1393
1394
1395
1396
1397
1398
1399
1400
1401
1403
1404
1405
1406
1409
1410
1411
1413
1414
1418
1420
1422
1423
1424
1425
1426
1427
1428
1429
1430
1431
1432
1434
1435
1437
1438
1443
1444
1445
1447
1448
1450
1455
1456
1457
1460
1462
1463
1464
1466
1467
1471
1472
1474
1475
1476
1478
1479
1480
1481
1483
1484
1485
1486
1487
1488
1489
1492
1494
1495
1496
1498
1499
1500
1502
1503
1504
1505
1506
1507
1508
1509
1511
1512
1513
1515
1517
1520
1521
1522
1523
1524
1525
1526
1527
1528
1529
1530
1531
1532
1535
1537
1539
1540
1541
1542
1543
1544
1546
1548
1549
1551
1553
1554
1556
1557
1558
1559
1561
1562
1563
1564
1565
1571
1572
1573
1575
1576
1577
1579
1580
1581
1584
1585
1588
1589
1590
1591
1592
1593
1595
1596
1597
1599
1600
1601
1602
1604
1606
1608
1609
1610
1612
1614
1615
1616
1618
1619
1621
1622
1623
1624
1625
1626
1627
1628
1629
1630
1631
1632
1633
1635
1636
1637
1639
1640
1641
1642
1644
1646
1648
1649
1650
1652
1653
1654
1655
1656
1657
1659
1660
1663
1664
1665
1667
1668
1669
1671
1672
1673
1674
1675
1677
1678
1680
1681
1682
1683
1684
1685
1686
1687
1688
1689
1690
1692
1693
1694
1695
1697
1699
1700
1701
1702
1703
1704
1705
1706
1708
1709
1711
1712
1713
1714
1716
1717
1719
1721
1722
1724
1726
1727
1728
1729
1730
1731
1732
1733
1734
1735
1736
1739
1742
1744
1745
1746
1747
1749
1751
1752
1753
1754
1755
1756
1758
1759
1761
1762
1763
1764
1765
1766
1767
1768
1769
1770
1771
1772
1775
1776
1777
1778
1779
1780
1783
1784
1786
1787
1788
1789
1790
1791
1792
1793
1794
1795
1796
1797
1798
1799
1800
1801
1802
1804
1805
1806
1807
1808
1811
1812
1813
1814
1815
1816
1817
1818
1819
1820
1822
1823
1825
1827
1828
1830
1831
1832
1833
1835
1836
1837
1838
1839
1840
1841
1843
1844
1845
1847
1848
1849
1850
1851
1852
1853
1854
1855
1857
1859
1860
1861
1862
1863
1864
1865
1866
1867
1868
1870
1873
1875
1876
1877
1879
1880
1882
1883
1884
1885
1886
1887
1888
1890
1892
1893
1894
1895
1896
1898
1900
1902
1903
1904
1905
1906
1909
1911
1912
1915
1916
1918
1919
1920
1921
1923
1924
1925
1926
1927
1928
1929
1930
1933
1935
1936
1938
1939
1940
1941
1942
1943
1944
1945
1946
1947
1948
1950
1953
1955
1956
1957
1958
1959
1960
1961
1962
1965
1966
1967
1968
1969
1970
1971
1972
1973
1975
1976
1977
1978
1979
1981
1982
1983
1985
1987
1988
1989
1990
1991
1992
1993
1997
1999
2000
2001
2002
2003
2004
2005
2006
2007
2009
2010
2011
2012
2013
2014
2015
2016
2017
2018
2020
2021
2022
2023
2024
2026
2027
2028
2029
2030
2031
2032
2033
2034
2035
2036
2037
2038
2039
2040
2041
2042
2044
2045
2046
2047
2048
2049
2050
2051
2052
2053
2054
2055
2056
2057
2058
2059
2061
2062
2063
2064
2065
2066
2067
2068
2070
2071
2072
2073
2074
2075
2076
2077
2078
2079
2080
2081
2082
2083
2084
