4
11
16
18
22
30
40
48
54
60
84
113
114
120
123
148
169
170
180
208
215
225
277
306
328
331
354
381
434
437
453
472
479
495
499
517
555
569
584
598
604
607
609
629
638
646
665
666
667
670
688
710
714
723
728
742
755
773
775
776
781
808
813
820
848
853
869
871
873
887
911
923
935
950
951
954
967
986
1011
1049
1056
1064
1128
1132
1140
1145
1147
1161
1171
1175
1178
1180
1197
1201
1217
1221
1223
1228
1250
1251
1275
1286
1301
1349
1360
1367
1408
1412
1418
1447
1456
1471
1495
1510
1533
1539
1555
1558
1573
1595
1626
1678
1688
1710
1720
1750
1752
1756
1778
1787
1789
1808
1818
1855
1867
1870
1873
1881
1901
1903
1905
1907
1925
1945
1956
1994
2000
2001
2002
2003
2004
2008
2009
2011
2012
2013
2014
2016
2018
2019
2020
2022
2023
2024
2025
2026
2027
2028
2029
2030
2031
2032
2033
2035
2036
2037
2038
2040
2041
2042
2043
2044
2045
2046
2048
2049
2051
2052
2053
2054
2056
2057
2058
2059
2060
2064
2065
2067
2068
2069
2070
2071
2072
2075
2076
2077
2082
2084
