3
30
35
44
59
62
65
67
74
78
91
101
114
143
156
166
167
174
177
209
211
234
242
246
249
272
278
283
288
322
327
332
354
379
399
453
468
485
502
503
521
564
579
585
598
600
604
613
633
635
639
663
715
723
733
740
743
745
746
747
765
767
783
801
805
817
833
834
856
858
864
882
887
902
916
941
947
955
966
971
980
982
985
1002
1012
1014
1020
1043
1051
1062
1071
1082
1114
1115
1128
1133
1135
1157
1162
1170
1171
1196
1220
1226
1231
1235
1241
1248
1250
1261
1272
1285
1286
1289
1291
1292
1294
1311
1329
1354
1357
1363
1370
1377
1380
1392
1396
1408
1417
1421
1435
1460
1468
1475
1477
1496
1497
1503
1518
1532
1538
1548
1557
1578
1581
1582
1593
1606
1686
1702
1703
1710
1714
1762
1773
1787
1806
1811
1812
1822
1834
1844
1850
1875
1927
1940
1943
1974
1990
2003
2005
2007
2008
2009
2010
2012
2013
2016
2018
2019
2020
2021
2023
2025
2026
2028
2029
2031
2033
2034
2035
2037
2038
2042
2044
2045
2049
2055
2058
2059
2061
2068
2072
2074
2076
2079
2082
2083
