0
1
2
3
4
5
6
8
9
10
11
12
13
16
18
19
20
23
24
25
26
28
29
31
34
35
36
37
38
39
40
41
42
43
44
45
46
47
48
49
52
53
54
55
56
58
59
60
61
62
64
65
66
67
68
70
72
73
75
76
77
78
79
82
83
84
85
86
87
89
90
91
92
93
95
96
97
100
101
102
103
104
105
106
107
108
109
110
111
112
113
114
115
117
118
119
120
121
122
124
126
127
128
129
130
131
132
135
138
139
142
143
148
149
151
152
153
154
155
156
158
159
160
164
165
166
167
168
169
172
174
175
176
177
178
179
180
181
182
184
185
186
187
188
189
190
191
192
193
194
195
196
198
199
200
201
204
206
207
208
211
214
215
216
217
218
220
221
223
227
228
231
234
235
236
237
238
239
240
241
242
243
244
245
246
248
249
251
252
253
254
255
256
257
258
259
260
262
263
264
266
267
268
269
270
271
272
274
275
276
277
278
280
281
283
284
286
287
288
289
290
291
292
293
295
296
297
298
299
300
301
302
307
308
309
311
313
314
315
316
317
318
319
320
321
322
324
325
326
327
328
330
331
332
333
336
337
338
339
340
341
342
345
346
347
348
350
351
353
354
355
356
357
358
359
361
362
363
366
368
369
370
371
372
373
374
375
376
377
378
380
381
384
385
386
387
388
389
390
391
395
397
399
400
401
402
404
405
406
407
408
409
410
411
412
414
415
416
417
418
420
422
423
424
425
426
427
428
430
432
433
434
435
436
437
438
441
443
444
445
446
447
448
449
450
451
452
453
454
455
456
457
460
462
463
465
466
467
468
469
472
473
474
475
477
478
481
483
484
485
486
487
488
490
492
493
494
495
496
497
498
499
501
502
503
505
507
508
509
510
512
514
516
518
520
522
523
524
525
526
527
530
531
532
533
534
535
536
537
540
542
544
545
546
547
548
549
550
551
552
553
554
555
556
558
559
560
561
563
564
565
566
567
568
569
571
572
573
574
575
576
577
579
580
581
582
583
584
586
587
588
589
590
591
593
595
596
598
600
602
605
606
607
609
610
611
612
613
614
615
616
617
618
620
621
622
623
624
626
629
630
631
632
633
634
636
637
638
639
641
642
644
645
646
649
652
655
656
657
658
661
662
663
665
666
667
668
669
670
672
675
676
677
678
679
680
681
683
684
685
688
689
693
695
697
699
701
702
703
704
705
708
709
710
711
712
713
714
717
721
723
724
725
726
727
728
729
730
731
732
733
734
736
737
738
739
740
741
743
744
745
746
747
749
750
751
752
753
754
755
756
759
760
761
762
764
765
766
768
769
770
771
772
773
774
775
776
777
779
782
783
784
785
786
788
789
790
792
793
794
795
796
799
800
801
803
804
807
808
809
811
812
813
817
818
819
820
821
822
823
824
825
826
827
829
830
831
833
834
835
836
838
840
842
843
844
845
846
848
849
850
852
853
854
855
857
858
860
861
863
864
866
869
870
871
872
873
875
876
880
881
883
884
885
886
887
888
889
890
891
893
895
897
900
901
902
903
905
906
909
911
912
914
915
916
917
918
919
920
922
923
924
925
926
927
929
930
931
934
935
936
937
939
940
942
943
944
945
947
948
950
951
952
954
955
956
957
958
959
960
961
962
963
964
965
966
967
968
969
970
971
972
973
974
975
976
977
978
980
981
983
984
986
987
988
989
990
991
993
994
996
997
998
999
1002
1003
1005
1006
1008
1010
1012
1013
1014
1015
1017
1018
1019
1020
1022
1023
1024
1026
1027
1028
1029
1030
1031
1032
1033
1036
1037
1039
1040
1042
1044
1045
1047
1048
1050
1051
1052
1053
1055
1056
1057
1059
1060
1061
1062
1065
1066
1067
1068
1069
1070
1071
1072
1073
1074
1076
1078
1080
1081
1083
1084
1085
1089
1091
1094
1097
1098
1099
1100
1102
1103
1104
1105
1106
1107
1109
1110
1112
1113
1116
1120
1121
1123
1124
1126
1127
1128
1129
1130
1131
1132
1134
1135
1137
1138
1140
1142
1144
1146
1148
1150
1151
1154
1155
1156
1157
1158
1160
1162
1164
1165
1166
1167
1168
1169
1170
1171
1173
1174
1175
1176
1177
1178
1180
1181
1182
1183
1184
1185
1186
1187
1191
1192
1194
1195
1197
1198
1199
1201
1202
1203
1205
1207
1208
1209
1211
1212
1215
1216
1218
1219
1220
1222
1223
1224
1225
1226
1227
1228
1229
1230
1231
1232
1233
1234
1235
1236
1237
1238
1239
1241
1242
1245
1247
1248
1249
1250
1252
1253
1254
1255
1257
1258
1259
1260
1261
1263
1264
1265
1266
1267
1268
1270
1271
1272
1273
1274
1276
1277
1278
1279
1281
1282
1284
1286
1290
1291
1292
1293
1294
1296
1298
1300
1301
1302
1303
1305
1306
1307
1308
1309
1310
1312
1313
1315
1319
1320
1321
1322
1323
1324
1326
1327
1328
1329
1330
1331
1334
1336
1337
1338
1339
1341
1342
1343
1344
1345
1346
1347
1348
1349
1350
1351
1352
1353
1354
1355
1357
1358
1361
1362
1365
1366
1370
1371
1373
1375
1377
1378
1379
1380
1382
1386
1388
1391
1392
1393
1394
1397
1398
1400
1401
1402
1403
1404
1405
1408
1409
1410
1413
1414
1415
1417
1419
1420
1421
1422
1423
1424
1425
1426
1427
1428
1430
1431
1432
1433
1434
1436
1438
1439
1441
1442
1443
1444
1446
1447
1448
1449
1450
1451
1453
1454
1455
1458
1459
1460
1461
1465
1466
1467
1469
1470
1471
1472
1475
1476
1477
1478
1479
1480
1481
1483
1484
1486
1490
1491
1492
1493
1494
1495
1497
1498
1499
1500
1501
1502
1504
1505
1506
1507
1508
1509
1510
1511
1512
1514
1515
1520
1522
1525
1526
1527
1529
1530
1531
1532
1533
1534
1535
1536
1540
1542
1543
1544
1546
1547
1549
1551
1552
1553
1554
1555
1557
1558
1559
1560
1562
1563
1564
1565
1566
1567
1568
1569
1570
1571
1573
1574
1575
1577
1578
1579
1580
1581
1582
1583
1587
1588
1589
1590
1591
1594
1596
1597
1598
1599
1600
1601
1602
1604
1606
1607
1608
1609
1610
1611
1612
1613
1615
1618
1619
1620
1621
1622
1623
1624
1625
1626
1627
1629
1631
1633
1634
1635
1636
1637
1640
1641
1642
1644
1645
1646
1647
1648
1649
1650
1651
1652
1653
1654
1655
1656
1658
1660
1661
1662
1664
1665
1666
1668
1670
1672
1673
1674
1676
1677
1678
1680
1681
1682
1683
1684
1685
1686
1687
1688
1691
1692
1693
1694
1696
1697
1698
1699
1700
1702
1703
1704
1705
1706
1707
1708
1709
1711
1712
1713
1714
1716
1717
1718
1720
1722
1723
1724
1725
1726
1728
1730
1731
1732
1733
1734
1737
1740
1741
1742
1743
1744
1745
1747
1749
1751
1753
1754
1756
1757
1758
1760
1761
1762
1763
1764
1765
1766
1768
1770
1772
1774
1775
1776
1778
1779
1781
1782
1783
1784
1785
1786
1787
1788
1789
1790
1791
1792
1793
1795
1797
1799
1800
1801
1802
1803
1804
1806
1807
1808
1809
1811
1812
1814
1815
1816
1817
1818
1819
1821
1822
1823
1826
1827
1830
1833
1834
1835
1839
1840
1841
1842
1843
1844
1845
1847
1848
1851
1852
1854
1855
1856
1857
1858
1859
1860
1861
1862
1863
1864
1865
1866
1867
1870
1871
1872
1874
1875
1876
1877
1878
1879
1880
1881
1882
1883
1884
1886
1887
1888
1890
1893
1894
1896
1897
1900
1901
1902
1905
1906
1907
1908
1909
1910
1912
1913
1914
1917
1918
1919
1921
1922
1923
1925
1926
1927
1928
1929
1930
1931
1933
1934
1936
1937
1938
1939
1940
1942
1943
1944
1945
1946
1947
1948
1949
1951
1953
1954
1955
1956
1957
1958
1959
1961
1962
1963
1964
1965
1966
1967
1968
1969
1971
1973
1974
1975
1976
1977
1980
1981
1982
1983
1984
1985
1987
1988
1989
1990
1991
1992
1996
1997
1998
1999
2000
2001
2002
2003
2004
2005
2007
2008
2009
2010
2011
2012
2013
2014
2015
2016
2017
2018
2019
2020
2021
2022
2023
2024
2025
2026
2027
2028
2029
2030
2031
2032
2033
2034
2035
2036
2037
2038
2039
2040
2041
2042
2043
2044
2046
2047
2048
2049
2050
2051
2052
2054
2055
2056
2057
2058
2059
2061
2062
2063
2065
2066
2067
2069
2070
2071
2072
2073
2074
2075
2076
2077
2079
2080
2081
2082
2083
2084
