4
8
9
13
18
24
25
30
53
55
66
75
79
80
82
83
84
86
94
98
100
101
105
106
107
108
114
116
119
126
127
128
132
138
139
144
147
157
163
172
175
190
191
192
200
201
202
204
208
222
224
232
235
239
242
244
245
246
253
260
267
268
272
288
299
301
306
309
321
324
329
331
332
333
336
344
345
346
347
353
359
360
366
371
372
373
375
389
392
400
407
408
409
411
416
420
422
425
433
437
443
445
446
454
463
473
475
483
486
487
488
495
500
503
506
513
518
522
525
529
547
549
563
565
573
577
579
580
583
585
594
595
598
604
607
612
615
617
619
620
629
630
632
633
636
638
639
649
650
655
656
663
665
670
672
674
681
684
699
701
705
706
707
709
711
714
716
720
722
724
728
730
731
732
733
737
738
743
746
747
752
763
765
771
773
778
781
782
784
785
788
792
797
801
807
814
827
835
838
841
849
851
858
859
860
869
873
875
878
880
881
887
889
892
893
898
899
902
904
905
908
909
913
914
915
926
928
929
941
945
947
948
951
952
964
965
967
968
985
997
1006
1007
1014
1019
1028
1034
1041
1051
1052
1055
1057
1059
1062
1089
1090
1091
1092
1096
1100
1107
1111
1114
1115
1118
1120
1121
1126
1134
1140
1144
1148
1153
1157
1164
1170
1171
1178
1180
1184
1185
1191
1194
1202
1203
1205
1211
1212
1221
1223
1224
1225
1226
1228
1236
1240
1241
1244
1247
1248
1258
1259
1264
1268
1283
1291
1292
1298
1299
1301
1302
1303
1305
1307
1316
1322
1326
1329
1333
1334
1336
1338
1341
1343
1347
1354
1359
1367
1370
1372
1377
1380
1389
1396
1404
1406
1410
1411
1417
1423
1433
1438
1439
1442
1444
1452
1456
1461
1469
1477
1488
1492
1496
1501
1502
1503
1509
1518
1522
1526
1527
1529
1531
1538
1544
1548
1550
1557
1559
1564
1565
1566
1570
1578
1581
1584
1591
1596
1617
1618
1623
1627
1629
1634
1640
1642
1656
1662
1665
1669
1675
1677
1684
1685
1689
1696
1702
1703
1707
1708
1712
1715
1718
1719
1726
1730
1736
1737
1748
1760
1763
1766
1770
1773
1788
1789
1790
1794
1803
1807
1822
1831
1833
1844
1847
1851
1855
1858
1861
1863
1873
1875
1880
1881
1886
1887
1893
1895
1901
1902
1910
1917
1920
1927
1935
1940
1942
1944
1950
1953
1963
1967
1969
1972
1987
1997
1998
2000
2001
2003
2004
2005
2007
2009
2010
2011
2012
2013
2014
2015
2016
2018
2019
2020
2021
2022
2023
2024
2025
2027
2028
2029
2031
2033
2034
2035
2036
2037
2038
2039
2040
2041
2042
2043
2044
2045
2046
2051
2052
2056
2057
2058
2059
2061
2062
2063
2065
2068
2069
2070
2071
2072
2073
2074
2075
2076
2077
2078
2081
2082
2083
2084
