0
1
2
3
5
6
7
11
12
13
16
17
18
19
20
21
24
25
26
28
29
30
32
33
34
37
38
39
41
42
43
44
46
47
48
49
50
51
54
56
58
59
60
61
62
63
64
65
66
67
68
69
71
72
73
74
76
77
79
81
82
83
86
87
88
89
91
92
93
95
96
97
99
100
101
102
104
105
106
109
110
111
112
113
115
116
117
118
119
120
121
122
124
125
126
127
128
129
130
131
132
133
136
137
138
139
142
147
149
150
151
152
154
156
157
158
159
160
162
164
165
166
167
168
170
172
173
174
175
176
177
179
180
181
182
184
186
188
190
191
192
194
195
196
197
199
200
202
203
204
205
206
207
209
210
211
213
214
221
222
223
225
227
230
232
233
234
235
236
237
238
240
242
243
244
245
246
247
249
250
252
254
258
259
261
263
264
265
266
268
269
271
273
275
276
277
278
280
281
282
283
285
286
287
288
289
290
291
293
295
296
297
298
300
301
303
304
307
308
309
310
312
314
315
316
317
318
319
320
321
322
323
324
325
326
328
330
331
333
335
336
339
340
341
342
345
347
348
350
351
352
353
355
356
357
358
359
360
361
363
365
366
367
368
369
370
371
372
373
374
375
376
377
379
380
387
389
390
391
392
393
394
395
396
398
399
400
402
404
406
407
408
411
412
415
417
420
424
426
427
428
429
430
431
432
433
434
435
436
438
439
440
441
442
443
445
448
451
452
453
454
455
456
457
460
461
463
464
465
466
469
470
471
473
474
475
476
477
478
481
482
483
484
485
486
487
488
489
490
491
492
493
494
495
496
498
499
500
501
503
504
505
506
508
510
513
514
515
516
517
518
519
520
524
525
526
527
528
529
531
533
534
535
536
538
539
541
543
544
545
546
547
550
552
553
554
555
556
558
559
560
561
563
564
565
568
569
570
572
573
574
575
576
577
578
579
580
581
582
583
584
586
588
589
593
594
595
596
597
598
599
600
601
602
603
605
608
609
610
611
612
613
614
615
616
617
622
625
627
628
629
630
631
633
634
635
637
638
639
641
642
643
644
646
650
651
652
653
654
655
656
657
658
660
661
663
666
667
668
669
670
671
672
673
674
676
677
680
681
684
685
686
688
689
690
691
692
693
694
695
696
697
698
699
700
701
702
703
705
706
707
708
710
711
712
714
715
718
719
721
722
723
724
725
727
728
732
733
734
736
738
739
740
741
743
744
746
747
748
749
750
752
754
755
756
758
759
760
762
763
765
768
769
770
771
772
773
774
776
777
778
779
780
782
783
784
785
786
788
789
790
791
792
793
794
795
796
797
799
800
801
802
803
804
805
808
809
811
812
815
816
817
819
820
821
823
824
825
826
827
828
829
831
833
834
835
836
838
839
840
841
842
844
845
846
847
849
850
851
852
853
855
857
858
860
862
863
864
865
866
867
869
870
872
873
874
875
876
877
878
880
881
882
883
885
886
887
888
889
892
893
894
895
896
897
898
899
901
902
904
905
906
907
908
909
910
912
913
914
915
916
917
918
919
920
921
922
923
924
927
928
929
930
931
933
935
936
937
941
942
943
944
945
946
947
948
949
951
953
954
955
956
957
958
960
962
963
964
965
966
968
969
970
972
974
975
976
977
978
979
981
982
983
984
985
987
990
991
992
993
994
995
996
997
998
999
1000
1001
1002
1003
1005
1006
1007
1008
1009
1011
1012
1013
1014
1015
1018
1019
1020
1026
1027
1028
1029
1031
1032
1033
1034
1035
1039
1040
1041
1043
1044
1045
1047
1048
1049
1050
1051
1052
1053
1055
1057
1059
1060
1061
1062
1064
1066
1067
1068
1069
1070
1071
1072
1074
1075
1076
1077
1078
1080
1081
1082
1083
1085
1086
1087
1088
1089
1091
1092
1093
1095
1097
1098
1099
1100
1101
1102
1103
1105
1106
1107
1108
1110
1111
1112
1113
1114
1115
1116
1118
1119
1120
1121
1122
1124
1125
1127
1129
1132
1133
1134
1135
1136
1137
1138
1139
1140
1141
1142
1143
1144
1146
1147
1148
1149
1150
1151
1153
1154
1156
1160
1161
1163
1165
1166
1167
1168
1170
1171
1172
1174
1175
1176
1177
1178
1179
1180
1182
1183
1184
1185
1190
1191
1192
1193
1194
1196
1197
1198
1199
1200
1201
1202
1203
1204
1205
1206
1207
1208
1210
1211
1212
1214
1215
1217
1218
1220
1223
1224
1225
1226
1228
1231
1234
1235
1236
1237
1238
1239
1240
1241
1242
1243
1244
1247
1248
1249
1250
1251
1252
1253
1254
1255
1256
1257
1259
1260
1261
1262
1263
1264
1265
1266
1267
1268
1270
1271
1272
1273
1276
1277
1279
1280
1282
1283
1284
1285
1286
1288
1290
1292
1293
1296
1298
1299
1301
1303
1304
1305
1306
1308
1309
1310
1311
1312
1313
1314
1315
1320
1322
1323
1326
1329
1330
1331
1332
1333
1334
1335
1336
1337
1338
1339
1340
1341
1342
1343
1344
1345
1346
1347
1348
1351
1352
1353
1354
1355
1356
1358
1360
1362
1363
1364
1365
1366
1367
1368
1370
1372
1374
1375
1377
1378
1379
1380
1381
1382
1383
1384
1385
1386
1387
1388
1390
1391
1392
1393
1396
1398
1401
1402
1403
1405
1406
1407
1408
1409
1411
1412
1414
1416
1417
1418
1420
1421
1422
1423
1426
1427
1429
1430
1432
1434
1435
1436
1438
1440
1441
1442
1443
1445
1448
1449
1450
1451
1452
1454
1455
1457
1458
1459
1460
1461
1462
1463
1464
1465
1467
1469
1470
1471
1472
1474
1475
1476
1477
1479
1480
1482
1484
1486
1489
1490
1491
1492
1493
1494
1496
1497
1498
1499
1500
1502
1503
1504
1505
1506
1508
1509
1510
1511
1512
1514
1515
1516
1518
1520
1521
1522
1523
1524
1525
1529
1530
1531
1532
1533
1535
1536
1537
1538
1539
1540
1542
1543
1550
1551
1552
1554
1555
1556
1560
1561
1562
1563
1564
1567
1568
1570
1571
1572
1573
1574
1576
1577
1578
1582
1583
1584
1585
1586
1587
1588
1589
1591
1592
1593
1594
1595
1596
1597
1599
1602
1603
1604
1605
1606
1607
1608
1609
1610
1612
1613
1614
1615
1616
1617
1618
1619
1620
1621
1622
1624
1625
1626
1628
1629
1630
1631
1632
1634
1636
1637
1639
1640
1641
1642
1643
1644
1645
1646
1647
1648
1649
1650
1653
1654
1656
1657
1658
1659
1661
1662
1663
1666
1668
1669
1673
1674
1676
1677
1678
1679
1681
1683
1685
1686
1688
1689
1690
1691
1692
1694
1695
1696
1697
1700
1702
1706
1707
1708
1709
1710
1711
1712
1713
1714
1715
1716
1717
1718
1721
1722
1723
1724
1725
1726
1727
1728
1730
1732
1733
1734
1735
1736
1737
1738
1740
1741
1742
1743
1744
1745
1746
1747
1748
1749
1750
1751
1752
1753
1754
1755
1756
1757
1758
1760
1762
1763
1764
1765
1767
1768
1770
1771
1772
1773
1777
1778
1779
1780
1781
1782
1783
1784
1786
1787
1788
1789
1790
1791
1794
1795
1796
1797
1798
1800
1801
1804
1805
1806
1807
1808
1810
1811
1812
1814
1815
1816
1817
1818
1819
1820
1821
1822
1823
1824
1825
1826
1827
1828
1830
1831
1832
1833
1834
1836
1838
1839
1840
1842
1845
1847
1848
1850
1851
1852
1855
1856
1857
1859
1860
1861
1862
1863
1864
1866
1867
1870
1871
1872
1873
1874
1875
1876
1877
1880
1881
1882
1883
1884
1885
1886
1887
1888
1889
1890
1891
1892
1893
1895
1896
1897
1898
1899
1901
1902
1903
1906
1907
1908
1909
1913
1914
1915
1916
1917
1918
1920
1921
1923
1924
1925
1928
1929
1930
1931
1932
1933
1935
1936
1937
1938
1939
1940
1941
1942
1943
1944
1945
1946
1948
1949
1950
1953
1954
1955
1956
1957
1959
1960
1961
1962
1963
1964
1965
1966
1970
1971
1972
1973
1975
1976
1978
1980
1981
1982
1983
1984
1985
1987
1989
1991
1992
1994
1996
1998
1999
2000
2001
2003
2004
2005
2007
2008
2010
2011
2013
2014
2016
2017
2018
2019
2020
2021
2022
2023
2024
2025
2026
2027
2028
2029
2030
2031
2032
2033
2034
2035
2036
2037
2038
2039
2040
2041
2042
2043
2044
2045
2046
2047
2048
2049
2050
2051
2052
2053
2054
2055
2056
2057
2058
2059
2061
2062
2063
2064
2065
2066
2067
2068
2069
2070
2071
2072
2073
2074
2075
2076
2077
2078
2079
2080
2081
2082
2083
2084
