1
5
10
14
16
18
21
24
28
29
33
44
45
47
50
51
56
57
59
62
64
69
72
75
76
83
85
98
100
106
114
118
129
135
138
139
148
149
151
156
167
169
184
185
196
200
202
204
215
216
225
236
243
244
249
251
266
269
274
277
284
286
287
289
292
293
296
299
306
308
309
314
317
324
331
342
345
357
361
368
377
383
395
404
408
417
420
424
435
437
453
470
472
478
480
482
487
490
492
500
505
508
518
529
534
537
541
542
549
553
560
570
574
580
585
586
593
594
595
603
615
619
622
630
638
639
643
655
656
658
660
667
670
677
678
680
681
682
683
686
689
691
692
698
707
710
713
714
718
724
728
730
732
735
738
745
746
748
750
752
763
764
782
784
792
797
801
803
823
825
833
835
836
838
839
843
844
847
851
856
857
864
865
868
869
879
887
895
897
899
911
925
926
930
931
934
935
936
938
939
940
945
955
962
968
970
972
973
975
982
984
989
991
993
994
998
999
1002
1003
1005
1006
1010
1013
1018
1019
1025
1031
1032
1040
1047
1050
1051
1052
1055
1059
1061
1069
1076
1079
1085
1089
1104
1105
1111
1114
1122
1123
1126
1128
1130
1131
1140
1143
1144
1146
1154
1155
1156
1158
1159
1163
1166
1168
1182
1183
1190
1191
1200
1201
1202
1206
1207
1208
1211
1212
1216
1218
1220
1221
1222
1236
1242
1247
1250
1254
1259
1261
1262
1264
1268
1272
1279
1283
1296
1301
1303
1304
1306
1307
1313
1322
1325
1336
1340
1343
1345
1349
1351
1355
1357
1361
1382
1385
1387
1390
1396
1403
1410
1414
1417
1423
1424
1441
1443
1452
1455
1462
1468
1471
1475
1477
1480
1481
1482
1483
1485
1491
1496
1501
1510
1516
1523
1538
1545
1551
1552
1554
1555
1558
1559
1566
1573
1576
1577
1578
1589
1591
1594
1596
1597
1598
1604
1607
1613
1617
1619
1621
1625
1632
1634
1636
1639
1646
1649
1653
1658
1665
1667
1677
1678
1680
1685
1689
1694
1698
1701
1705
1706
1707
1709
1714
1715
1717
1719
1723
1724
1728
1729
1730
1734
1739
1746
1747
1753
1754
1756
1762
1769
1772
1779
1786
1789
1790
1806
1814
1818
1825
1826
1827
1834
1836
1839
1841
1852
1868
1870
1872
1875
1880
1884
1885
1890
1894
1897
1901
1902
1907
1909
1916
1917
1926
1930
1934
1936
1943
1945
1947
1959
1962
1969
1975
1977
1981
1985
1986
1987
1988
1991
1992
1996
2002
2003
2004
2005
2007
2009
2012
2013
2015
2016
2017
2018
2022
2023
2024
2025
2027
2028
2030
2032
2033
2034
2035
2036
2037
2040
2041
2042
2043
2044
2047
2048
2049
2050
2051
2052
2054
2055
2056
2057
2058
2059
2061
2062
2065
2066
2067
2068
2069
2070
2071
2072
2073
2074
2075
2076
2077
2079
2082
2083
2084
