1
2
11
13
16
19
23
31
32
35
38
40
42
51
54
57
59
60
62
63
66
70
71
74
80
86
92
94
98
100
103
104
108
109
112
113
118
120
123
124
135
138
147
155
158
160
164
172
175
181
184
187
193
196
202
205
206
213
214
225
229
232
235
242
243
252
253
256
260
265
276
277
280
281
283
286
288
292
294
299
300
312
324
328
329
335
338
340
341
343
346
347
351
360
366
367
374
379
384
386
388
391
393
394
399
404
413
419
420
422
426
427
430
434
437
444
447
454
460
464
465
466
472
481
483
484
489
496
511
515
526
528
539
542
554
555
564
572
578
592
593
595
598
599
603
604
605
606
607
611
618
625
626
629
634
638
648
649
655
663
680
682
687
699
708
710
711
723
729
730
733
735
746
747
754
758
759
764
765
766
773
776
782
787
790
796
797
800
803
808
813
815
817
820
821
823
825
828
835
838
851
860
862
864
869
874
875
876
884
887
895
898
915
923
924
928
930
934
935
936
937
943
954
955
956
958
959
971
977
979
980
982
986
989
990
1001
1006
1011
1014
1016
1018
1020
1024
1037
1039
1040
1047
1053
1055
1060
1062
1063
1077
1078
1079
1087
1089
1097
1103
1113
1118
1122
1126
1128
1132
1133
1143
1145
1146
1149
1160
1169
1184
1187
1190
1191
1192
1194
1202
1203
1211
1212
1215
1216
1217
1220
1228
1229
1231
1250
1252
1254
1268
1269
1283
1290
1294
1298
1299
1300
1301
1302
1304
1305
1321
1323
1328
1336
1343
1352
1357
1370
1385
1390
1395
1404
1414
1420
1423
1433
1444
1447
1454
1455
1456
1457
1461
1463
1464
1469
1475
1477
1486
1489
1494
1495
1505
1507
1515
1520
1533
1538
1539
1550
1557
1558
1566
1567
1573
1574
1588
1592
1593
1600
1606
1611
1614
1618
1620
1624
1625
1635
1640
1641
1647
1651
1654
1657
1662
1667
1669
1671
1675
1681
1683
1684
1687
1690
1693
1696
1705
1710
1722
1730
1733
1748
1752
1754
1755
1756
1762
1763
1764
1765
1767
1773
1783
1784
1786
1787
1789
1802
1803
1808
1809
1818
1821
1824
1827
1838
1839
1844
1845
1847
1855
1858
1863
1869
1881
1883
1895
1897
1900
1905
1907
1909
1918
1920
1926
1931
1933
1934
1944
1950
1953
1954
1960
1962
1965
1970
1971
1972
1973
1974
1978
1981
1982
1987
1992
1996
2000
2002
2003
2004
2007
2008
2009
2010
2011
2012
2013
2014
2015
2016
2017
2018
2021
2022
2023
2024
2025
2026
2027
2028
2029
2030
2031
2032
2033
2034
2036
2037
2038
2039
2040
2043
2045
2046
2047
2048
2049
2050
2051
2052
2053
2054
2055
2057
2058
2059
2060
2061
2063
2064
2065
2067
2068
2069
2070
2071
2073
2074
2075
2076
2078
2079
2080
2081
2082
2083
2084
