3
10
16
53
64
72
88
111
114
139
148
176
177
192
202
206
215
229
243
261
266
267
308
331
348
400
411
420
426
430
455
473
487
489
491
494
501
502
504
523
524
537
574
577
590
610
626
631
632
652
668
674
685
694
699
703
713
720
724
726
736
748
750
797
801
803
818
820
838
856
885
887
898
924
941
956
962
972
982
985
1005
1006
1013
1015
1053
1074
1089
1093
1100
1101
1106
1110
1135
1146
1162
1169
1175
1185
1195
1207
1249
1255
1279
1289
1301
1313
1330
1332
1342
1345
1358
1361
1376
1401
1402
1405
1408
1414
1417
1420
1422
1460
1474
1494
1496
1508
1530
1550
1555
1589
1605
1606
1608
1614
1619
1622
1632
1634
1644
1650
1662
1667
1670
1689
1698
1717
1726
1732
1744
1747
1748
1763
1765
1787
1821
1823
1825
1829
1839
1847
1866
1870
1873
1887
1889
1897
1899
1934
1969
1973
1981
2003
2005
2007
2009
2013
2015
2016
2017
2019
2021
2023
2024
2025
2029
2030
2031
2033
2037
2041
2042
2043
2044
2047
2049
2051
2053
2054
2060
2061
2062
2065
2067
2068
2070
2074
2080
2084
