11
13
18
83
91
106
110
123
127
129
139
158
161
163
164
173
176
186
190
215
224
236
243
252
254
256
277
301
309
316
331
347
380
392
393
397
409
416
418
420
422
424
445
477
481
497
542
544
546
549
550
555
558
559
584
634
638
656
680
707
721
725
732
745
765
767
774
777
784
786
833
864
874
878
882
884
886
903
915
916
928
938
945
964
968
971
976
982
984
1012
1030
1054
1095
1111
1119
1183
1188
1190
1218
1235
1236
1250
1259
1260
1261
1264
1272
1291
1325
1345
1367
1370
1399
1420
1435
1443
1466
1477
1491
1492
1494
1516
1518
1526
1578
1583
1621
1631
1634
1666
1672
1678
1680
1692
1701
1747
1752
1807
1836
1846
1852
1858
1864
1873
1886
1925
1941
1945
1959
1964
1969
1970
1992
1994
1998
1999
2001
2002
2003
2004
2005
2007
2008
2009
2010
2011
2014
2015
2016
2017
2018
2019
2020
2025
2027
2028
2030
2031
2033
2034
2035
2037
2038
2039
2040
2041
2042
2044
2048
2049
2050
2051
2056
2057
2058
2059
2064
2065
2068
2069
2070
2071
2073
2074
2076
2077
2081
2082
