2
8
10
11
15
18
25
28
30
31
37
38
48
49
51
53
59
60
64
66
70
73
76
78
86
89
93
96
97
98
99
106
124
126
133
134
135
142
150
157
166
169
174
177
183
191
192
195
199
200
203
205
206
211
218
220
227
229
236
239
242
243
245
256
257
263
266
268
269
277
278
281
284
292
294
309
311
313
317
318
324
328
329
334
341
342
351
361
362
378
381
384
392
396
400
404
407
409
410
414
416
418
420
422
423
425
429
430
444
448
451
453
466
468
474
479
484
487
495
498
500
501
502
503
517
524
529
535
552
556
561
571
584
596
598
604
609
610
614
617
623
624
625
631
632
634
636
638
641
644
651
652
655
656
671
674
676
683
684
693
696
698
699
701
705
707
710
712
718
720
728
733
743
746
747
748
759
760
763
776
779
783
789
796
799
800
803
814
815
822
824
837
839
840
841
843
851
855
863
864
873
874
880
884
885
886
887
888
899
901
902
904
908
910
916
926
927
928
936
939
942
947
952
953
958
959
960
963
966
967
971
973
974
975
979
980
1008
1011
1012
1017
1018
1022
1024
1028
1029
1035
1037
1044
1062
1065
1067
1068
1070
1072
1073
1074
1081
1085
1086
1088
1095
1096
1098
1099
1107
1110
1117
1119
1120
1126
1134
1136
1137
1138
1143
1145
1150
1156
1161
1165
1169
1180
1185
1187
1188
1196
1197
1209
1211
1212
1215
1216
1218
1221
1222
1223
1227
1240
1243
1250
1254
1262
1265
1266
1268
1269
1273
1274
1279
1281
1286
1292
1297
1299
1301
1304
1306
1309
1311
1313
1323
1325
1327
1330
1331
1345
1346
1347
1357
1359
1367
1370
1374
1380
1381
1382
1388
1390
1398
1410
1419
1422
1423
1429
1431
1438
1440
1446
1448
1453
1457
1462
1469
1475
1477
1483
1488
1492
1494
1496
1498
1516
1517
1518
1520
1526
1527
1535
1540
1544
1549
1550
1556
1558
1564
1567
1571
1572
1573
1582
1585
1602
1605
1617
1618
1619
1620
1622
1623
1625
1631
1639
1651
1653
1662
1664
1666
1668
1669
1671
1673
1675
1677
1683
1689
1699
1700
1702
1705
1710
1721
1726
1734
1743
1746
1747
1752
1754
1758
1765
1768
1777
1780
1787
1792
1794
1801
1803
1805
1816
1822
1827
1839
1840
1841
1842
1859
1861
1865
1879
1881
1897
1900
1904
1905
1907
1909
1913
1914
1917
1921
1928
1931
1934
1938
1942
1944
1956
1958
1962
1964
1970
1973
1982
1990
1994
1998
1999
2003
2004
2007
2008
2009
2014
2015
2017
2018
2019
2020
2021
2025
2027
2028
2029
2030
2031
2032
2038
2039
2040
2041
2042
2044
2045
2047
2049
2050
2052
2053
2054
2055
2056
2057
2060
2062
2064
2065
2066
2067
2068
2069
2070
2071
2072
2073
2076
2077
2078
2080
2082
2084
