0
1
9
10
11
12
13
17
18
22
23
24
28
29
31
33
34
35
36
38
41
42
43
44
46
49
53
54
56
58
60
61
63
64
67
69
72
74
75
77
79
81
89
90
92
93
98
104
106
107
108
110
111
112
113
115
116
118
120
121
125
126
128
129
130
131
133
136
137
139
142
143
145
148
149
150
151
152
153
155
156
157
158
161
162
164
167
169
172
176
179
181
183
185
186
188
190
196
199
200
201
204
206
210
211
212
214
215
217
218
222
224
226
227
228
229
230
231
235
236
241
243
244
246
247
249
250
251
252
258
259
260
263
264
265
267
270
273
274
275
277
278
281
282
284
286
289
290
294
295
297
299
301
306
308
309
311
313
314
315
316
319
324
328
329
330
331
332
333
339
343
344
346
348
350
355
357
360
361
365
366
367
369
373
375
377
381
383
386
389
390
391
392
393
395
398
399
400
404
405
408
409
420
422
424
429
430
431
432
433
434
435
436
437
438
439
443
451
455
460
461
463
464
465
466
467
468
469
472
473
474
475
477
478
481
485
486
487
488
489
490
491
492
493
495
499
501
502
503
505
509
510
511
515
516
518
519
521
522
523
524
526
528
529
531
532
533
534
535
536
537
541
542
543
544
545
546
547
548
549
550
552
553
556
558
564
566
568
570
573
578
579
580
582
583
585
590
593
595
598
599
600
602
606
607
608
610
612
613
617
619
621
623
624
626
627
629
630
634
636
638
639
641
642
646
650
651
655
657
658
660
661
663
665
666
667
668
669
671
672
674
676
677
678
679
680
681
683
684
686
687
688
691
700
701
702
706
708
710
714
715
716
717
719
720
721
722
723
728
729
730
731
738
741
745
749
752
753
755
756
758
760
761
763
764
767
772
774
776
777
778
779
782
783
784
789
790
792
795
796
797
799
806
808
813
814
815
816
818
821
823
828
832
836
837
838
839
840
843
844
845
854
855
857
858
859
862
863
864
867
869
870
874
875
878
880
882
884
886
887
888
889
892
896
897
898
899
901
904
905
906
911
912
915
920
929
931
933
935
938
939
941
943
947
948
953
954
956
957
960
961
962
964
965
968
969
972
974
976
977
978
980
981
982
983
984
985
987
990
991
993
994
995
996
1002
1003
1005
1007
1012
1013
1015
1018
1019
1020
1021
1023
1024
1025
1027
1028
1029
1030
1031
1034
1035
1037
1039
1040
1041
1042
1044
1046
1047
1048
1049
1051
1054
1056
1058
1061
1062
1064
1066
1067
1068
1075
1076
1078
1080
1081
1082
1084
1086
1087
1089
1090
1092
1093
1095
1101
1102
1103
1104
1108
1109
1110
1111
1120
1121
1124
1126
1130
1132
1133
1137
1141
1142
1144
1147
1148
1149
1151
1156
1157
1159
1160
1164
1167
1168
1170
1172
1174
1175
1176
1177
1178
1180
1181
1184
1186
1187
1188
1190
1191
1193
1194
1195
1199
1200
1201
1203
1204
1206
1208
1211
1212
1218
1220
1221
1222
1223
1224
1226
1228
1229
1232
1236
1238
1242
1244
1245
1246
1248
1249
1251
1254
1255
1256
1260
1261
1264
1268
1270
1271
1272
1275
1277
1278
1279
1282
1285
1288
1290
1292
1293
1296
1300
1301
1302
1305
1307
1308
1311
1322
1323
1324
1325
1326
1328
1329
1330
1331
1337
1340
1341
1342
1343
1344
1345
1351
1352
1354
1355
1357
1359
1362
1366
1370
1371
1372
1374
1375
1376
1377
1379
1382
1387
1394
1395
1396
1399
1400
1401
1403
1404
1405
1406
1407
1409
1410
1413
1415
1417
1419
1420
1424
1425
1426
1427
1429
1433
1434
1442
1443
1444
1446
1448
1450
1452
1454
1456
1458
1459
1468
1471
1472
1475
1476
1477
1478
1483
1486
1488
1491
1492
1493
1498
1499
1507
1508
1512
1513
1515
1516
1518
1520
1522
1524
1526
1527
1529
1530
1531
1533
1534
1535
1538
1539
1548
1554
1557
1559
1561
1563
1565
1568
1570
1572
1574
1575
1578
1587
1591
1592
1594
1595
1596
1599
1602
1604
1606
1608
1613
1616
1617
1618
1619
1621
1622
1623
1626
1629
1630
1632
1636
1638
1639
1640
1642
1644
1645
1647
1648
1649
1650
1652
1656
1657
1660
1665
1671
1672
1675
1676
1677
1680
1682
1683
1686
1688
1691
1692
1696
1697
1701
1703
1705
1706
1707
1708
1709
1710
1712
1713
1714
1715
1716
1717
1719
1720
1723
1724
1725
1726
1728
1730
1732
1734
1735
1738
1742
1744
1747
1749
1750
1752
1754
1758
1762
1763
1764
1765
1769
1771
1773
1779
1781
1784
1787
1788
1790
1792
1794
1796
1800
1806
1807
1808
1810
1812
1813
1815
1816
1817
1818
1820
1821
1822
1825
1829
1833
1834
1838
1839
1841
1842
1844
1846
1850
1852
1855
1858
1861
1864
1865
1866
1867
1870
1872
1873
1875
1877
1881
1883
1891
1892
1894
1895
1896
1897
1898
1899
1902
1903
1904
1905
1908
1914
1915
1918
1919
1921
1922
1925
1926
1928
1930
1931
1932
1934
1935
1937
1939
1941
1942
1944
1945
1948
1953
1954
1955
1956
1958
1959
1960
1961
1962
1963
1964
1965
1969
1970
1971
1972
1973
1975
1980
1981
1987
1988
1990
1991
1994
1997
2000
2001
2003
2004
2005
2006
2007
2008
2009
2010
2011
2012
2013
2014
2016
2017
2018
2019
2020
2021
2022
2024
2026
2028
2029
2030
2031
2032
2033
2034
2035
2036
2038
2040
2041
2042
2043
2044
2045
2047
2048
2049
2050
2051
2054
2055
2056
2057
2058
2059
2061
2063
2064
2067
2068
2069
2070
2071
2072
2073
2074
2075
2077
2078
2079
2081
2082
2084
