1
6
11
23
25
30
33
38
43
49
51
54
62
70
74
82
83
89
91
97
98
102
106
110
116
118
119
121
123
127
131
135
137
142
144
150
157
158
163
172
173
176
182
184
185
192
197
199
201
204
205
209
211
215
216
217
232
233
234
238
242
249
251
256
267
281
289
294
297
300
301
317
318
324
326
327
328
334
337
355
361
363
366
371
376
377
383
385
386
390
392
394
395
407
409
410
411
412
414
415
418
419
420
422
429
430
435
443
445
447
449
453
462
466
468
471
472
476
477
481
487
489
492
503
505
509
513
519
521
523
524
529
536
542
546
547
550
555
558
559
565
572
578
580
588
590
591
593
596
605
607
611
617
619
627
631
632
637
638
640
642
643
649
651
656
657
660
669
670
675
680
685
686
697
705
708
715
722
728
730
731
737
745
748
751
754
759
760
762
774
776
777
778
784
792
801
813
814
824
828
838
839
843
845
851
856
858
861
862
870
878
887
890
893
895
898
899
902
905
910
920
923
926
928
938
943
945
947
959
960
962
975
982
993
994
1002
1007
1011
1013
1019
1046
1047
1052
1058
1062
1063
1070
1071
1073
1076
1082
1086
1096
1099
1101
1110
1114
1122
1133
1134
1144
1145
1147
1148
1150
1151
1157
1160
1161
1181
1183
1193
1196
1211
1212
1216
1220
1221
1223
1228
1233
1235
1237
1241
1242
1248
1249
1250
1254
1257
1259
1272
1275
1284
1285
1286
1291
1301
1303
1306
1311
1322
1325
1329
1330
1343
1347
1356
1367
1370
1380
1382
1390
1395
1397
1399
1404
1409
1410
1412
1413
1424
1425
1427
1429
1432
1433
1434
1437
1438
1440
1442
1443
1455
1475
1477
1480
1483
1487
1488
1491
1494
1496
1503
1505
1513
1516
1518
1528
1532
1537
1539
1543
1548
1553
1572
1573
1574
1576
1577
1590
1599
1605
1611
1616
1618
1631
1634
1641
1656
1658
1662
1663
1664
1665
1672
1674
1684
1690
1691
1699
1705
1707
1708
1712
1713
1714
1717
1718
1724
1730
1731
1737
1741
1745
1748
1752
1756
1758
1760
1761
1763
1765
1767
1772
1783
1788
1794
1797
1802
1804
1822
1826
1834
1839
1846
1848
1852
1857
1858
1864
1866
1867
1868
1871
1875
1883
1886
1891
1904
1905
1909
1918
1920
1921
1925
1930
1934
1937
1943
1945
1950
1959
1960
1965
1974
1976
1982
1984
1994
1996
1998
2000
2001
2002
2004
2008
2010
2011
2012
2014
2015
2016
2017
2018
2019
2020
2021
2023
2024
2025
2026
2027
2028
2029
2030
2031
2032
2033
2034
2035
2036
2037
2038
2039
2040
2041
2042
2044
2045
2046
2047
2048
2049
2050
2051
2053
2054
2055
2058
2059
2061
2062
2064
2065
2067
2068
2069
2070
2071
2072
2073
2075
2076
2077
2079
2080
2081
2082
2083
2084
