0
1
5
16
20
26
38
41
56
57
67
72
74
88
124
130
143
151
164
177
185
188
219
225
228
243
247
250
270
284
295
308
331
336
342
354
359
361
387
389
392
400
408
411
420
421
433
481
490
491
496
532
533
534
544
546
554
579
582
594
595
598
610
613
617
626
629
635
651
686
699
719
743
746
776
781
801
820
825
827
833
843
861
864
875
878
893
901
902
908
919
929
936
937
941
956
967
968
981
1006
1013
1014
1035
1041
1074
1079
1111
1124
1127
1148
1166
1175
1177
1180
1185
1195
1197
1200
1207
1231
1249
1254
1270
1284
1287
1301
1305
1310
1324
1330
1342
1345
1361
1389
1398
1399
1415
1421
1446
1496
1501
1506
1527
1568
1575
1576
1578
1594
1616
1644
1645
1650
1660
1666
1688
1705
1723
1739
1789
1807
1808
1850
1869
1882
1901
1904
1909
1913
1943
1969
1983
2001
2003
2004
2005
2007
2008
2009
2013
2015
2016
2019
2022
2024
2028
2030
2031
2034
2039
2041
2043
2044
2047
2048
2049
2050
2052
2054
2056
2057
2063
2072
2074
2076
2080
2081
2083
2084
