2
3
5
11
17
18
24
26
28
31
35
37
38
42
52
60
66
69
78
79
81
82
83
85
91
94
102
107
113
116
118
121
123
128
129
130
131
136
137
138
139
141
142
144
146
149
150
153
158
167
170
175
177
199
205
212
231
239
252
257
274
279
283
292
294
296
297
298
301
310
317
318
322
324
331
336
340
343
345
359
362
368
373
379
390
393
395
396
404
409
414
418
419
420
422
424
426
428
433
434
442
445
450
454
455
458
462
463
474
475
479
482
486
487
494
495
496
497
508
509
513
518
521
526
528
529
531
533
534
539
541
542
549
559
560
561
564
574
577
578
584
593
594
596
598
604
605
607
612
615
621
622
627
631
632
634
638
641
650
652
655
657
663
672
676
680
683
691
693
701
707
708
709
715
718
721
723
728
730
734
736
741
744
745
747
751
761
765
766
769
770
777
780
783
785
786
790
794
796
801
803
809
821
823
824
825
831
836
838
844
848
850
858
866
868
869
871
877
878
880
886
891
893
899
902
905
908
910
913
915
917
921
924
934
936
957
968
971
976
978
979
981
982
984
985
994
1000
1001
1008
1012
1019
1020
1023
1025
1027
1028
1037
1039
1046
1058
1061
1067
1075
1078
1079
1081
1104
1110
1118
1119
1120
1124
1132
1139
1140
1141
1166
1178
1181
1182
1186
1187
1188
1190
1195
1196
1202
1205
1217
1218
1220
1231
1234
1239
1246
1255
1265
1267
1269
1278
1281
1286
1302
1304
1305
1306
1325
1327
1328
1330
1336
1342
1345
1352
1366
1370
1372
1375
1378
1387
1388
1390
1391
1395
1404
1412
1421
1425
1432
1437
1441
1449
1450
1455
1461
1471
1473
1475
1476
1477
1481
1482
1483
1491
1493
1501
1505
1507
1508
1509
1512
1521
1531
1537
1555
1558
1564
1572
1578
1582
1583
1588
1591
1593
1597
1600
1601
1610
1611
1614
1618
1620
1624
1627
1634
1636
1639
1655
1656
1658
1660
1663
1664
1668
1673
1674
1684
1686
1689
1691
1693
1703
1710
1718
1724
1730
1737
1738
1739
1745
1751
1753
1755
1756
1759
1763
1765
1768
1771
1778
1783
1784
1787
1788
1808
1812
1819
1821
1824
1831
1833
1835
1838
1839
1845
1848
1855
1860
1861
1863
1864
1867
1876
1881
1885
1887
1898
1900
1906
1908
1913
1916
1923
1924
1930
1931
1933
1941
1945
1947
1948
1956
1958
1964
1965
1970
1973
1975
1976
1978
1979
1984
1986
1994
1999
2000
2002
2004
2009
2012
2015
2016
2019
2020
2024
2026
2027
2028
2030
2031
2033
2034
2035
2036
2037
2038
2039
2040
2041
2042
2043
2044
2046
2047
2050
2052
2053
2054
2055
2056
2058
2059
2060
2062
2063
2064
2065
2066
2067
2068
2070
2072
2073
2076
2077
2078
2079
2080
2081
2082
2083
