0
6
14
18
19
23
28
35
39
48
51
53
55
58
59
69
75
78
88
92
94
99
104
113
116
117
123
125
126
127
131
137
143
147
148
150
166
167
168
171
175
177
181
183
196
208
209
217
218
221
228
229
231
237
243
248
251
259
264
266
269
274
275
276
277
285
287
288
292
295
296
297
300
301
308
315
318
319
330
335
342
347
348
351
354
360
361
362
364
365
373
381
383
385
389
400
409
410
412
416
417
427
430
439
445
447
463
472
477
480
481
484
490
491
497
499
501
503
504
508
513
517
519
527
537
541
543
544
545
547
554
555
558
567
573
574
581
588
589
593
595
610
614
618
619
622
624
625
627
635
638
639
644
655
657
659
663
669
670
676
678
681
683
684
686
689
696
698
699
709
713
718
721
722
727
728
732
733
743
745
751
761
766
767
769
773
778
779
784
786
788
805
820
826
839
843
850
851
859
860
861
864
876
879
881
887
892
893
895
896
902
910
911
913
914
915
917
919
924
929
931
934
937
940
952
957
958
962
975
976
978
980
981
985
987
988
997
1001
1002
1003
1015
1021
1022
1031
1032
1035
1038
1057
1058
1068
1069
1075
1077
1079
1090
1094
1100
1103
1108
1119
1121
1122
1124
1127
1138
1144
1147
1149
1155
1158
1165
1167
1168
1171
1173
1183
1186
1187
1191
1197
1201
1204
1209
1212
1218
1220
1225
1227
1228
1231
1240
1244
1246
1249
1252
1258
1260
1264
1265
1281
1285
1286
1287
1289
1293
1295
1301
1302
1303
1304
1307
1312
1318
1321
1322
1323
1327
1333
1345
1348
1359
1372
1380
1388
1403
1404
1406
1408
1426
1437
1443
1446
1449
1455
1462
1469
1472
1474
1478
1483
1490
1491
1494
1495
1504
1505
1507
1510
1513
1515
1516
1522
1525
1529
1536
1538
1540
1552
1557
1565
1566
1573
1575
1578
1579
1582
1583
1590
1593
1594
1595
1597
1604
1609
1610
1615
1617
1619
1626
1627
1630
1638
1639
1648
1651
1655
1663
1665
1668
1669
1674
1676
1678
1687
1688
1697
1699
1700
1705
1707
1709
1710
1712
1720
1730
1741
1743
1747
1748
1751
1758
1759
1766
1768
1773
1774
1775
1787
1789
1794
1798
1806
1830
1831
1838
1842
1843
1850
1852
1856
1861
1862
1866
1876
1877
1879
1882
1888
1893
1895
1896
1897
1898
1899
1903
1906
1907
1909
1913
1918
1920
1922
1926
1930
1943
1953
1961
1963
1965
1967
1974
1979
1987
1993
1996
1997
1998
2000
2001
2003
2004
2005
2007
2008
2010
2011
2012
2013
2015
2016
2019
2020
2021
2023
2026
2027
2028
2031
2032
2033
2035
2040
2041
2042
2043
2044
2045
2047
2048
2049
2050
2051
2055
2056
2057
2058
2059
2062
2063
2064
2067
2068
2069
2070
2071
2074
2076
2077
2079
2081
2082
