1
2
3
4
5
8
10
11
12
13
14
15
18
19
20
21
22
25
28
29
30
31
32
35
40
42
45
47
48
51
52
53
55
56
60
61
64
68
69
70
71
73
75
76
84
86
87
90
91
93
97
99
101
102
105
106
110
111
112
113
115
117
120
121
123
124
126
128
129
131
132
135
136
138
139
143
145
146
147
148
150
152
155
158
162
163
167
168
170
171
172
175
176
177
178
179
181
183
187
188
189
190
191
192
194
195
196
199
202
204
205
206
209
213
214
215
216
223
225
227
228
231
235
236
241
244
245
246
247
251
252
253
257
259
260
262
263
265
266
267
274
275
277
279
280
285
288
290
292
294
295
297
301
304
305
306
308
309
310
311
312
316
319
323
326
328
332
333
334
336
338
340
342
344
347
349
353
354
355
357
358
360
363
364
365
367
369
370
371
373
375
376
377
378
379
382
383
384
386
392
394
395
399
400
401
403
404
405
406
407
410
411
412
418
421
422
423
425
429
430
433
435
438
439
440
441
443
445
449
450
451
454
455
456
457
462
463
466
467
469
470
472
479
480
481
482
487
488
489
490
491
492
493
494
498
501
502
503
504
505
510
511
513
516
521
524
526
529
531
538
541
542
543
544
545
546
547
549
550
552
553
555
558
559
561
564
567
568
574
576
577
579
580
582
583
584
585
587
590
591
593
594
595
601
602
603
605
606
607
609
610
611
614
615
616
617
619
622
623
625
634
638
641
642
643
646
649
650
656
657
658
660
663
666
670
671
672
678
682
684
686
688
689
693
694
695
698
699
700
705
713
717
721
722
723
725
727
728
730
733
735
737
739
743
744
745
746
748
749
751
752
754
755
757
762
763
767
769
771
772
775
776
777
778
781
782
783
784
785
792
794
802
803
807
808
810
814
815
818
820
823
824
826
829
830
833
835
839
842
843
845
846
848
850
852
855
856
860
864
865
867
868
869
875
878
881
882
883
884
886
888
889
893
895
899
901
902
904
909
910
912
914
915
918
920
923
924
925
928
930
932
933
934
935
937
939
940
943
945
946
947
949
951
952
957
958
962
963
964
968
972
973
974
976
977
978
979
981
985
986
989
990
992
993
994
995
996
997
998
1000
1002
1005
1006
1007
1008
1010
1011
1012
1013
1014
1016
1019
1020
1021
1022
1025
1027
1030
1031
1033
1035
1036
1038
1042
1044
1045
1046
1047
1049
1050
1052
1053
1057
1058
1059
1061
1062
1064
1067
1068
1071
1072
1073
1074
1077
1080
1081
1082
1083
1088
1089
1090
1092
1093
1094
1096
1098
1100
1102
1105
1106
1110
1111
1112
1114
1115
1118
1121
1122
1125
1127
1129
1130
1133
1135
1138
1139
1142
1143
1146
1148
1149
1152
1153
1155
1156
1157
1159
1164
1166
1167
1170
1172
1174
1176
1177
1178
1179
1180
1181
1184
1187
1188
1191
1195
1197
1198
1201
1203
1205
1208
1212
1213
1216
1217
1218
1220
1222
1223
1225
1226
1231
1233
1234
1235
1236
1238
1240
1241
1244
1245
1246
1249
1250
1251
1254
1260
1263
1266
1268
1269
1274
1275
1276
1277
1278
1280
1281
1282
1283
1284
1285
1287
1288
1294
1295
1298
1299
1301
1302
1306
1309
1310
1311
1312
1313
1315
1317
1318
1324
1329
1330
1333
1334
1335
1338
1339
1341
1342
1343
1344
1345
1346
1348
1350
1351
1352
1356
1357
1366
1367
1369
1370
1371
1374
1376
1379
1380
1382
1388
1392
1393
1394
1396
1397
1398
1399
1404
1406
1410
1414
1420
1423
1424
1425
1429
1431
1432
1436
1439
1441
1442
1443
1444
1446
1451
1454
1455
1457
1460
1461
1462
1463
1464
1467
1468
1470
1474
1475
1477
1479
1480
1483
1484
1485
1488
1490
1494
1496
1497
1498
1499
1502
1503
1504
1505
1507
1509
1510
1511
1514
1524
1526
1529
1533
1535
1537
1538
1542
1543
1544
1545
1550
1551
1552
1554
1559
1560
1561
1566
1568
1572
1573
1574
1576
1582
1584
1585
1586
1587
1588
1589
1596
1601
1603
1604
1605
1606
1607
1609
1610
1612
1613
1614
1617
1618
1620
1621
1623
1624
1626
1627
1632
1633
1634
1635
1636
1637
1642
1644
1645
1646
1647
1649
1652
1653
1654
1657
1659
1660
1662
1663
1666
1667
1669
1670
1672
1675
1676
1678
1680
1686
1689
1690
1691
1693
1694
1699
1701
1702
1706
1709
1712
1713
1715
1716
1719
1720
1723
1724
1728
1732
1734
1738
1741
1743
1744
1745
1748
1749
1751
1752
1756
1757
1758
1760
1761
1763
1765
1768
1772
1773
1775
1776
1778
1780
1784
1787
1788
1791
1792
1793
1795
1797
1798
1801
1805
1806
1807
1808
1812
1814
1817
1820
1824
1826
1828
1829
1831
1834
1838
1839
1840
1843
1844
1846
1850
1852
1856
1857
1858
1859
1861
1864
1865
1866
1867
1870
1876
1877
1879
1881
1882
1887
1889
1890
1891
1892
1894
1895
1896
1897
1898
1904
1905
1907
1908
1909
1910
1913
1915
1917
1919
1920
1922
1926
1927
1930
1935
1938
1939
1940
1943
1944
1945
1951
1953
1957
1960
1962
1963
1966
1967
1971
1972
1973
1977
1978
1980
1981
1984
1985
1988
1989
1990
1991
1992
1994
1997
1998
2000
2001
2004
2005
2007
2008
2009
2010
2011
2012
2013
2015
2017
2020
2021
2022
2023
2024
2025
2026
2027
2028
2029
2030
2031
2032
2033
2035
2037
2038
2039
2040
2041
2042
2043
2044
2046
2047
2049
2051
2052
2055
2056
2058
2059
2061
2063
2065
2067
2068
2069
2070
2071
2072
2076
2077
2078
2079
2080
2081
2083
2084
