0
1
18
23
24
31
38
41
44
46
49
53
58
60
64
69
75
79
89
93
104
106
107
108
110
111
115
126
128
130
136
139
142
143
145
148
150
155
156
157
162
164
176
179
181
183
185
196
199
201
210
212
215
217
218
222
226
231
241
243
244
247
249
250
251
258
267
273
274
275
277
282
284
286
289
295
301
306
308
311
314
316
330
331
339
344
355
357
366
369
383
386
390
400
405
422
430
434
435
437
438
439
460
461
465
466
469
473
474
475
477
478
485
487
488
491
493
495
499
501
505
511
518
519
521
531
532
533
534
535
536
541
542
543
544
545
546
550
552
553
558
566
568
570
573
580
582
595
598
602
610
612
624
626
630
638
641
642
657
658
661
665
667
671
676
679
688
714
715
716
717
720
721
723
728
731
738
741
752
753
755
756
758
760
761
764
767
777
778
779
782
784
795
797
799
808
813
836
837
838
840
844
858
859
862
863
864
869
874
875
878
882
887
888
889
892
898
905
911
912
915
929
931
941
943
947
948
954
957
960
962
965
969
972
974
976
980
982
983
984
987
990
991
995
1002
1003
1005
1012
1018
1019
1021
1024
1028
1029
1034
1037
1041
1048
1054
1061
1066
1071
1080
1081
1093
1101
1103
1110
1124
1126
1130
1132
1133
1142
1144
1147
1149
1159
1160
1167
1168
1170
1172
1175
1176
1178
1180
1181
1184
1187
1191
1194
1203
1206
1211
1212
1220
1222
1224
1226
1228
1246
1249
1251
1254
1261
1264
1268
1272
1277
1279
1300
1301
1305
1311
1322
1323
1324
1328
1329
1337
1343
1351
1355
1357
1359
1362
1370
1371
1374
1376
1394
1395
1396
1401
1403
1405
1409
1413
1419
1425
1426
1427
1429
1434
1444
1446
1452
1458
1471
1475
1477
1478
1486
1491
1492
1493
1512
1516
1518
1524
1529
1530
1533
1534
1538
1548
1559
1563
1565
1574
1575
1591
1604
1606
1613
1616
1619
1623
1626
1629
1636
1640
1644
1647
1649
1650
1671
1672
1676
1682
1688
1696
1697
1701
1703
1706
1707
1708
1715
1716
1717
1720
1728
1738
1742
1744
1747
1749
1750
1752
1762
1763
1765
1773
1784
1788
1808
1812
1813
1816
1818
1820
1821
1822
1829
1834
1838
1839
1846
1850
1852
1866
1867
1870
1883
1891
1895
1896
1897
1899
1902
1905
1914
1915
1918
1925
1930
1931
1932
1934
1942
1945
1948
1954
1955
1956
1958
1959
1960
1970
1971
1975
1980
1981
1987
1994
1997
2001
2003
2004
2006
2007
2008
2009
2010
2011
2013
2017
2019
2020
2021
2024
2026
2028
2029
2030
2031
2032
2033
2034
2035
2038
2040
2041
2042
2043
2044
2045
2048
2049
2054
2055
2056
2057
2058
2059
2061
2063
2064
2067
2068
2069
2070
2071
2074
2077
2079
2081
2082
2084
