3
5
6
10
15
18
21
25
28
29
31
38
40
51
60
62
64
66
73
74
75
77
78
83
85
90
101
104
113
118
125
128
130
132
135
136
149
152
153
154
161
167
172
173
177
186
190
191
199
207
213
215
218
220
223
225
231
241
245
249
250
251
252
253
255
257
261
265
275
287
288
289
292
313
318
324
336
345
346
353
363
376
378
379
384
385
387
392
399
400
404
407
414
421
423
424
425
430
436
437
440
448
478
486
489
492
494
495
496
499
502
505
506
508
509
513
519
520
523
524
526
528
529
534
541
542
543
545
549
563
564
568
579
581
584
585
591
598
603
605
609
613
633
635
643
655
676
677
683
685
690
692
693
697
698
705
708
710
714
715
722
723
724
729
731
737
742
743
747
748
752
753
763
764
768
780
791
797
804
822
837
838
839
840
841
848
859
860
864
869
873
880
882
884
886
892
893
895
899
902
905
907
908
909
910
921
924
930
932
934
943
945
946
948
955
962
967
972
973
974
976
978
983
984
988
993
994
995
998
1000
1005
1006
1007
1008
1012
1014
1016
1019
1025
1027
1028
1037
1055
1061
1066
1068
1081
1086
1089
1094
1096
1100
1102
1103
1106
1111
1116
1122
1133
1134
1140
1143
1144
1148
1153
1164
1166
1170
1171
1172
1178
1180
1181
1197
1198
1199
1201
1212
1216
1218
1223
1227
1229
1237
1244
1249
1250
1253
1254
1259
1261
1262
1268
1270
1274
1276
1280
1282
1286
1292
1300
1302
1305
1306
1313
1321
1327
1328
1337
1343
1347
1349
1353
1354
1358
1359
1366
1370
1372
1374
1379
1383
1393
1395
1396
1399
1407
1421
1434
1443
1447
1455
1459
1460
1461
1463
1475
1484
1489
1496
1500
1501
1514
1516
1524
1532
1555
1556
1557
1564
1567
1569
1576
1577
1578
1584
1585
1587
1588
1590
1592
1596
1604
1610
1614
1619
1629
1634
1636
1642
1651
1652
1656
1662
1663
1664
1669
1670
1672
1674
1675
1677
1686
1687
1688
1693
1710
1712
1713
1714
1721
1725
1726
1730
1733
1734
1737
1746
1747
1748
1756
1762
1765
1766
1769
1773
1788
1789
1790
1793
1800
1812
1813
1819
1826
1834
1835
1837
1838
1839
1844
1856
1859
1864
1866
1867
1868
1870
1871
1872
1879
1882
1884
1887
1894
1896
1902
1905
1917
1918
1922
1925
1927
1932
1934
1935
1936
1942
1945
1947
1948
1957
1970
1972
1984
1990
1992
1993
1994
2000
2001
2003
2004
2005
2007
2008
2010
2011
2012
2013
2016
2017
2018
2019
2020
2022
2023
2026
2027
2028
2030
2034
2035
2036
2037
2038
2039
2041
2042
2043
2044
2045
2046
2047
2048
2049
2050
2052
2054
2055
2057
2058
2059
2061
2062
2063
2064
2065
2068
2069
2070
2071
2072
2073
2074
2075
2076
2077
2079
2082
2084
