0
2
11
12
13
17
19
24
25
28
29
33
37
41
42
43
64
68
73
81
83
88
93
100
105
106
107
121
122
130
138
139
142
151
162
166
167
170
175
176
179
180
188
191
192
196
199
200
205
223
225
237
243
249
250
252
263
265
268
269
273
275
278
281
282
286
287
290
291
295
300
308
309
312
317
324
325
330
333
335
336
339
341
348
350
351
352
353
359
360
395
398
399
400
426
428
429
430
432
435
438
443
445
452
454
462
474
481
484
485
487
491
492
494
498
499
500
504
506
515
517
524
527
534
535
541
544
545
556
558
559
561
563
570
573
574
582
586
593
596
597
601
611
613
615
617
625
628
631
642
651
654
657
661
666
669
676
681
685
686
688
695
696
712
727
729
732
738
743
746
752
762
776
778
779
783
788
789
791
794
799
812
820
823
824
825
827
831
838
844
847
851
853
858
863
866
869
874
878
883
885
886
887
899
902
905
908
911
915
919
920
922
923
929
931
936
937
940
945
946
948
954
957
960
963
966
968
969
970
972
976
987
991
1002
1003
1005
1007
1012
1015
1018
1020
1028
1033
1040
1043
1049
1050
1051
1061
1062
1067
1074
1077
1080
1089
1090
1092
1097
1099
1100
1105
1119
1121
1122
1127
1133
1135
1137
1143
1153
1160
1171
1174
1179
1180
1183
1185
1190
1191
1192
1194
1197
1203
1206
1208
1211
1215
1218
1223
1228
1235
1240
1242
1244
1250
1254
1259
1261
1262
1264
1268
1276
1279
1292
1298
1300
1301
1305
1308
1313
1315
1320
1329
1332
1333
1336
1338
1339
1340
1343
1363
1365
1367
1370
1372
1374
1375
1380
1381
1383
1385
1388
1392
1398
1399
1401
1414
1417
1418
1419
1420
1426
1432
1434
1435
1438
1442
1454
1461
1463
1470
1471
1475
1476
1483
1486
1491
1492
1496
1499
1501
1502
1504
1508
1512
1520
1523
1528
1529
1530
1533
1536
1537
1539
1540
1550
1552
1563
1567
1576
1577
1578
1580
1582
1585
1592
1595
1605
1613
1617
1624
1629
1634
1639
1656
1658
1677
1679
1683
1686
1691
1692
1700
1707
1709
1723
1725
1730
1737
1744
1747
1748
1750
1755
1762
1764
1768
1771
1777
1778
1779
1789
1790
1795
1797
1817
1818
1825
1830
1833
1834
1842
1847
1848
1852
1859
1866
1867
1868
1872
1873
1874
1876
1882
1887
1892
1895
1901
1903
1907
1909
1913
1915
1924
1928
1936
1939
1941
1944
1945
1950
1953
1959
1960
1962
1972
1975
1981
1985
1991
1994
2000
2003
2005
2007
2008
2011
2013
2014
2015
2019
2021
2022
2023
2025
2026
2027
2028
2031
2032
2034
2038
2040
2042
2043
2044
2047
2049
2050
2052
2054
2055
2056
2057
2059
2061
2063
2064
2065
2067
2068
2070
2072
2073
2074
2078
2079
2080
2081
2083
2084
