2
22
56
73
91
93
97
129
130
136
146
150
157
160
163
181
202
225
236
244
253
260
276
281
283
288
300
301
315
326
339
361
367
369
376
390
404
413
429
450
481
482
497
499
515
518
545
546
555
561
568
569
591
594
598
600
620
646
676
691
704
728
743
752
759
792
801
819
826
833
838
862
874
877
886
887
911
918
928
934
937
938
966
977
980
990
997
1004
1018
1019
1039
1043
1044
1063
1064
1089
1105
1109
1115
1119
1144
1145
1153
1156
1180
1212
1213
1220
1231
1255
1318
1322
1343
1366
1370
1385
1398
1405
1406
1417
1435
1456
1462
1471
1491
1519
1521
1535
1545
1565
1599
1600
1641
1671
1687
1696
1705
1717
1718
1722
1731
1734
1744
1750
1767
1770
1772
1780
1783
1787
1790
1795
1806
1824
1827
1839
1841
1852
1864
1898
1918
1923
1933
1945
1960
1962
1965
1968
1969
1970
1972
1996
2000
2002
2005
2007
2012
2013
2017
2023
2024
2025
2026
2027
2031
2034
2037
2039
2040
2041
2042
2049
2050
2051
2052
2053
2055
2057
2059
2060
2061
2062
2065
2073
2075
2076
2081
2083
