0
1
2
3
4
5
6
11
12
13
15
16
17
18
19
20
21
22
23
24
25
26
28
29
31
32
33
35
36
38
39
41
43
44
45
46
47
48
50
51
53
54
55
56
57
59
60
61
64
66
68
69
71
72
73
74
75
76
77
78
79
80
82
83
84
85
86
87
88
89
90
91
92
93
94
95
98
99
100
101
102
104
105
108
109
110
111
113
114
116
118
119
120
121
122
124
126
127
129
130
131
132
133
134
135
136
137
138
141
142
143
144
145
146
147
148
149
150
151
152
153
155
156
157
158
160
161
162
163
164
166
167
169
170
171
172
173
174
175
176
177
178
179
181
182
183
184
187
189
191
192
194
195
197
198
199
202
204
205
206
207
209
210
213
214
215
216
217
218
219
220
222
223
224
225
226
227
228
230
231
233
234
235
237
238
239
240
241
242
243
244
245
247
248
249
250
252
253
257
260
261
263
264
265
266
267
269
270
271
272
274
275
276
278
281
282
283
284
285
287
288
289
290
291
292
293
294
295
296
297
300
301
302
303
304
305
306
307
308
310
313
314
315
316
317
319
320
322
323
324
325
327
328
329
330
331
332
333
334
336
338
339
340
341
342
343
345
347
348
349
350
351
352
353
354
355
356
357
358
360
362
364
365
366
367
369
370
371
372
373
374
375
376
377
378
379
380
383
384
385
386
387
389
391
393
394
395
396
398
399
400
401
402
403
404
405
409
410
411
412
416
417
419
420
421
424
426
427
428
429
430
431
432
433
434
437
438
439
441
445
446
447
448
449
451
453
454
456
457
458
459
461
462
463
464
465
466
467
468
469
470
474
475
477
478
479
481
482
483
484
485
486
487
488
489
490
491
493
494
495
496
497
498
500
501
502
503
504
505
508
509
511
512
513
514
515
516
517
518
519
521
522
523
525
526
527
530
531
532
533
534
535
538
539
543
544
545
546
547
548
549
550
553
554
555
556
558
559
561
563
564
567
570
571
572
573
574
575
576
578
579
581
583
584
585
586
587
588
591
592
593
594
595
596
597
598
599
600
601
603
604
605
607
608
609
610
611
612
614
616
617
619
620
621
622
624
625
626
627
628
629
630
632
633
636
638
639
642
643
645
646
647
648
649
651
652
653
654
655
656
657
658
659
660
661
662
663
665
666
667
668
670
671
672
673
677
678
679
682
683
684
685
688
690
691
692
695
698
700
701
703
704
705
706
707
708
710
712
713
714
715
717
718
719
720
721
722
723
724
725
726
729
731
732
733
734
735
736
737
739
741
742
744
745
746
747
748
749
750
751
752
753
754
755
756
758
759
760
761
763
764
765
766
769
770
771
772
775
777
778
779
781
782
783
784
785
786
788
789
790
791
794
795
796
797
799
801
802
803
804
805
806
807
808
809
810
811
812
813
816
817
820
821
824
825
826
828
829
830
832
834
835
836
837
839
841
843
845
846
848
849
852
854
855
856
858
860
861
863
864
865
866
867
868
869
870
872
874
875
876
877
878
879
880
881
882
884
885
886
887
888
889
890
893
894
895
896
897
898
899
901
902
903
904
905
906
907
908
909
910
911
912
915
916
919
920
922
923
924
925
927
928
931
932
933
935
936
937
939
940
941
943
945
946
948
949
951
952
954
955
957
962
964
965
966
967
968
969
970
972
973
974
975
976
977
978
979
983
985
986
987
989
992
993
994
997
998
999
1002
1004
1006
1007
1008
1009
1010
1011
1012
1013
1014
1015
1016
1018
1020
1021
1023
1024
1025
1027
1028
1029
1030
1031
1032
1033
1035
1037
1038
1039
1040
1041
1042
1043
1044
1045
1046
1047
1048
1050
1051
1052
1053
1054
1055
1056
1058
1059
1061
1062
1063
1064
1066
1069
1071
1072
1073
1075
1076
1077
1080
1082
1083
1084
1086
1089
1090
1092
1093
1094
1095
1096
1097
1098
1099
1100
1101
1102
1103
1104
1107
1108
1109
1110
1111
1112
1113
1115
1117
1118
1121
1122
1123
1124
1125
1127
1128
1129
1130
1132
1134
1135
1137
1139
1140
1141
1142
1143
1145
1146
1149
1150
1151
1152
1153
1154
1155
1156
1157
1158
1159
1162
1165
1167
1168
1169
1170
1171
1172
1173
1175
1176
1177
1178
1179
1180
1181
1183
1184
1185
1187
1188
1190
1191
1193
1195
1197
1198
1199
1200
1201
1202
1203
1205
1206
1207
1209
1211
1212
1213
1214
1215
1216
1218
1219
1220
1221
1222
1223
1224
1225
1226
1227
1228
1230
1231
1233
1235
1236
1238
1239
1243
1244
1245
1246
1247
1248
1250
1251
1252
1253
1254
1256
1257
1258
1260
1262
1263
1264
1267
1268
1270
1272
1273
1276
1278
1279
1280
1281
1282
1284
1287
1289
1290
1291
1292
1293
1294
1295
1296
1297
1298
1299
1300
1301
1303
1304
1305
1306
1307
1308
1310
1312
1313
1314
1315
1316
1318
1319
1320
1321
1322
1323
1324
1326
1327
1329
1330
1331
1332
1333
1336
1337
1340
1341
1342
1343
1344
1345
1346
1347
1348
1350
1351
1354
1355
1357
1358
1359
1360
1364
1365
1366
1368
1370
1371
1372
1373
1374
1377
1378
1379
1380
1382
1383
1384
1385
1386
1387
1390
1391
1392
1394
1395
1396
1397
1398
1399
1400
1401
1403
1404
1405
1406
1407
1408
1409
1411
1412
1414
1415
1417
1419
1420
1423
1424
1425
1426
1429
1431
1432
1436
1437
1439
1441
1442
1443
1444
1446
1447
1448
1449
1450
1451
1452
1453
1454
1455
1456
1457
1460
1461
1462
1463
1465
1466
1467
1468
1469
1470
1471
1472
1473
1474
1475
1478
1482
1483
1485
1488
1489
1490
1491
1492
1493
1494
1496
1499
1500
1501
1502
1503
1504
1507
1508
1510
1513
1514
1515
1517
1518
1519
1520
1521
1522
1523
1526
1527
1528
1529
1530
1531
1532
1533
1534
1535
1536
1537
1538
1540
1541
1542
1543
1544
1546
1547
1549
1550
1551
1552
1554
1555
1556
1557
1559
1560
1561
1562
1563
1564
1565
1566
1567
1568
1569
1570
1571
1573
1574
1575
1576
1578
1579
1580
1581
1582
1583
1584
1585
1586
1588
1590
1591
1593
1594
1595
1596
1597
1600
1601
1603
1604
1605
1606
1607
1610
1612
1614
1615
1618
1619
1620
1621
1622
1623
1624
1625
1626
1627
1630
1631
1632
1635
1636
1637
1638
1639
1640
1643
1644
1645
1648
1649
1651
1653
1654
1655
1658
1660
1662
1664
1665
1666
1667
1668
1669
1670
1671
1672
1673
1674
1675
1677
1680
1682
1684
1685
1687
1688
1691
1692
1693
1694
1695
1696
1697
1700
1703
1704
1705
1706
1708
1709
1710
1712
1713
1714
1715
1717
1718
1719
1720
1721
1722
1723
1724
1725
1726
1727
1729
1732
1733
1734
1735
1736
1737
1738
1739
1740
1741
1742
1743
1745
1746
1747
1748
1749
1750
1751
1752
1753
1755
1757
1758
1759
1760
1762
1763
1764
1765
1768
1769
1770
1772
1773
1775
1776
1777
1779
1780
1781
1783
1784
1785
1786
1787
1788
1789
1792
1793
1794
1795
1796
1797
1801
1803
1804
1805
1807
1808
1810
1812
1813
1814
1815
1816
1817
1818
1820
1821
1822
1823
1824
1825
1827
1828
1830
1831
1833
1835
1836
1837
1838
1839
1840
1841
1842
1843
1846
1847
1849
1850
1851
1852
1853
1854
1856
1858
1862
1863
1864
1865
1866
1867
1868
1869
1870
1872
1873
1874
1875
1876
1879
1880
1881
1882
1883
1884
1885
1886
1887
1888
1890
1891
1892
1893
1894
1895
1898
1899
1901
1902
1903
1904
1906
1907
1908
1909
1911
1913
1914
1916
1917
1918
1919
1920
1921
1926
1927
1928
1930
1931
1932
1933
1935
1936
1937
1939
1940
1941
1943
1945
1947
1949
1950
1951
1953
1954
1956
1958
1959
1960
1961
1962
1965
1967
1968
1970
1971
1975
1976
1977
1978
1979
1980
1981
1982
1983
1984
1985
1987
1989
1990
1991
1993
1997
2000
2001
2002
2003
2004
2005
2006
2007
2008
2009
2010
2011
2012
2013
2014
2015
2016
2017
2018
2019
2020
2021
2022
2023
2024
2025
2026
2027
2028
2029
2030
2031
2033
2034
2035
2036
2037
2038
2039
2040
2041
2042
2043
2044
2046
2047
2048
2049
2050
2051
2052
2054
2056
2057
2058
2059
2061
2062
2063
2064
2065
2066
2067
2068
2069
2070
2071
2072
2073
2074
2075
2076
2077
2078
2079
2080
2082
2083
2084
