0
5
9
11
12
13
14
16
17
18
22
23
24
26
27
28
29
30
35
38
39
40
41
42
54
57
58
60
61
62
63
64
65
68
69
70
71
72
75
77
78
80
83
84
86
87
88
90
91
94
95
97
100
104
106
109
110
111
112
113
114
119
120
121
122
127
128
129
130
132
134
135
142
146
149
157
158
160
163
165
166
169
170
171
174
175
176
179
180
182
186
190
191
192
193
195
196
197
200
201
202
206
207
208
211
221
223
224
226
227
232
234
236
237
239
241
242
243
245
248
251
252
253
254
256
257
258
265
268
271
273
274
280
281
282
285
288
290
292
293
294
297
298
301
306
308
309
313
314
316
317
322
324
326
327
328
330
331
333
334
337
340
342
343
344
345
346
347
348
350
353
354
355
357
360
361
362
363
369
375
376
379
382
385
386
387
388
390
393
395
396
399
400
401
404
405
407
408
409
413
414
418
419
420
421
422
423
425
429
430
431
433
436
437
439
443
444
445
451
453
454
455
458
464
465
466
467
468
470
472
474
477
478
479
480
481
483
484
485
488
489
492
494
495
498
499
500
502
503
507
508
511
513
517
519
520
521
524
525
526
527
530
533
534
535
536
537
538
539
540
542
543
545
546
547
548
553
555
556
557
558
559
564
565
569
570
571
572
573
574
575
582
584
585
586
588
589
598
600
603
604
605
606
611
615
616
619
621
623
625
629
633
634
636
639
643
648
649
650
652
653
654
655
656
657
660
661
663
666
667
669
670
672
674
676
678
681
682
683
685
686
687
688
689
691
693
695
696
697
698
700
702
703
704
705
706
708
710
712
713
715
716
717
720
721
722
723
727
731
733
734
737
739
743
747
748
751
753
756
760
761
763
768
774
776
777
779
788
791
794
795
796
797
799
800
803
807
808
812
814
815
816
819
820
822
823
825
827
829
831
834
836
837
840
841
842
847
849
851
854
856
859
860
864
868
869
870
873
875
876
877
881
882
886
887
888
889
892
895
896
897
899
900
904
909
914
915
916
919
920
924
928
929
930
931
933
934
935
936
938
939
940
947
948
952
953
954
956
957
958
959
963
965
966
967
968
972
973
975
977
978
979
982
986
987
990
992
994
998
999
1000
1001
1003
1006
1008
1009
1010
1012
1014
1017
1021
1024
1026
1029
1030
1035
1038
1039
1042
1043
1045
1046
1048
1049
1051
1052
1055
1057
1059
1060
1061
1065
1070
1072
1076
1079
1083
1084
1087
1089
1092
1094
1096
1099
1101
1103
1104
1105
1108
1110
1111
1113
1114
1118
1119
1120
1122
1126
1127
1128
1129
1132
1133
1134
1135
1138
1140
1142
1145
1147
1151
1153
1154
1156
1162
1166
1168
1169
1170
1172
1173
1175
1177
1180
1182
1183
1185
1190
1192
1193
1194
1195
1199
1201
1202
1206
1208
1211
1212
1213
1214
1216
1218
1220
1222
1223
1225
1229
1233
1234
1235
1236
1242
1244
1246
1247
1248
1249
1254
1255
1256
1257
1260
1262
1263
1267
1269
1273
1274
1276
1279
1280
1281
1282
1283
1286
1287
1288
1290
1295
1296
1298
1299
1301
1302
1304
1305
1306
1308
1309
1311
1313
1315
1316
1318
1319
1320
1321
1322
1323
1324
1325
1327
1328
1331
1333
1336
1338
1342
1345
1349
1351
1354
1357
1358
1360
1362
1364
1365
1367
1368
1370
1373
1375
1378
1379
1380
1390
1391
1392
1393
1396
1399
1401
1406
1407
1412
1415
1416
1418
1421
1423
1427
1429
1430
1433
1436
1437
1439
1441
1442
1444
1446
1450
1452
1454
1455
1457
1460
1461
1462
1465
1469
1470
1472
1474
1476
1477
1479
1480
1484
1486
1487
1489
1493
1495
1496
1500
1501
1502
1503
1509
1513
1515
1519
1523
1525
1526
1529
1535
1536
1538
1544
1545
1548
1549
1550
1554
1555
1558
1559
1562
1566
1568
1570
1572
1573
1574
1576
1582
1583
1584
1585
1586
1587
1588
1591
1592
1593
1594
1596
1597
1599
1602
1604
1609
1610
1612
1614
1615
1616
1619
1620
1621
1622
1624
1627
1632
1633
1634
1636
1639
1640
1641
1642
1648
1650
1651
1652
1655
1656
1658
1660
1666
1668
1669
1671
1672
1673
1676
1682
1683
1685
1687
1688
1690
1693
1695
1696
1697
1698
1701
1705
1706
1710
1711
1712
1713
1715
1716
1719
1723
1724
1726
1728
1730
1731
1734
1737
1739
1740
1741
1743
1745
1746
1750
1752
1754
1755
1756
1757
1758
1759
1763
1764
1765
1768
1771
1772
1773
1775
1777
1778
1779
1780
1782
1784
1787
1789
1790
1791
1792
1793
1795
1797
1798
1808
1809
1814
1818
1820
1822
1828
1829
1831
1833
1835
1836
1837
1839
1840
1842
1845
1847
1848
1849
1850
1852
1853
1855
1857
1861
1862
1865
1867
1869
1870
1873
1881
1882
1885
1886
1887
1888
1891
1893
1895
1896
1897
1898
1899
1902
1904
1905
1906
1907
1908
1912
1913
1914
1915
1917
1918
1922
1924
1925
1926
1929
1933
1934
1936
1938
1941
1945
1950
1955
1956
1961
1964
1966
1967
1968
1969
1970
1971
1972
1973
1975
1976
1979
1981
1983
1984
1985
1987
1988
1991
1992
1993
1994
1997
1998
2000
2001
2002
2003
2004
2006
2008
2009
2011
2012
2013
2014
2015
2016
2017
2019
2020
2021
2022
2023
2024
2025
2026
2027
2028
2029
2030
2031
2032
2033
2035
2036
2037
2039
2041
2042
2043
2045
2046
2047
2048
2049
2050
2051
2052
2053
2058
2059
2060
2061
2062
2063
2064
2065
2067
2068
2069
2070
2071
2072
2073
2074
2075
2076
2078
2079
2080
2081
2083
2084
