2
3
4
5
9
10
12
13
15
17
18
19
22
23
25
26
28
29
32
33
35
37
38
39
41
42
44
47
51
53
56
57
61
62
66
71
72
73
74
75
76
77
79
83
84
85
87
88
90
91
92
93
95
97
98
99
101
103
106
107
108
110
111
114
115
118
120
121
124
128
129
130
132
133
137
138
139
142
143
148
149
150
151
153
154
156
158
163
164
165
167
170
171
172
174
175
177
178
181
182
185
186
187
188
195
196
199
201
205
207
211
215
219
221
222
223
225
228
229
230
233
236
237
238
239
241
243
244
249
252
253
255
256
257
259
260
261
266
267
269
275
280
283
285
290
292
294
295
300
301
305
307
308
311
314
315
317
318
320
321
324
326
327
328
329
330
331
332
336
338
339
340
341
345
346
347
348
351
354
355
357
358
359
361
362
363
364
365
366
367
368
371
373
376
377
379
380
381
383
388
389
390
391
392
395
399
400
401
404
405
407
409
411
413
414
417
420
422
426
427
429
430
431
432
434
437
441
442
443
444
449
451
456
462
464
465
466
473
474
477
478
482
484
485
486
490
491
492
494
501
502
503
505
508
513
515
517
519
524
529
530
532
535
536
537
539
541
543
545
546
547
548
549
553
554
556
560
563
564
567
568
569
571
574
576
579
580
581
582
583
587
590
593
600
602
603
604
608
610
613
615
617
618
619
621
622
628
629
630
638
639
642
644
646
648
649
652
653
654
655
656
657
658
659
662
665
666
668
670
675
677
679
681
685
686
688
689
690
692
693
694
695
699
700
701
702
704
705
706
708
709
710
713
718
722
723
726
727
728
730
731
732
733
735
737
739
743
744
746
747
748
751
752
753
754
755
759
760
764
767
769
771
773
776
778
781
782
783
784
785
788
792
794
797
802
803
805
808
810
811
818
820
825
826
827
830
833
834
835
836
838
839
840
842
843
844
846
848
850
856
858
863
864
865
866
867
869
870
873
878
880
881
884
885
886
887
895
897
901
902
908
911
912
915
916
917
918
919
920
921
922
924
925
927
928
930
931
932
935
939
943
944
946
947
948
949
951
952
954
955
956
957
958
963
965
967
972
974
976
977
980
981
984
987
990
991
992
993
997
998
1001
1002
1003
1004
1005
1008
1009
1011
1013
1015
1016
1017
1018
1020
1027
1031
1035
1037
1038
1040
1051
1052
1055
1056
1058
1059
1061
1064
1068
1069
1071
1074
1075
1077
1084
1085
1086
1088
1090
1095
1096
1097
1098
1099
1102
1103
1104
1105
1106
1110
1111
1118
1121
1125
1127
1129
1132
1133
1134
1135
1136
1138
1143
1144
1145
1148
1151
1155
1156
1157
1159
1163
1164
1166
1167
1169
1170
1171
1174
1175
1181
1185
1188
1190
1191
1195
1196
1197
1198
1200
1201
1202
1203
1206
1210
1212
1215
1216
1217
1218
1220
1221
1225
1226
1227
1231
1233
1234
1237
1244
1247
1249
1252
1254
1255
1257
1260
1261
1262
1263
1265
1267
1268
1269
1272
1276
1277
1280
1282
1284
1289
1292
1294
1298
1299
1300
1301
1303
1305
1306
1309
1310
1312
1313
1315
1316
1318
1319
1321
1322
1323
1324
1327
1329
1330
1331
1333
1334
1336
1337
1342
1343
1344
1345
1346
1350
1351
1352
1355
1360
1362
1364
1365
1366
1370
1372
1374
1375
1377
1378
1379
1381
1385
1391
1392
1395
1396
1403
1405
1406
1409
1410
1414
1419
1420
1421
1423
1430
1431
1433
1435
1439
1443
1444
1446
1447
1449
1452
1453
1454
1455
1458
1459
1460
1462
1463
1468
1469
1472
1475
1476
1477
1478
1479
1481
1484
1485
1488
1490
1491
1492
1496
1501
1503
1504
1505
1508
1510
1511
1514
1515
1516
1520
1521
1522
1526
1529
1530
1533
1538
1539
1544
1549
1550
1551
1554
1555
1556
1557
1558
1561
1563
1565
1567
1571
1574
1576
1577
1578
1579
1584
1589
1591
1596
1597
1598
1600
1603
1604
1605
1607
1608
1610
1611
1612
1613
1615
1617
1618
1619
1621
1622
1623
1624
1626
1628
1636
1637
1639
1640
1642
1644
1645
1647
1648
1655
1656
1658
1659
1660
1663
1664
1665
1666
1667
1669
1670
1671
1673
1675
1677
1678
1680
1681
1682
1685
1689
1690
1691
1693
1700
1702
1704
1707
1708
1709
1710
1712
1713
1718
1719
1724
1726
1728
1730
1734
1737
1738
1740
1742
1746
1747
1752
1753
1754
1757
1758
1759
1762
1764
1769
1770
1771
1775
1776
1779
1780
1781
1783
1784
1787
1788
1789
1791
1793
1794
1798
1801
1803
1805
1811
1814
1819
1822
1825
1826
1829
1833
1835
1836
1838
1839
1843
1844
1847
1853
1855
1857
1859
1860
1862
1866
1867
1868
1871
1873
1877
1879
1880
1881
1882
1883
1886
1887
1888
1889
1894
1895
1897
1899
1901
1902
1904
1905
1906
1907
1911
1913
1915
1917
1918
1919
1922
1923
1928
1929
1932
1934
1935
1936
1939
1940
1941
1942
1943
1945
1946
1948
1949
1951
1953
1954
1956
1957
1959
1960
1963
1965
1967
1969
1974
1976
1978
1979
1982
1983
1985
1987
1989
1992
1993
2000
2001
2002
2003
2004
2005
2007
2008
2009
2010
2011
2012
2013
2014
2015
2016
2017
2018
2019
2020
2021
2022
2023
2024
2025
2026
2028
2029
2030
2031
2032
2033
2034
2035
2036
2037
2038
2039
2040
2041
2042
2043
2044
2045
2046
2047
2049
2050
2051
2052
2053
2054
2055
2056
2057
2058
2059
2060
2061
2062
2063
2064
2065
2066
2067
2068
2069
2070
2072
2073
2074
2075
2076
2077
2078
2079
2080
2081
2082
2083
2084
