1
2
4
9
10
11
14
15
17
18
19
23
25
26
29
30
34
35
41
42
44
46
47
53
55
58
64
66
77
78
81
83
86
95
96
99
101
104
105
106
107
111
113
120
121
123
129
130
131
133
137
138
139
143
148
150
151
153
156
157
158
166
167
169
170
172
173
174
176
178
181
182
183
188
189
190
192
193
194
195
196
198
199
204
208
211
215
218
219
225
227
229
232
233
235
239
240
243
246
249
254
255
256
259
262
263
265
267
269
270
271
273
274
275
276
277
282
283
287
288
290
291
292
294
297
298
301
305
309
311
313
314
317
321
323
324
325
326
328
329
332
333
334
336
337
338
341
344
349
350
351
352
353
354
358
359
360
361
362
366
369
370
373
374
375
376
381
383
384
386
389
390
392
396
397
399
400
401
402
404
405
409
411
413
414
421
422
428
430
432
433
434
436
440
443
444
445
450
451
453
458
461
465
472
474
476
480
481
485
487
488
489
490
492
494
496
497
498
499
502
504
508
510
512
513
515
516
518
521
526
527
528
529
531
534
535
536
537
540
542
543
544
545
546
547
549
553
555
556
558
560
561
562
563
564
565
566
571
572
574
576
577
580
582
584
586
587
590
591
594
595
596
597
598
600
603
604
607
609
611
612
613
617
618
619
622
624
625
630
633
634
636
639
641
649
651
653
654
661
663
665
667
670
672
677
678
681
682
684
685
687
691
692
694
695
698
699
700
701
703
704
706
707
708
712
713
714
715
716
718
723
725
728
729
730
731
733
734
735
738
743
747
748
751
752
753
754
755
761
762
765
769
773
777
779
781
784
785
786
789
791
794
796
797
800
801
802
803
804
810
813
814
819
821
823
826
827
830
831
832
834
837
838
840
841
848
850
851
852
853
854
855
856
857
858
859
860
869
871
874
875
880
882
885
889
896
898
899
902
904
905
906
908
909
911
914
915
916
917
918
921
926
927
928
929
931
932
933
936
937
938
941
943
945
947
948
949
950
951
952
954
955
957
958
959
960
965
966
967
968
973
974
975
978
982
983
986
998
999
1000
1001
1003
1006
1013
1014
1016
1019
1020
1021
1023
1024
1028
1029
1030
1031
1032
1033
1035
1037
1040
1042
1043
1044
1046
1047
1050
1056
1058
1060
1063
1064
1065
1066
1070
1071
1072
1074
1075
1076
1081
1083
1085
1086
1087
1089
1091
1092
1095
1098
1102
1104
1106
1109
1110
1111
1112
1113
1115
1116
1117
1118
1119
1120
1123
1124
1125
1126
1127
1128
1130
1131
1132
1133
1135
1138
1140
1141
1142
1143
1145
1147
1148
1149
1153
1154
1155
1158
1159
1162
1163
1164
1167
1168
1170
1172
1175
1176
1177
1178
1179
1180
1184
1185
1188
1190
1191
1194
1195
1196
1197
1199
1200
1203
1204
1205
1206
1210
1212
1213
1214
1215
1216
1217
1218
1220
1221
1222
1223
1224
1225
1226
1227
1228
1230
1231
1232
1233
1234
1235
1236
1237
1241
1242
1243
1246
1250
1251
1253
1254
1255
1256
1257
1259
1261
1266
1267
1268
1269
1272
1278
1279
1280
1282
1285
1286
1288
1289
1290
1292
1293
1294
1295
1296
1297
1300
1301
1305
1307
1308
1310
1311
1312
1316
1318
1319
1320
1321
1322
1323
1324
1325
1328
1334
1335
1338
1342
1343
1345
1352
1353
1355
1356
1357
1358
1360
1361
1367
1370
1372
1375
1376
1379
1380
1382
1387
1388
1393
1396
1398
1400
1401
1402
1405
1407
1414
1415
1416
1418
1420
1421
1422
1423
1424
1425
1428
1429
1430
1432
1434
1435
1436
1442
1444
1445
1446
1447
1450
1452
1457
1458
1461
1462
1463
1465
1469
1473
1475
1477
1478
1481
1483
1486
1493
1494
1495
1496
1499
1500
1501
1502
1505
1511
1512
1513
1518
1519
1520
1522
1523
1524
1526
1540
1541
1543
1546
1549
1551
1552
1554
1555
1556
1557
1561
1564
1566
1568
1570
1571
1574
1575
1578
1584
1585
1586
1587
1589
1591
1592
1596
1598
1599
1601
1603
1605
1610
1611
1612
1613
1621
1622
1628
1629
1631
1633
1636
1637
1640
1645
1646
1648
1649
1651
1652
1654
1655
1656
1657
1658
1662
1663
1665
1666
1667
1669
1671
1672
1673
1677
1681
1686
1688
1690
1693
1697
1698
1700
1702
1703
1707
1710
1712
1714
1715
1717
1718
1720
1721
1722
1723
1725
1728
1730
1731
1732
1733
1734
1736
1737
1740
1742
1745
1746
1747
1751
1752
1755
1757
1763
1765
1771
1774
1777
1779
1780
1781
1782
1788
1790
1791
1794
1804
1806
1811
1812
1814
1818
1819
1822
1824
1826
1828
1831
1834
1836
1838
1839
1841
1842
1844
1846
1847
1848
1849
1850
1854
1860
1861
1862
1864
1865
1866
1867
1868
1869
1870
1872
1874
1875
1876
1878
1880
1881
1882
1883
1884
1885
1886
1888
1889
1891
1892
1894
1895
1897
1898
1899
1901
1903
1912
1916
1921
1922
1923
1925
1926
1928
1931
1933
1934
1935
1936
1937
1938
1942
1950
1951
1952
1954
1956
1958
1959
1960
1962
1963
1965
1969
1970
1971
1972
1973
1974
1975
1976
1977
1979
1980
1981
1982
1983
1984
1986
1987
1988
1993
1994
2000
2001
2002
2004
2005
2007
2008
2009
2011
2012
2013
2014
2015
2016
2017
2019
2020
2021
2022
2023
2024
2025
2026
2027
2028
2029
2031
2032
2033
2034
2035
2036
2037
2038
2039
2040
2041
2042
2043
2044
2045
2047
2048
2049
2050
2051
2052
2053
2054
2055
2057
2058
2059
2060
2061
2062
2063
2064
2065
2066
2067
2068
2069
2070
2071
2072
2073
2074
2075
2076
2078
2079
2080
2081
2082
2083
2084
